Id	Plate	Row	Column	Clog	Scan rate	Status sort	Status sel	TOF	EXT	Green	Yellow	Red	PH Ext	PW Ext	PC Ext	PH Green	PW Green	PCGreen	PH Yellow	PW Yellow	PCYellow	PH Red	PW Red	PCRed	Time Stamp	
0	1	A	1	N	2500	0	40	71	99	4	3	2	0	0	0	0	0	0	0	0	0	0	0	0	4224046	
1	1	A	1	N	2500	0	40	183	858	52	26	20	0	0	0	0	0	0	0	0	0	0	0	0	4224483	
2	1	A	1	N	2500	0	40	397	1655	128	52	37	0	0	0	0	0	0	0	0	0	0	0	0	4224607	
3	1	A	1	N	2500	0	40	332	1160	92	41	33	0	0	0	0	0	0	0	0	0	0	0	0	4224951	
4	1	A	1	N	2500	0	40	304	899	42	24	19	0	0	0	0	0	0	0	0	0	0	0	0	4224982	
5	1	A	1	N	2500	0	40	241	984	69	31	22	0	0	0	0	0	0	0	0	0	0	0	0	4225294	
6	1	A	1	N	2500	0	40	27	36	2	1	1	0	0	0	0	0	0	0	0	0	0	0	0	4225341	
7	1	A	1	N	2500	0	40	173	567	44	20	16	0	0	0	0	0	0	0	0	0	0	0	0	4225341	
8	1	A	1	N	2500	0	40	236	978	74	36	27	0	0	0	0	0	0	0	0	0	0	0	0	4225996	
9	1	A	1	N	2500	0	40	23	34	3	3	3	0	0	0	0	0	0	0	0	0	0	0	0	4226277	
10	1	A	1	N	2500	0	40	477	1643	103	48	35	0	0	0	0	0	0	0	0	0	0	0	0	4226573	
11	1	A	1	N	2500	0	40	36	51	14	17	22	0	0	0	0	0	0	0	0	0	0	0	0	4226651	
12	1	A	1	N	2500	0	40	312	886	54	24	20	0	0	0	0	0	0	0	0	0	0	0	0	4227025	
13	1	A	1	N	2500	0	40	309	1563	122	53	43	0	0	0	0	0	0	0	0	0	0	0	0	4227337	
14	1	A	1	N	2500	0	40	250	1212	83	41	31	0	0	0	0	0	0	0	0	0	0	0	0	4227493	
15	1	A	1	N	2500	0	40	233	834	67	33	21	0	0	0	0	0	0	0	0	0	0	0	0	4227509	
16	1	A	1	N	2500	0	40	38	63	14	16	22	0	0	0	0	0	0	0	0	0	0	0	0	4227525	
17	1	A	1	N	2500	0	40	545	1490	78	37	32	0	0	0	0	0	0	0	0	0	0	0	0	4227571	
18	1	A	1	N	2500	0	40	315	920	74	29	19	0	0	0	0	0	0	0	0	0	0	0	0	4227618	
19	1	A	1	N	2500	0	40	79	99	5	5	3	0	0	0	0	0	0	0	0	0	0	0	0	4227618	
20	1	A	1	N	2500	0	40	32	37	1	1	1	0	0	0	0	0	0	0	0	0	0	0	0	4227712	
21	1	A	1	N	2500	0	40	26	52	17	21	27	0	0	0	0	0	0	0	0	0	0	0	0	4227805	
22	1	A	1	N	2500	0	40	393	1509	104	47	38	0	0	0	0	0	0	0	0	0	0	0	0	4227805	
23	1	A	1	N	2500	0	40	435	1473	101	51	39	0	0	0	0	0	0	0	0	0	0	0	0	4228102	
24	1	A	1	N	2500	0	40	340	1570	116	53	43	0	0	0	0	0	0	0	0	0	0	0	0	4228164	
25	1	A	1	N	2500	0	40	474	1825	126	55	43	0	0	0	0	0	0	0	0	0	0	0	0	4228305	
26	1	A	1	N	2500	0	40	241	1292	77	39	30	0	0	0	0	0	0	0	0	0	0	0	0	4228632	
27	1	A	1	N	2500	0	40	453	1303	77	42	33	0	0	0	0	0	0	0	0	0	0	0	0	4228648	
28	1	A	1	N	2500	0	40	524	1552	104	45	34	0	0	0	0	0	0	0	0	0	0	0	0	4228741	
29	1	A	1	N	2500	0	40	173	1119	80	42	30	0	0	0	0	0	0	0	0	0	0	0	0	4228897	
30	1	A	1	N	2500	0	40	387	1394	99	41	35	0	0	0	0	0	0	0	0	0	0	0	0	4229287	
31	1	A	1	N	2500	0	40	25	46	5	3	3	0	0	0	0	0	0	0	0	0	0	0	0	4229287	
32	1	A	1	N	2500	0	40	38	81	18	22	23	0	0	0	0	0	0	0	0	0	0	0	0	4230114	
33	1	A	1	N	2500	0	40	29	59	12	13	12	0	0	0	0	0	0	0	0	0	0	0	0	4230504	
34	1	A	1	N	2500	0	40	38	73	3	2	2	0	0	0	0	0	0	0	0	0	0	0	0	4230988	
35	1	B	1	N	2500	0	40	25	63	11	14	13	0	0	0	0	0	0	0	0	0	0	0	0	4238304	
36	1	B	1	N	2500	0	40	28	55	13	16	18	0	0	0	0	0	0	0	0	0	0	0	0	4238304	
37	1	B	1	N	2500	0	40	38	60	6	5	6	0	0	0	0	0	0	0	0	0	0	0	0	4238445	
38	1	B	1	N	2500	0	40	285	985	63	28	18	0	0	0	0	0	0	0	0	0	0	0	0	4238445	
39	1	B	1	N	2500	0	40	195	846	48	26	18	0	0	0	0	0	0	0	0	0	0	0	0	4239396	
40	1	B	1	N	2500	0	40	151	760	56	25	21	0	0	0	0	0	0	0	0	0	0	0	0	4239521	
41	1	B	1	N	2500	0	40	441	1338	77	36	25	0	0	0	0	0	0	0	0	0	0	0	0	4239833	
42	1	B	1	N	2500	0	40	45	51	1	0	0	0	0	0	0	0	0	0	0	0	0	0	0	4240129	
43	1	B	1	N	2500	0	40	22	35	1	0	0	0	0	0	0	0	0	0	0	0	0	0	0	4240441	
44	1	B	1	N	2500	0	40	33	54	10	10	9	0	0	0	0	0	0	0	0	0	0	0	0	4240551	
45	1	B	1	N	2500	0	40	213	643	30	15	13	0	0	0	0	0	0	0	0	0	0	0	0	4240769	
46	1	B	1	N	2500	0	40	40	62	18	24	28	0	0	0	0	0	0	0	0	0	0	0	0	4240972	
47	1	B	1	N	2500	0	40	32	56	4	3	4	0	0	0	0	0	0	0	0	0	0	0	0	4241097	
48	1	B	1	N	2500	0	40	282	1071	70	34	26	0	0	0	0	0	0	0	0	0	0	0	0	4241362	
49	1	B	1	N	2500	0	40	35	70	18	19	21	0	0	0	0	0	0	0	0	0	0	0	0	4242064	
50	1	B	1	N	2500	0	40	22	36	4	2	2	0	0	0	0	0	0	0	0	0	0	0	0	4242079	
51	1	B	1	N	2500	0	40	294	1016	75	32	23	0	0	0	0	0	0	0	0	0	0	0	0	4242142	
52	1	B	1	N	2500	0	40	316	1164	87	38	31	0	0	0	0	0	0	0	0	0	0	0	0	4242157	
53	1	B	1	N	2500	0	40	30	72	4	3	2	0	0	0	0	0	0	0	0	0	0	0	0	4242173	
54	1	B	1	N	2500	0	40	36	70	20	23	30	0	0	0	0	0	0	0	0	0	0	0	0	4242173	
55	1	B	1	N	2500	0	40	75	164	14	15	17	0	0	0	0	0	0	0	0	0	0	0	0	4242173	
56	1	B	1	N	2500	0	40	191	555	25	15	11	0	0	0	0	0	0	0	0	0	0	0	0	4242641	
57	1	B	1	N	2500	0	40	312	1051	71	33	23	0	0	0	0	0	0	0	0	0	0	0	0	4242703	
58	1	B	1	N	2500	0	40	48	70	3	1	2	0	0	0	0	0	0	0	0	0	0	0	0	4242735	
59	1	B	1	N	2500	0	40	132	554	34	15	12	0	0	0	0	0	0	0	0	0	0	0	0	4243125	
60	1	B	1	N	2500	0	40	26	65	11	12	12	0	0	0	0	0	0	0	0	0	0	0	0	4243483	
61	1	B	1	N	2500	0	40	195	830	50	25	19	0	0	0	0	0	0	0	0	0	0	0	0	4243530	
62	1	B	1	N	2500	0	40	269	958	70	32	25	0	0	0	0	0	0	0	0	0	0	0	0	4243936	
63	1	B	1	N	2500	0	40	223	601	35	17	14	0	0	0	0	0	0	0	0	0	0	0	0	4244497	
64	1	B	1	N	2500	0	40	30	33	2	1	3	0	0	0	0	0	0	0	0	0	0	0	0	4244622	
65	1	B	1	N	2500	0	40	178	849	48	26	17	0	0	0	0	0	0	0	0	0	0	0	0	4245293	
66	1	B	1	N	2500	0	40	28	37	1	1	2	0	0	0	0	0	0	0	0	0	0	0	0	4245309	
67	1	C	1	N	2500	0	40	203	694	33	16	12	0	0	0	0	0	0	0	0	0	0	0	0	4253031	
68	1	C	1	N	2500	0	40	245	807	50	25	18	0	0	0	0	0	0	0	0	0	0	0	0	4253436	
69	1	C	1	N	2500	0	40	235	741	53	23	18	0	0	0	0	0	0	0	0	0	0	0	0	4253904	
70	1	C	1	N	2500	0	40	214	837	51	27	23	0	0	0	0	0	0	0	0	0	0	0	0	4253920	
71	1	C	1	N	2500	0	40	170	701	52	27	18	0	0	0	0	0	0	0	0	0	0	0	0	4254310	
72	1	C	1	N	2500	0	40	282	711	43	20	15	0	0	0	0	0	0	0	0	0	0	0	0	4254357	
73	1	C	1	N	2500	0	40	279	754	47	23	19	0	0	0	0	0	0	0	0	0	0	0	0	4254559	
74	1	C	1	N	2500	0	40	276	719	43	17	13	0	0	0	0	0	0	0	0	0	0	0	0	4254606	
75	1	C	1	N	2500	0	40	47	86	3	2	3	0	0	0	0	0	0	0	0	0	0	0	0	4254747	
76	1	C	1	N	2500	0	40	323	1160	74	35	25	0	0	0	0	0	0	0	0	0	0	0	0	4255261	
77	1	C	1	N	2500	0	40	174	651	50	23	18	0	0	0	0	0	0	0	0	0	0	0	0	4255308	
78	1	C	1	N	2500	0	40	100	153	7	3	3	0	0	0	0	0	0	0	0	0	0	0	0	4255433	
79	1	C	1	N	2500	0	40	28	23	1	0	1	0	0	0	0	0	0	0	0	0	0	0	0	4255433	
80	1	C	1	N	2500	0	40	134	411	20	11	12	0	0	0	0	0	0	0	0	0	0	0	0	4255433	
81	1	C	1	N	2500	0	40	259	770	59	29	22	0	0	0	0	0	0	0	0	0	0	0	0	4255995	
82	1	C	1	N	2500	0	40	220	663	33	19	16	0	0	0	0	0	0	0	0	0	0	0	0	4256135	
83	1	C	1	N	2500	0	40	36	91	6	6	6	0	0	0	0	0	0	0	0	0	0	0	0	4256837	
84	1	C	1	N	2500	0	40	31	77	3	2	1	0	0	0	0	0	0	0	0	0	0	0	0	4257040	
85	1	C	1	N	2500	0	40	40	81	12	12	11	0	0	0	0	0	0	0	0	0	0	0	0	4257040	
86	1	C	1	N	2500	0	40	136	599	34	19	20	0	0	0	0	0	0	0	0	0	0	0	0	4257040	
87	1	C	1	N	2500	0	40	38	68	3	1	1	0	0	0	0	0	0	0	0	0	0	0	0	4257477	
88	1	C	1	N	2500	0	40	182	586	32	15	13	0	0	0	0	0	0	0	0	0	0	0	0	4257539	
89	1	C	1	N	2500	0	40	20	20	0	0	1	0	0	0	0	0	0	0	0	0	0	0	0	4257601	
90	1	C	1	N	2500	0	40	304	900	60	26	20	0	0	0	0	0	0	0	0	0	0	0	0	4257617	
91	1	C	1	N	2500	0	40	149	678	52	22	18	0	0	0	0	0	0	0	0	0	0	0	0	4257633	
92	1	C	1	N	2500	0	40	222	618	40	19	14	0	0	0	0	0	0	0	0	0	0	0	0	4257820	
93	1	C	1	N	2500	0	40	227	650	36	17	15	0	0	0	0	0	0	0	0	0	0	0	0	4258038	
94	1	C	1	N	2500	0	40	23	25	1	0	0	0	0	0	0	0	0	0	0	0	0	0	0	4258038	
95	1	C	1	N	2500	0	40	42	91	6	6	5	0	0	0	0	0	0	0	0	0	0	0	0	4258038	
96	1	C	1	N	2500	0	40	23	35	2	2	2	0	0	0	0	0	0	0	0	0	0	0	0	4258163	
97	1	C	1	N	2500	0	40	276	1032	68	32	23	0	0	0	0	0	0	0	0	0	0	0	0	4258475	
98	1	C	1	N	2500	0	40	163	748	46	22	18	0	0	0	0	0	0	0	0	0	0	0	0	4258631	
99	1	C	1	N	2500	0	40	294	841	46	19	17	0	0	0	0	0	0	0	0	0	0	0	0	4258662	
100	1	C	1	N	2500	0	40	29	58	2	1	1	0	0	0	0	0	0	0	0	0	0	0	0	4258771	
101	1	C	1	N	2500	0	40	28	54	16	19	22	0	0	0	0	0	0	0	0	0	0	0	0	4258771	
102	1	C	1	N	2500	0	40	247	827	51	21	20	0	0	0	0	0	0	0	0	0	0	0	0	4259380	
103	1	C	1	N	2500	0	40	181	698	46	23	17	0	0	0	0	0	0	0	0	0	0	0	0	4259661	
104	1	C	1	N	2500	0	40	23	44	9	9	11	0	0	0	0	0	0	0	0	0	0	0	0	4260113	
105	1	C	1	N	2500	0	40	33	70	13	14	13	0	0	0	0	0	0	0	0	0	0	0	0	4260113	
106	1	C	1	N	2500	0	40	22	53	9	8	7	0	0	0	0	0	0	0	0	0	0	0	0	4260113	
107	1	C	1	N	2500	0	40	253	684	37	19	12	0	0	0	0	0	0	0	0	0	0	0	0	4260160	
108	1	D	1	N	2500	0	40	307	550	33	15	12	0	0	0	0	0	0	0	0	0	0	0	0	4267773	
109	1	D	1	N	2500	0	40	26	47	3	2	2	0	0	0	0	0	0	0	0	0	0	0	0	4267882	
110	1	D	1	N	2500	0	40	23	40	3	2	3	0	0	0	0	0	0	0	0	0	0	0	0	4267882	
111	1	D	1	N	2500	0	40	233	553	25	12	11	0	0	0	0	0	0	0	0	0	0	0	0	4267913	
112	1	D	1	N	2500	0	40	259	766	33	19	14	0	0	0	0	0	0	0	0	0	0	0	0	4268631	
113	1	D	1	N	2500	0	40	318	739	38	18	13	0	0	0	0	0	0	0	0	0	0	0	0	4268911	
114	1	D	1	N	2500	0	40	222	601	29	18	13	0	0	0	0	0	0	0	0	0	0	0	0	4268958	
115	1	D	1	N	2500	0	40	198	526	31	17	12	0	0	0	0	0	0	0	0	0	0	0	0	4269005	
116	1	D	1	N	2500	0	40	314	697	37	16	16	0	0	0	0	0	0	0	0	0	0	0	0	4269411	
117	1	D	1	N	2500	0	40	25	64	9	9	8	0	0	0	0	0	0	0	0	0	0	0	0	4269629	
118	1	D	1	N	2500	0	40	25	40	2	1	1	0	0	0	0	0	0	0	0	0	0	0	0	4270175	
119	1	D	1	N	2500	0	40	21	19	1	0	0	0	0	0	0	0	0	0	0	0	0	0	0	4270627	
120	1	D	1	N	2500	0	40	22	33	1	1	1	0	0	0	0	0	0	0	0	0	0	0	0	4271189	
121	1	D	1	N	2500	0	40	37	72	2	1	1	0	0	0	0	0	0	0	0	0	0	0	0	4271205	
122	1	D	1	N	2500	0	40	120	554	28	18	14	0	0	0	0	0	0	0	0	0	0	0	0	4271361	
123	1	D	1	N	2500	0	40	233	595	27	17	16	0	0	0	0	0	0	0	0	0	0	0	0	4271454	
124	1	D	1	N	2500	0	40	39	86	17	24	25	0	0	0	0	0	0	0	0	0	0	0	0	4271501	
125	1	D	1	N	2500	0	40	221	590	32	16	12	0	0	0	0	0	0	0	0	0	0	0	0	4271517	
126	1	D	1	N	2500	0	40	43	78	16	21	27	0	0	0	0	0	0	0	0	0	0	0	0	4271548	
127	1	D	1	N	2500	0	40	265	645	30	15	11	0	0	0	0	0	0	0	0	0	0	0	0	4271563	
128	1	D	1	N	2500	0	40	170	511	29	12	9	0	0	0	0	0	0	0	0	0	0	0	0	4271626	
129	1	D	1	N	2500	0	40	136	451	23	12	9	0	0	0	0	0	0	0	0	0	0	0	0	4271704	
130	1	D	1	N	2500	0	40	142	386	23	12	9	0	0	0	0	0	0	0	0	0	0	0	0	4271766	
131	1	D	1	N	2500	0	40	36	66	2	1	1	0	0	0	0	0	0	0	0	0	0	0	0	4271938	
132	1	D	1	N	2500	0	40	222	643	30	15	14	0	0	0	0	0	0	0	0	0	0	0	0	4272016	
133	1	D	1	N	2500	0	40	246	599	27	14	14	0	0	0	0	0	0	0	0	0	0	0	0	4272250	
134	1	D	1	N	2500	0	40	216	493	23	12	10	0	0	0	0	0	0	0	0	0	0	0	0	4272655	
135	1	D	1	N	2500	0	40	286	762	38	18	13	0	0	0	0	0	0	0	0	0	0	0	0	4272905	
136	1	D	1	N	2500	0	40	276	686	34	16	15	0	0	0	0	0	0	0	0	0	0	0	0	4272905	
137	1	D	1	N	2500	0	40	304	713	30	17	15	0	0	0	0	0	0	0	0	0	0	0	0	4272921	
138	1	D	1	N	2500	0	40	272	635	32	17	13	0	0	0	0	0	0	0	0	0	0	0	0	4272952	
139	1	D	1	N	2500	0	40	28	51	7	7	6	0	0	0	0	0	0	0	0	0	0	0	0	4273170	
140	1	D	1	N	2500	0	40	164	537	30	15	11	0	0	0	0	0	0	0	0	0	0	0	0	4273342	
141	1	D	1	N	2500	0	40	304	1013	69	32	24	0	0	0	0	0	0	0	0	0	0	0	0	4273857	
142	1	D	1	N	2500	0	40	231	626	31	15	17	0	0	0	0	0	0	0	0	0	0	0	0	4274169	
143	1	D	1	N	2500	0	40	27	35	2	0	0	0	0	0	0	0	0	0	0	0	0	0	0	4274340	
144	1	D	1	N	2500	0	40	304	717	25	16	17	0	0	0	0	0	0	0	0	0	0	0	0	4274465	
145	1	D	1	N	2500	0	40	180	509	22	13	10	0	0	0	0	0	0	0	0	0	0	0	0	4274574	
146	1	D	1	N	2500	0	40	241	582	31	15	11	0	0	0	0	0	0	0	0	0	0	0	0	4274621	
147	1	D	1	N	2500	0	40	186	628	32	19	14	0	0	0	0	0	0	0	0	0	0	0	0	4274808	
148	1	D	1	N	2500	0	40	35	87	4	3	3	0	0	0	0	0	0	0	0	0	0	0	0	4274917	
149	1	D	1	N	2500	0	40	33	63	15	16	20	0	0	0	0	0	0	0	0	0	0	0	0	4275105	
150	1	E	1	N	2500	0	40	28	43	8	8	7	0	0	0	0	0	0	0	0	0	0	0	0	4282593	
151	1	E	1	N	2500	0	40	283	654	27	15	11	0	0	0	0	0	0	0	0	0	0	0	0	4282749	
152	1	E	1	N	2500	0	40	77	344	12	8	4	0	0	0	0	0	0	0	0	0	0	0	0	4282951	
153	1	E	1	N	2500	0	40	163	339	13	8	7	0	0	0	0	0	0	0	0	0	0	0	0	4283217	
154	1	E	1	N	2500	0	40	153	237	10	6	7	0	0	0	0	0	0	0	0	0	0	0	0	4283341	
155	1	E	1	N	2500	0	40	32	52	9	10	10	0	0	0	0	0	0	0	0	0	0	0	0	4284075	
156	1	E	1	N	2500	0	40	236	493	18	10	11	0	0	0	0	0	0	0	0	0	0	0	0	4284090	
157	1	E	1	N	2500	0	40	36	49	11	11	12	0	0	0	0	0	0	0	0	0	0	0	0	4284262	
158	1	E	1	N	2500	0	40	101	233	10	5	6	0	0	0	0	0	0	0	0	0	0	0	0	4284480	
159	1	E	1	N	2500	0	40	207	409	15	9	8	0	0	0	0	0	0	0	0	0	0	0	0	4284823	
160	1	E	1	N	2500	0	40	185	680	44	23	16	0	0	0	0	0	0	0	0	0	0	0	0	4284948	
161	1	E	1	N	2500	0	40	106	268	12	7	7	0	0	0	0	0	0	0	0	0	0	0	0	4284948	
162	1	E	1	N	2500	0	40	227	445	21	10	8	0	0	0	0	0	0	0	0	0	0	0	0	4285042	
163	1	E	1	N	2500	0	40	138	324	15	10	9	0	0	0	0	0	0	0	0	0	0	0	0	4285213	
164	1	E	1	N	2500	0	40	40	82	17	19	24	0	0	0	0	0	0	0	0	0	0	0	0	4285557	
165	1	E	1	N	2500	0	40	24	50	6	5	5	0	0	0	0	0	0	0	0	0	0	0	0	4285791	
166	1	E	1	N	2500	0	40	25	59	2	1	1	0	0	0	0	0	0	0	0	0	0	0	0	4285791	
167	1	E	1	N	2500	0	40	132	288	10	7	7	0	0	0	0	0	0	0	0	0	0	0	0	4286337	
168	1	E	1	N	2500	0	40	120	412	18	11	11	0	0	0	0	0	0	0	0	0	0	0	0	4286742	
169	1	E	1	N	2500	0	40	246	450	23	10	8	0	0	0	0	0	0	0	0	0	0	0	0	4286898	
170	1	E	1	N	2500	0	40	34	61	3	2	2	0	0	0	0	0	0	0	0	0	0	0	0	4287179	
171	1	E	1	N	2500	0	40	99	267	8	6	7	0	0	0	0	0	0	0	0	0	0	0	0	4287397	
172	1	E	1	N	2500	0	40	153	285	11	7	6	0	0	0	0	0	0	0	0	0	0	0	0	4287741	
173	1	E	1	N	2500	0	40	206	375	14	8	10	0	0	0	0	0	0	0	0	0	0	0	0	4287741	
174	1	E	1	N	2500	0	40	189	400	17	9	8	0	0	0	0	0	0	0	0	0	0	0	0	4287741	
175	1	E	1	N	2500	0	40	32	62	11	10	8	0	0	0	0	0	0	0	0	0	0	0	0	4288037	
176	1	E	1	N	2500	0	40	108	236	12	10	9	0	0	0	0	0	0	0	0	0	0	0	0	4288973	
177	1	E	1	N	2500	0	40	23	35	4	0	0	0	0	0	0	0	0	0	0	0	0	0	0	4289379	
178	1	E	1	N	2500	0	40	21	23	0	0	0	0	0	0	0	0	0	0	0	0	0	0	0	4289800	
179	1	F	1	N	2500	0	40	51	90	14	3	3	0	0	0	0	0	0	0	0	0	0	0	0	4297163	
180	1	F	1	N	2500	0	40	54	68	8	3	2	0	0	0	0	0	0	0	0	0	0	0	0	4297163	
181	1	F	1	N	2500	0	40	25	29	2	1	1	0	0	0	0	0	0	0	0	0	0	0	0	4297179	
182	1	F	1	N	2500	0	40	25	27	2	0	0	0	0	0	0	0	0	0	0	0	0	0	0	4297179	
183	1	F	1	N	2500	0	40	157	283	9	5	5	0	0	0	0	0	0	0	0	0	0	0	0	4297491	
184	1	F	1	N	2500	0	40	32	74	3	2	1	0	0	0	0	0	0	0	0	0	0	0	0	4297506	
185	1	F	1	N	2500	0	40	64	69	2	2	1	0	0	0	0	0	0	0	0	0	0	0	0	4297647	
186	1	F	1	N	2500	0	40	184	306	13	6	6	0	0	0	0	0	0	0	0	0	0	0	0	4297647	
187	1	F	1	N	2500	0	40	169	310	12	7	6	0	0	0	0	0	0	0	0	0	0	0	0	4298333	
188	1	F	1	N	2500	0	40	126	165	7	4	4	0	0	0	0	0	0	0	0	0	0	0	0	4299051	
189	1	F	1	N	2500	0	40	73	91	3	0	2	0	0	0	0	0	0	0	0	0	0	0	0	4299082	
190	1	F	1	N	2500	0	40	58	71	2	1	1	0	0	0	0	0	0	0	0	0	0	0	0	4299082	
191	1	F	1	N	2500	0	40	164	348	20	10	9	0	0	0	0	0	0	0	0	0	0	0	0	4299160	
192	1	F	1	N	2500	0	40	90	109	4	2	4	0	0	0	0	0	0	0	0	0	0	0	0	4299909	
193	1	F	1	N	2500	0	40	67	131	7	5	6	0	0	0	0	0	0	0	0	0	0	0	0	4299909	
194	1	F	1	N	2500	0	40	174	279	10	7	8	0	0	0	0	0	0	0	0	0	0	0	0	4300345	
195	1	F	1	N	2500	0	40	123	283	14	8	8	0	0	0	0	0	0	0	0	0	0	0	0	4300751	
196	1	F	1	N	2500	0	40	34	71	10	10	10	0	0	0	0	0	0	0	0	0	0	0	0	4301016	
197	1	F	1	N	2500	0	40	203	362	16	7	8	0	0	0	0	0	0	0	0	0	0	0	0	4301157	
198	1	F	1	N	2500	0	40	136	244	9	6	8	0	0	0	0	0	0	0	0	0	0	0	0	4301266	
199	1	F	1	N	2500	0	40	31	48	2	1	1	0	0	0	0	0	0	0	0	0	0	0	0	4301687	
200	1	F	1	N	2500	0	40	32	73	10	11	11	0	0	0	0	0	0	0	0	0	0	0	0	4301781	
201	1	F	1	N	2500	0	40	174	273	12	6	7	0	0	0	0	0	0	0	0	0	0	0	0	4301937	
202	1	F	1	N	2500	0	40	70	97	7	2	2	0	0	0	0	0	0	0	0	0	0	0	0	4301952	
203	1	F	1	N	2500	0	40	171	268	10	6	6	0	0	0	0	0	0	0	0	0	0	0	0	4302217	
204	1	F	1	N	2500	0	40	182	275	10	7	7	0	0	0	0	0	0	0	0	0	0	0	0	4302529	
205	1	F	1	N	2500	0	40	25	20	1	0	1	0	0	0	0	0	0	0	0	0	0	0	0	4302670	
206	1	F	1	N	2500	0	40	191	296	11	7	9	0	0	0	0	0	0	0	0	0	0	0	0	4302873	
207	1	F	1	N	2500	0	40	35	67	10	9	10	0	0	0	0	0	0	0	0	0	0	0	0	4303575	
208	1	F	1	N	2500	0	40	27	57	16	20	23	0	0	0	0	0	0	0	0	0	0	0	0	4303575	
209	1	F	1	N	2500	0	40	174	279	10	7	5	0	0	0	0	0	0	0	0	0	0	0	0	4303684	
210	1	F	1	N	2500	0	40	65	133	5	3	4	0	0	0	0	0	0	0	0	0	0	0	0	4303715	
211	1	F	1	N	2500	0	40	27	51	7	7	8	0	0	0	0	0	0	0	0	0	0	0	0	4303777	
212	1	F	1	N	2500	0	40	45	81	2	0	1	0	0	0	0	0	0	0	0	0	0	0	0	4303777	
213	1	F	1	N	2500	0	40	187	295	9	6	5	0	0	0	0	0	0	0	0	0	0	0	0	4304089	
214	1	F	1	N	2500	0	40	107	247	14	6	7	0	0	0	0	0	0	0	0	0	0	0	0	4304573	
215	1	G	1	N	2500	0	40	20	31	2	0	0	0	0	0	0	0	0	0	0	0	0	0	0	4312092	
216	1	G	1	N	2500	0	40	51	45	2	1	1	0	0	0	0	0	0	0	0	0	0	0	0	4312295	
217	1	G	1	N	2500	0	40	56	101	3	1	3	0	0	0	0	0	0	0	0	0	0	0	0	4312420	
218	1	G	1	N	2500	0	40	54	45	2	1	1	0	0	0	0	0	0	0	0	0	0	0	0	4312966	
219	1	G	1	N	2500	0	40	35	70	5	4	3	0	0	0	0	0	0	0	0	0	0	0	0	4312966	
220	1	G	1	N	2500	0	40	30	50	3	2	1	0	0	0	0	0	0	0	0	0	0	0	0	4312966	
221	1	G	1	N	2500	0	40	92	120	4	3	2	0	0	0	0	0	0	0	0	0	0	0	0	4313278	
222	1	G	1	N	2500	0	40	54	88	2	2	2	0	0	0	0	0	0	0	0	0	0	0	0	4313293	
223	1	G	1	N	2500	0	40	64	157	3	1	2	0	0	0	0	0	0	0	0	0	0	0	0	4313543	
224	1	G	1	N	2500	0	40	26	52	2	1	0	0	0	0	0	0	0	0	0	0	0	0	0	4313543	
225	1	G	1	N	2500	0	40	49	75	3	2	2	0	0	0	0	0	0	0	0	0	0	0	0	4313699	
226	1	G	1	N	2500	0	40	34	60	10	9	8	0	0	0	0	0	0	0	0	0	0	0	0	4313699	
227	1	G	1	N	2500	0	40	75	102	2	2	1	0	0	0	0	0	0	0	0	0	0	0	0	4313871	
228	1	G	1	N	2500	0	40	47	98	4	2	2	0	0	0	0	0	0	0	0	0	0	0	0	4314651	
229	1	G	1	N	2500	0	40	32	34	2	0	1	0	0	0	0	0	0	0	0	0	0	0	0	4314838	
230	1	G	1	N	2500	0	40	31	45	2	3	3	0	0	0	0	0	0	0	0	0	0	0	0	4314916	
231	1	G	1	N	2500	0	40	65	77	4	2	2	0	0	0	0	0	0	0	0	0	0	0	0	4314978	
232	1	G	1	N	2500	0	40	32	43	2	0	0	0	0	0	0	0	0	0	0	0	0	0	0	4315571	
233	1	G	1	N	2500	0	40	76	138	3	3	2	0	0	0	0	0	0	0	0	0	0	0	0	4315633	
234	1	G	1	N	2500	0	40	74	151	4	2	2	0	0	0	0	0	0	0	0	0	0	0	0	4315711	
235	1	G	1	N	2500	0	40	72	107	3	3	2	0	0	0	0	0	0	0	0	0	0	0	0	4315743	
236	1	G	1	N	2500	0	40	122	135	4	2	2	0	0	0	0	0	0	0	0	0	0	0	0	4315789	
237	1	G	1	N	2500	0	40	49	92	4	2	2	0	0	0	0	0	0	0	0	0	0	0	0	4316257	
238	1	G	1	N	2500	0	40	32	55	9	11	14	0	0	0	0	0	0	0	0	0	0	0	0	4316257	
239	1	G	1	N	2500	0	40	82	76	4	2	2	0	0	0	0	0	0	0	0	0	0	0	0	4316351	
240	1	G	1	N	2500	0	40	40	38	2	1	1	0	0	0	0	0	0	0	0	0	0	0	0	4316351	
241	1	G	1	N	2500	0	40	43	110	3	2	2	0	0	0	0	0	0	0	0	0	0	0	0	4316445	
242	1	G	1	N	2500	0	40	93	100	3	2	1	0	0	0	0	0	0	0	0	0	0	0	0	4316507	
243	1	G	1	N	2500	0	40	48	94	2	2	1	0	0	0	0	0	0	0	0	0	0	0	0	4316616	
244	1	G	1	N	2500	0	40	21	17	0	0	0	0	0	0	0	0	0	0	0	0	0	0	0	4317147	
245	1	G	1	N	2500	0	40	98	118	3	2	2	0	0	0	0	0	0	0	0	0	0	0	0	4317630	
246	1	G	1	N	2500	0	40	27	30	1	0	1	0	0	0	0	0	0	0	0	0	0	0	0	4317973	
247	1	G	1	N	2500	0	40	49	79	3	2	1	0	0	0	0	0	0	0	0	0	0	0	0	4318067	
248	1	G	1	N	2500	0	40	45	89	14	17	28	0	0	0	0	0	0	0	0	0	0	0	0	4318067	
249	1	G	1	N	2500	0	40	32	52	8	7	6	0	0	0	0	0	0	0	0	0	0	0	0	4318067	
250	1	G	1	N	2500	0	40	78	111	4	2	2	0	0	0	0	0	0	0	0	0	0	0	0	4318301	
251	1	G	1	N	2500	0	40	65	99	2	1	2	0	0	0	0	0	0	0	0	0	0	0	0	4318566	
252	1	G	1	N	2500	0	40	47	59	1	1	1	0	0	0	0	0	0	0	0	0	0	0	0	4318738	
253	1	G	1	N	2500	0	40	90	133	4	2	2	0	0	0	0	0	0	0	0	0	0	0	0	4319097	
254	1	A	2	N	2500	0	40	368	1450	96	45	35	0	0	0	0	0	0	0	0	0	0	0	0	4328114	
255	1	A	2	N	2500	0	40	31	62	4	2	2	0	0	0	0	0	0	0	0	0	0	0	0	4328426	
256	1	A	2	N	2500	0	40	36	64	3	3	4	0	0	0	0	0	0	0	0	0	0	0	0	4328488	
257	1	A	2	N	2500	0	40	22	43	2	2	2	0	0	0	0	0	0	0	0	0	0	0	0	4328862	
258	1	A	2	N	2500	0	40	21	30	9	8	10	0	0	0	0	0	0	0	0	0	0	0	0	4329065	
259	1	A	2	N	2500	0	40	29	67	3	3	2	0	0	0	0	0	0	0	0	0	0	0	0	4329128	
260	1	A	2	N	2500	0	40	305	1383	88	45	35	0	0	0	0	0	0	0	0	0	0	0	0	4329190	
261	1	A	2	N	2500	0	40	37	72	3	2	2	0	0	0	0	0	0	0	0	0	0	0	0	4329564	
262	1	A	2	N	2500	0	40	35	80	4	3	3	0	0	0	0	0	0	0	0	0	0	0	0	4329674	
263	1	A	2	N	2500	0	40	28	61	3	2	3	0	0	0	0	0	0	0	0	0	0	0	0	4329674	
264	1	A	2	N	2500	0	40	256	1289	86	45	33	0	0	0	0	0	0	0	0	0	0	0	0	4329705	
265	1	A	2	N	2500	0	40	32	72	5	3	6	0	0	0	0	0	0	0	0	0	0	0	0	4329720	
266	1	A	2	N	2500	0	40	22	53	3	2	2	0	0	0	0	0	0	0	0	0	0	0	0	4329720	
267	1	A	2	N	2500	0	40	28	65	5	5	3	0	0	0	0	0	0	0	0	0	0	0	0	4330126	
268	1	A	2	N	2500	0	40	577	2967	66	37	40	0	0	0	0	0	0	0	0	0	0	0	0	4330329	
269	1	A	2	N	2500	0	40	22	42	4	4	3	0	0	0	0	0	0	0	0	0	0	0	0	4330578	
270	1	A	2	N	2500	0	40	24	23	2	2	2	0	0	0	0	0	0	0	0	0	0	0	0	4330594	
271	1	A	2	N	2500	0	40	28	41	1	0	0	0	0	0	0	0	0	0	0	0	0	0	0	4330625	
272	1	A	2	N	2500	0	40	34	86	18	20	19	0	0	0	0	0	0	0	0	0	0	0	0	4331015	
273	1	A	2	N	2500	0	40	336	739	35	21	17	0	0	0	0	0	0	0	0	0	0	0	0	4331015	
274	1	A	2	N	2500	0	40	324	1300	73	35	28	0	0	0	0	0	0	0	0	0	0	0	0	4331483	
275	1	A	2	N	2500	0	40	30	31	2	2	4	0	0	0	0	0	0	0	0	0	0	0	0	4331577	
276	1	A	2	N	2500	0	40	25	22	1	1	2	0	0	0	0	0	0	0	0	0	0	0	0	4331577	
277	1	A	2	N	2500	0	40	251	834	57	31	25	0	0	0	0	0	0	0	0	0	0	0	0	4331795	
278	1	A	2	N	2500	0	40	288	1219	86	37	29	0	0	0	0	0	0	0	0	0	0	0	0	4332029	
279	1	A	2	N	2500	0	40	292	953	50	25	18	0	0	0	0	0	0	0	0	0	0	0	0	4332123	
280	1	A	2	N	2500	0	40	230	1118	100	46	35	0	0	0	0	0	0	0	0	0	0	0	0	4332138	
281	1	A	2	N	2500	0	40	408	1356	91	50	38	0	0	0	0	0	0	0	0	0	0	0	0	4332248	
282	1	A	2	N	2500	0	40	364	1387	99	49	31	0	0	0	0	0	0	0	0	0	0	0	0	4332279	
283	1	A	2	N	2500	0	40	518	1735	102	43	36	0	0	0	0	0	0	0	0	0	0	0	0	4332419	
284	1	A	2	N	2500	0	40	33	61	1	1	0	0	0	0	0	0	0	0	0	0	0	0	0	4332497	
285	1	A	2	N	2500	0	40	443	1393	112	48	35	0	0	0	0	0	0	0	0	0	0	0	0	4332669	
286	1	A	2	N	2500	0	40	295	1345	97	46	35	0	0	0	0	0	0	0	0	0	0	0	0	4332669	
287	1	A	2	N	2500	0	40	370	1301	98	47	33	0	0	0	0	0	0	0	0	0	0	0	0	4332981	
288	1	A	2	N	2500	0	40	353	1311	82	39	31	0	0	0	0	0	0	0	0	0	0	0	0	4333449	
289	1	A	2	N	2500	0	40	62	100	3	3	2	0	0	0	0	0	0	0	0	0	0	0	0	4334057	
290	1	A	2	N	2500	0	40	26	25	0	0	1	0	0	0	0	0	0	0	0	0	0	0	0	4334307	
291	1	A	2	N	2500	0	40	35	28	1	2	3	0	0	0	0	0	0	0	0	0	0	0	0	4334634	
292	1	B	2	N	2500	0	40	38	36	1	0	1	0	0	0	0	0	0	0	0	0	0	0	0	4342185	
293	1	B	2	N	2500	0	40	424	1405	83	40	27	0	0	0	0	0	0	0	0	0	0	0	0	4343277	
294	1	B	2	N	2500	0	40	288	1171	87	37	31	0	0	0	0	0	0	0	0	0	0	0	0	4343433	
295	1	B	2	N	2500	0	40	294	1337	92	45	31	0	0	0	0	0	0	0	0	0	0	0	0	4344166	
296	1	B	2	N	2500	0	40	430	1324	108	42	29	0	0	0	0	0	0	0	0	0	0	0	0	4344182	
297	1	B	2	N	2500	0	40	387	1185	88	38	30	0	0	0	0	0	0	0	0	0	0	0	0	4344275	
298	1	B	2	N	2500	0	40	28	24	2	2	3	0	0	0	0	0	0	0	0	0	0	0	0	4344322	
299	1	B	2	N	2500	0	40	25	25	0	0	0	0	0	0	0	0	0	0	0	0	0	0	0	4344603	
300	1	B	2	N	2500	0	40	346	829	47	23	21	0	0	0	0	0	0	0	0	0	0	0	0	4344634	
301	1	B	2	N	2500	0	40	346	1067	71	32	23	0	0	0	0	0	0	0	0	0	0	0	0	4345320	
302	1	B	2	N	2500	0	40	34	46	2	1	1	0	0	0	0	0	0	0	0	0	0	0	0	4345476	
303	1	B	2	N	2500	0	40	328	1318	89	39	28	0	0	0	0	0	0	0	0	0	0	0	0	4345679	
304	1	B	2	N	2500	0	40	259	1311	91	44	35	0	0	0	0	0	0	0	0	0	0	0	0	4346397	
305	1	B	2	N	2500	0	40	325	1141	82	34	26	0	0	0	0	0	0	0	0	0	0	0	0	4346506	
306	1	B	2	N	2500	0	40	46	71	3	2	2	0	0	0	0	0	0	0	0	0	0	0	0	4346631	
307	1	B	2	N	2500	0	40	43	69	3	2	1	0	0	0	0	0	0	0	0	0	0	0	0	4347161	
308	1	B	2	N	2500	0	40	191	1055	70	38	24	0	0	0	0	0	0	0	0	0	0	0	0	4347192	
309	1	B	2	N	2500	0	40	488	1299	90	37	30	0	0	0	0	0	0	0	0	0	0	0	0	4347192	
310	1	B	2	N	2500	0	40	23	27	1	0	0	0	0	0	0	0	0	0	0	0	0	0	0	4347239	
311	1	B	2	N	2500	0	40	32	64	3	2	2	0	0	0	0	0	0	0	0	0	0	0	0	4347489	
312	1	B	2	N	2500	0	40	29	63	3	1	2	0	0	0	0	0	0	0	0	0	0	0	0	4347520	
313	1	B	2	N	2500	0	40	39	79	2	1	1	0	0	0	0	0	0	0	0	0	0	0	0	4347692	
314	1	B	2	N	2500	0	40	199	584	42	20	18	0	0	0	0	0	0	0	0	0	0	0	0	4347754	
315	1	B	2	N	2500	0	40	35	71	4	2	2	0	0	0	0	0	0	0	0	0	0	0	0	4347972	
316	1	B	2	N	2500	0	40	364	1394	95	46	39	0	0	0	0	0	0	0	0	0	0	0	0	4348238	
317	1	B	2	N	2500	0	40	253	1235	114	52	38	0	0	0	0	0	0	0	0	0	0	0	0	4348472	
318	1	B	2	N	2500	0	40	436	1557	104	52	39	0	0	0	0	0	0	0	0	0	0	0	0	4348518	
319	1	B	2	N	2500	0	40	330	1215	84	37	28	0	0	0	0	0	0	0	0	0	0	0	0	4348518	
320	1	B	2	N	2500	0	40	313	827	37	20	17	0	0	0	0	0	0	0	0	0	0	0	0	4348628	
321	1	B	2	N	2500	0	40	49	92	2	1	1	0	0	0	0	0	0	0	0	0	0	0	0	4348940	
322	1	B	2	N	2500	0	40	355	1214	79	37	31	0	0	0	0	0	0	0	0	0	0	0	0	4349064	
323	1	B	2	N	2500	0	40	361	1594	125	52	35	0	0	0	0	0	0	0	0	0	0	0	0	4349080	
324	1	B	2	N	2500	0	40	302	1130	77	35	26	0	0	0	0	0	0	0	0	0	0	0	0	4349408	
325	1	C	2	N	2500	0	40	497	1562	110	48	37	0	0	0	0	0	0	0	0	0	0	0	0	4357629	
326	1	C	2	N	2500	0	40	43	87	2	1	1	0	0	0	0	0	0	0	0	0	0	0	0	4357972	
327	1	C	2	N	2500	0	40	27	30	2	2	2	0	0	0	0	0	0	0	0	0	0	0	0	4358019	
328	1	C	2	N	2500	0	40	294	892	46	22	17	0	0	0	0	0	0	0	0	0	0	0	0	4358315	
329	1	C	2	N	2500	0	40	38	52	3	2	3	0	0	0	0	0	0	0	0	0	0	0	0	4358736	
330	1	C	2	N	2500	0	40	270	840	48	26	17	0	0	0	0	0	0	0	0	0	0	0	0	4358861	
331	1	C	2	N	2500	0	40	253	794	47	24	18	0	0	0	0	0	0	0	0	0	0	0	0	4359017	
332	1	C	2	N	2500	0	40	361	1365	101	45	31	0	0	0	0	0	0	0	0	0	0	0	0	4359080	
333	1	C	2	N	2500	0	40	25	39	5	5	5	0	0	0	0	0	0	0	0	0	0	0	0	4359329	
334	1	C	2	N	2500	0	40	202	438	21	12	9	0	0	0	0	0	0	0	0	0	0	0	0	4359984	
335	1	C	2	N	2500	0	40	26	58	13	13	10	0	0	0	0	0	0	0	0	0	0	0	0	4360328	
336	1	C	2	N	2500	0	40	34	69	4	3	3	0	0	0	0	0	0	0	0	0	0	0	0	4360546	
337	1	C	2	N	2500	0	40	358	919	50	24	20	0	0	0	0	0	0	0	0	0	0	0	0	4360608	
338	1	C	2	N	2500	0	40	29	68	11	11	10	0	0	0	0	0	0	0	0	0	0	0	0	4361248	
339	1	C	2	N	2500	0	40	265	895	50	27	20	0	0	0	0	0	0	0	0	0	0	0	0	4361482	
340	1	C	2	N	2500	0	40	423	1314	111	36	28	0	0	0	0	0	0	0	0	0	0	0	0	4361607	
341	1	C	2	N	2500	0	40	38	76	16	18	21	0	0	0	0	0	0	0	0	0	0	0	0	4361622	
342	1	C	2	N	2500	0	40	248	870	53	24	17	0	0	0	0	0	0	0	0	0	0	0	0	4362324	
343	1	C	2	N	2500	0	40	30	55	9	9	8	0	0	0	0	0	0	0	0	0	0	0	0	4362402	
344	1	C	2	N	2500	0	40	38	72	15	12	13	0	0	0	0	0	0	0	0	0	0	0	0	4362402	
345	1	C	2	N	2500	0	40	51	111	22	27	30	0	0	0	0	0	0	0	0	0	0	0	0	4362527	
346	1	C	2	N	2500	0	40	42	67	17	21	29	0	0	0	0	0	0	0	0	0	0	0	0	4362683	
347	1	C	2	N	2500	0	40	326	916	46	25	19	0	0	0	0	0	0	0	0	0	0	0	0	4362792	
348	1	C	2	N	2500	0	40	29	31	1	0	0	0	0	0	0	0	0	0	0	0	0	0	0	4362824	
349	1	C	2	N	2500	0	40	206	989	91	38	26	0	0	0	0	0	0	0	0	0	0	0	0	4363182	
350	1	C	2	N	2500	0	40	270	913	56	26	21	0	0	0	0	0	0	0	0	0	0	0	0	4363479	
351	1	D	2	N	2500	0	40	331	888	64	28	22	0	0	0	0	0	0	0	0	0	0	0	0	4372168	
352	1	D	2	N	2500	0	40	61	95	3	2	3	0	0	0	0	0	0	0	0	0	0	0	0	4372418	
353	1	D	2	N	2500	0	40	39	92	3	2	3	0	0	0	0	0	0	0	0	0	0	0	0	4372620	
354	1	D	2	N	2500	0	40	52	67	3	1	2	0	0	0	0	0	0	0	0	0	0	0	0	4372698	
355	1	D	2	N	2500	0	40	213	804	44	20	15	0	0	0	0	0	0	0	0	0	0	0	0	4372948	
356	1	D	2	N	2500	0	40	30	59	11	10	12	0	0	0	0	0	0	0	0	0	0	0	0	4373135	
357	1	D	2	N	2500	0	40	30	48	11	10	9	0	0	0	0	0	0	0	0	0	0	0	0	4373135	
358	1	D	2	N	2500	0	40	39	100	3	1	1	0	0	0	0	0	0	0	0	0	0	0	0	4373260	
359	1	D	2	N	2500	0	40	387	832	41	21	16	0	0	0	0	0	0	0	0	0	0	0	0	4373978	
360	1	D	2	N	2500	0	40	212	811	46	24	19	0	0	0	0	0	0	0	0	0	0	0	0	4374258	
361	1	D	2	N	2500	0	40	273	645	44	19	14	0	0	0	0	0	0	0	0	0	0	0	0	4374368	
362	1	D	2	N	2500	0	40	224	725	37	20	14	0	0	0	0	0	0	0	0	0	0	0	0	4374492	
363	1	D	2	N	2500	0	40	317	997	58	26	21	0	0	0	0	0	0	0	0	0	0	0	0	4374586	
364	1	D	2	N	2500	0	40	197	640	34	16	12	0	0	0	0	0	0	0	0	0	0	0	0	4374711	
365	1	D	2	N	2500	0	40	213	635	27	14	14	0	0	0	0	0	0	0	0	0	0	0	0	4374960	
366	1	D	2	N	2500	0	40	118	643	31	17	11	0	0	0	0	0	0	0	0	0	0	0	0	4375070	
367	1	D	2	N	2500	0	40	227	654	27	18	13	0	0	0	0	0	0	0	0	0	0	0	0	4375101	
368	1	D	2	N	2500	0	40	159	752	40	20	16	0	0	0	0	0	0	0	0	0	0	0	0	4375350	
369	1	D	2	N	2500	0	40	288	858	49	25	20	0	0	0	0	0	0	0	0	0	0	0	0	4375553	
370	1	D	2	N	2500	0	40	244	648	31	17	11	0	0	0	0	0	0	0	0	0	0	0	0	4376068	
371	1	D	2	N	2500	0	40	176	625	35	19	13	0	0	0	0	0	0	0	0	0	0	0	0	4376099	
372	1	D	2	N	2500	0	40	255	847	52	24	20	0	0	0	0	0	0	0	0	0	0	0	0	4376536	
373	1	D	2	N	2500	0	40	257	544	22	13	10	0	0	0	0	0	0	0	0	0	0	0	0	4376583	
374	1	D	2	N	2500	0	40	29	70	2	2	2	0	0	0	0	0	0	0	0	0	0	0	0	4376583	
375	1	D	2	N	2500	0	40	238	655	38	19	12	0	0	0	0	0	0	0	0	0	0	0	0	4376879	
376	1	D	2	N	2500	0	40	164	650	32	18	13	0	0	0	0	0	0	0	0	0	0	0	0	4376926	
377	1	D	2	N	2500	0	40	26	31	1	1	1	0	0	0	0	0	0	0	0	0	0	0	0	4377004	
378	1	D	2	N	2500	0	40	300	830	36	22	16	0	0	0	0	0	0	0	0	0	0	0	0	4377051	
379	1	D	2	N	2500	0	40	48	81	4	2	2	0	0	0	0	0	0	0	0	0	0	0	0	4377066	
380	1	D	2	N	2500	0	40	32	62	11	13	10	0	0	0	0	0	0	0	0	0	0	0	0	4377066	
381	1	D	2	N	2500	0	40	173	818	45	22	16	0	0	0	0	0	0	0	0	0	0	0	0	4377378	
382	1	D	2	N	2500	0	40	234	979	57	32	24	0	0	0	0	0	0	0	0	0	0	0	0	4377534	
383	1	D	2	N	2500	0	40	31	74	4	2	2	0	0	0	0	0	0	0	0	0	0	0	0	4377800	
384	1	D	2	N	2500	0	40	37	71	4	2	2	0	0	0	0	0	0	0	0	0	0	0	0	4377815	
385	1	D	2	N	2500	0	40	156	326	18	14	14	0	0	0	0	0	0	0	0	0	0	0	0	4377846	
386	1	D	2	N	2500	0	40	26	53	5	4	3	0	0	0	0	0	0	0	0	0	0	0	0	4378065	
387	1	D	2	N	2500	0	40	24	39	4	6	6	0	0	0	0	0	0	0	0	0	0	0	0	4378112	
388	1	D	2	N	2500	0	40	22	40	5	4	5	0	0	0	0	0	0	0	0	0	0	0	0	4378143	
389	1	D	2	N	2500	0	40	35	80	4	2	2	0	0	0	0	0	0	0	0	0	0	0	0	4378143	
390	1	D	2	N	2500	0	40	33	31	1	1	1	0	0	0	0	0	0	0	0	0	0	0	0	4378346	
391	1	D	2	N	2500	0	40	237	633	31	15	12	0	0	0	0	0	0	0	0	0	0	0	0	4378548	
392	1	D	2	N	2500	0	40	38	98	21	25	35	0	0	0	0	0	0	0	0	0	0	0	0	4378736	
393	1	E	2	N	2500	0	40	100	277	14	8	6	0	0	0	0	0	0	0	0	0	0	0	0	4386146	
394	1	E	2	N	2500	0	40	64	136	22	16	18	0	0	0	0	0	0	0	0	0	0	0	0	4387066	
395	1	E	2	N	2500	0	40	211	539	29	14	12	0	0	0	0	0	0	0	0	0	0	0	0	4387160	
396	1	E	2	N	2500	0	40	167	352	13	8	7	0	0	0	0	0	0	0	0	0	0	0	0	4387487	
397	1	E	2	N	2500	0	40	240	586	30	13	10	0	0	0	0	0	0	0	0	0	0	0	0	4387550	
398	1	E	2	N	2500	0	40	115	300	16	10	7	0	0	0	0	0	0	0	0	0	0	0	0	4388392	
399	1	E	2	N	2500	0	40	103	344	13	8	6	0	0	0	0	0	0	0	0	0	0	0	0	4388751	
400	1	E	2	N	2500	0	40	108	357	13	7	6	0	0	0	0	0	0	0	0	0	0	0	0	4388922	
401	1	E	2	N	2500	0	40	179	513	25	13	11	0	0	0	0	0	0	0	0	0	0	0	0	4389032	
402	1	E	2	N	2500	0	40	195	389	15	9	9	0	0	0	0	0	0	0	0	0	0	0	0	4389250	
403	1	E	2	N	2500	0	40	209	444	17	8	8	0	0	0	0	0	0	0	0	0	0	0	0	4389858	
404	1	E	2	N	2500	0	40	23	18	1	1	1	0	0	0	0	0	0	0	0	0	0	0	0	4390061	
405	1	E	2	N	2500	0	40	160	392	17	9	7	0	0	0	0	0	0	0	0	0	0	0	0	4390373	
406	1	E	2	N	2500	0	40	177	519	24	12	9	0	0	0	0	0	0	0	0	0	0	0	0	4390576	
407	1	E	2	N	2500	0	40	201	435	18	12	8	0	0	0	0	0	0	0	0	0	0	0	0	4391060	
408	1	E	2	N	2500	0	40	220	704	41	18	15	0	0	0	0	0	0	0	0	0	0	0	0	4391294	
409	1	E	2	N	2500	0	40	32	69	3	1	2	0	0	0	0	0	0	0	0	0	0	0	0	4393197	
410	1	E	2	N	2500	0	40	27	45	8	7	8	0	0	0	0	0	0	0	0	0	0	0	0	4393462	
411	1	E	2	N	2500	0	40	36	70	10	10	8	0	0	0	0	0	0	0	0	0	0	0	0	4393462	
412	1	F	2	N	2500	0	40	33	76	3	2	2	0	0	0	0	0	0	0	0	0	0	0	0	4400716	
413	1	F	2	N	2500	0	40	32	64	9	0	1	0	0	0	0	0	0	0	0	0	0	0	0	4400794	
414	1	F	2	N	2500	0	40	27	61	5	0	0	0	0	0	0	0	0	0	0	0	0	0	0	4400997	
415	1	F	2	N	2500	0	40	62	92	7	1	1	0	0	0	0	0	0	0	0	0	0	0	0	4401309	
416	1	F	2	N	2500	0	40	29	40	3	0	1	0	0	0	0	0	0	0	0	0	0	0	0	4401309	
417	1	F	2	N	2500	0	40	27	39	2	0	0	0	0	0	0	0	0	0	0	0	0	0	0	4401309	
418	1	F	2	N	2500	0	40	63	135	8	1	2	0	0	0	0	0	0	0	0	0	0	0	0	4401309	
419	1	F	2	N	2500	0	40	23	34	1	0	0	0	0	0	0	0	0	0	0	0	0	0	0	4401309	
420	1	F	2	N	2500	0	40	35	55	4	1	2	0	0	0	0	0	0	0	0	0	0	0	0	4401309	
421	1	F	2	N	2500	0	40	35	46	2	0	0	0	0	0	0	0	0	0	0	0	0	0	0	4401309	
422	1	F	2	N	2500	0	40	29	61	5	1	2	0	0	0	0	0	0	0	0	0	0	0	0	4401309	
423	1	F	2	N	2500	0	40	27	28	1	0	0	0	0	0	0	0	0	0	0	0	0	0	0	4401309	
424	1	F	2	N	2500	0	40	58	119	9	2	2	0	0	0	0	0	0	0	0	0	0	0	0	4401309	
425	1	F	2	N	2500	0	40	30	29	1	0	0	0	0	0	0	0	0	0	0	0	0	0	0	4401324	
426	1	F	2	N	2500	0	40	21	27	1	1	1	0	0	0	0	0	0	0	0	0	0	0	0	4401480	
427	1	F	2	N	2500	0	40	38	66	3	1	1	0	0	0	0	0	0	0	0	0	0	0	0	4402089	
428	1	F	2	N	2500	0	40	42	46	1	0	0	0	0	0	0	0	0	0	0	0	0	0	0	4402214	
429	1	F	2	N	2500	0	40	50	84	4	2	2	0	0	0	0	0	0	0	0	0	0	0	0	4402432	
430	1	F	2	N	2500	0	40	107	324	10	7	7	0	0	0	0	0	0	0	0	0	0	0	0	4403025	
431	1	F	2	N	2500	0	40	120	403	17	9	7	0	0	0	0	0	0	0	0	0	0	0	0	4403228	
432	1	F	2	N	2500	0	40	106	291	10	8	7	0	0	0	0	0	0	0	0	0	0	0	0	4403368	
433	1	F	2	N	2500	0	40	25	42	4	2	2	0	0	0	0	0	0	0	0	0	0	0	0	4403430	
434	1	F	2	N	2500	0	40	32	65	2	1	1	0	0	0	0	0	0	0	0	0	0	0	0	4403789	
435	1	F	2	N	2500	0	40	84	111	3	2	3	0	0	0	0	0	0	0	0	0	0	0	0	4403836	
436	1	F	2	N	2500	0	40	26	54	3	2	2	0	0	0	0	0	0	0	0	0	0	0	0	4403836	
437	1	F	2	N	2500	0	40	69	162	9	8	6	0	0	0	0	0	0	0	0	0	0	0	0	4404366	
438	1	F	2	N	2500	0	40	199	468	23	9	8	0	0	0	0	0	0	0	0	0	0	0	0	4404491	
439	1	F	2	N	2500	0	40	47	90	4	3	2	0	0	0	0	0	0	0	0	0	0	0	0	4404554	
440	1	F	2	N	2500	0	40	174	348	13	7	7	0	0	0	0	0	0	0	0	0	0	0	0	4404803	
441	1	F	2	N	2500	0	40	193	428	19	9	9	0	0	0	0	0	0	0	0	0	0	0	0	4405006	
442	1	F	2	N	2500	0	40	135	450	17	9	7	0	0	0	0	0	0	0	0	0	0	0	0	4405100	
443	1	F	2	N	2500	0	40	119	316	10	6	5	0	0	0	0	0	0	0	0	0	0	0	0	4405131	
444	1	F	2	N	2500	0	40	41	68	7	0	1	0	0	0	0	0	0	0	0	0	0	0	0	4405490	
445	1	F	2	N	2500	0	40	150	430	20	13	9	0	0	0	0	0	0	0	0	0	0	0	0	4405614	
446	1	F	2	N	2500	0	40	24	22	1	0	0	0	0	0	0	0	0	0	0	0	0	0	0	4405864	
447	1	F	2	N	2500	0	40	37	69	4	3	2	0	0	0	0	0	0	0	0	0	0	0	0	4406004	
448	1	F	2	N	2500	0	40	29	71	3	1	1	0	0	0	0	0	0	0	0	0	0	0	0	4406363	
449	1	F	2	N	2500	0	40	31	70	9	8	8	0	0	0	0	0	0	0	0	0	0	0	0	4406363	
450	1	F	2	N	2500	0	40	32	61	4	1	0	0	0	0	0	0	0	0	0	0	0	0	0	4406457	
451	1	F	2	N	2500	0	40	200	427	16	9	9	0	0	0	0	0	0	0	0	0	0	0	0	4407003	
452	1	F	2	N	2500	0	40	183	444	17	13	10	0	0	0	0	0	0	0	0	0	0	0	0	4407003	
453	1	F	2	N	2500	0	40	217	422	16	8	5	0	0	0	0	0	0	0	0	0	0	0	0	4407986	
