Id	Plate	Row	Column	Clog	Scan rate	Status sort	Status sel	TOF	EXT	Green	Yellow	Red	PH Ext	PW Ext	PC Ext	PH Green	PW Green	PCGreen	PH Yellow	PW Yellow	PCYellow	PH Red	PW Red	PCRed	Time Stamp	
0	1	A	1	N	2500	6	40	404	212	53	24	49	0	0	0	0	0	0	0	0	0	0	0	0	7510533	
1	1	A	1	N	2500	6	40	248	210	52	27	47	0	0	0	0	0	0	0	0	0	0	0	0	7511391	
2	1	A	1	N	2500	6	40	290	201	47	24	44	0	0	0	0	0	0	0	0	0	0	0	0	7511797	
3	1	A	1	N	2500	0	40	412	245	62	30	50	0	0	0	0	0	0	0	0	0	0	0	0	7512499	
4	1	A	1	N	2500	0	40	349	165	36	17	34	0	0	0	0	0	0	0	0	0	0	0	0	7512623	
5	1	A	1	N	2500	0	1	227	143	37	19	32	0	0	0	0	0	0	0	0	0	0	0	0	7513481	
6	1	A	1	N	2500	0	40	379	169	41	20	35	0	0	0	0	0	0	0	0	0	0	0	0	7513606	
7	1	A	1	N	2500	0	1	50	11	2	0	1	0	0	0	0	0	0	0	0	0	0	0	0	7513778	
8	1	A	1	N	2500	0	40	369	178	42	18	37	0	0	0	0	0	0	0	0	0	0	0	0	7513871	
9	1	A	1	N	2500	0	40	363	179	40	18	33	0	0	0	0	0	0	0	0	0	0	0	0	7514121	
10	1	A	1	N	2500	0	1	245	158	39	20	36	0	0	0	0	0	0	0	0	0	0	0	0	7514683	
11	1	A	1	N	2500	0	40	467	213	43	22	47	0	0	0	0	0	0	0	0	0	0	0	0	7514901	
12	1	A	1	N	2500	0	2	348	158	35	16	29	0	0	0	0	0	0	0	0	0	0	0	0	7516243	
13	1	A	1	N	2500	0	1	213	176	49	20	38	0	0	0	0	0	0	0	0	0	0	0	0	7516336	
14	1	A	1	N	2500	0	1	145	37	8	4	10	0	0	0	0	0	0	0	0	0	0	0	0	7516367	
15	1	A	1	N	2500	0	1	181	68	13	8	15	0	0	0	0	0	0	0	0	0	0	0	0	7516367	
16	1	A	1	N	2500	0	40	376	188	53	21	36	0	0	0	0	0	0	0	0	0	0	0	0	7516446	
17	1	A	1	N	2500	0	40	185	197	59	25	45	0	0	0	0	0	0	0	0	0	0	0	0	7516586	
18	1	A	1	N	2500	0	40	359	164	38	17	31	0	0	0	0	0	0	0	0	0	0	0	0	7516960	
19	1	A	1	N	2500	0	40	476	195	40	20	39	0	0	0	0	0	0	0	0	0	0	0	0	7517023	
20	1	A	1	N	2500	0	1	222	143	48	22	33	0	0	0	0	0	0	0	0	0	0	0	0	7517491	
21	1	B	1	N	2500	2	1	56	25	7	0	1	0	0	0	0	0	0	0	0	0	0	0	0	7524292	
22	1	B	1	N	2500	6	40	266	174	49	22	39	0	0	0	0	0	0	0	0	0	0	0	0	7524448	
23	1	B	1	N	2500	2	1	201	55	9	5	12	0	0	0	0	0	0	0	0	0	0	0	0	7524760	
24	1	B	1	N	2500	6	40	267	185	53	23	41	0	0	0	0	0	0	0	0	0	0	0	0	7525306	
25	1	B	1	N	2500	6	40	424	218	54	25	46	0	0	0	0	0	0	0	0	0	0	0	0	7525338	
26	1	B	1	N	2500	0	40	331	156	36	16	28	0	0	0	0	0	0	0	0	0	0	0	0	7526149	
27	1	B	1	N	2500	0	40	303	183	46	23	41	0	0	0	0	0	0	0	0	0	0	0	0	7527444	
28	1	B	1	N	2500	0	1	228	133	38	15	28	0	0	0	0	0	0	0	0	0	0	0	0	7527568	
29	1	B	1	N	2500	0	40	435	219	51	24	47	0	0	0	0	0	0	0	0	0	0	0	0	7527912	
30	1	B	1	N	2500	0	40	372	188	46	21	41	0	0	0	0	0	0	0	0	0	0	0	0	7528270	
31	1	B	1	N	2500	0	2	348	153	32	16	30	0	0	0	0	0	0	0	0	0	0	0	0	7528520	
32	1	B	1	N	2500	0	1	201	152	38	19	34	0	0	0	0	0	0	0	0	0	0	0	0	7528536	
33	1	B	1	N	2500	0	40	345	160	43	18	31	0	0	0	0	0	0	0	0	0	0	0	0	7528551	
34	1	B	1	N	2500	0	40	272	173	43	20	33	0	0	0	0	0	0	0	0	0	0	0	0	7528598	
35	1	B	1	N	2500	0	40	375	175	38	19	34	0	0	0	0	0	0	0	0	0	0	0	0	7528738	
36	1	B	1	N	2500	0	40	469	198	63	23	47	0	0	0	0	0	0	0	0	0	0	0	0	7529128	
37	1	B	1	N	2500	0	40	410	217	63	25	46	0	0	0	0	0	0	0	0	0	0	0	0	7529472	
38	1	B	1	N	2500	0	40	392	177	39	20	36	0	0	0	0	0	0	0	0	0	0	0	0	7529487	
39	1	B	1	N	2500	0	40	378	184	43	21	36	0	0	0	0	0	0	0	0	0	0	0	0	7529612	
40	1	B	1	N	2500	0	1	293	115	21	13	25	0	0	0	0	0	0	0	0	0	0	0	0	7529737	
41	1	B	1	N	2500	0	40	352	165	38	18	31	0	0	0	0	0	0	0	0	0	0	0	0	7529877	
42	1	B	1	N	2500	0	40	372	174	47	20	36	0	0	0	0	0	0	0	0	0	0	0	0	7529986	
43	1	B	1	N	2500	0	1	58	41	4	0	2	0	0	0	0	0	0	0	0	0	0	0	0	7530423	
44	1	B	1	N	2500	0	40	420	191	42	20	36	0	0	0	0	0	0	0	0	0	0	0	0	7530532	
45	1	B	1	N	2500	0	2	323	136	27	15	24	0	0	0	0	0	0	0	0	0	0	0	0	7530938	
46	1	B	1	N	2500	0	1	227	129	28	15	25	0	0	0	0	0	0	0	0	0	0	0	0	7531141	
47	1	C	1	N	2500	6	40	207	189	45	24	40	0	0	0	0	0	0	0	0	0	0	0	0	7538722	
48	1	C	1	N	2500	2	1	230	155	46	20	39	0	0	0	0	0	0	0	0	0	0	0	0	7539128	
49	1	C	1	N	2500	6	40	290	184	53	25	42	0	0	0	0	0	0	0	0	0	0	0	0	7539643	
50	1	C	1	N	2500	6	40	250	190	43	21	38	0	0	0	0	0	0	0	0	0	0	0	0	7540002	
51	1	C	1	N	2500	0	40	234	198	46	24	41	0	0	0	0	0	0	0	0	0	0	0	0	7540048	
52	1	C	1	N	2500	0	1	76	46	9	4	9	0	0	0	0	0	0	0	0	0	0	0	0	7540376	
53	1	C	1	N	2500	0	1	134	112	24	12	22	0	0	0	0	0	0	0	0	0	0	0	0	7540906	
54	1	C	1	N	2500	0	40	374	177	41	20	40	0	0	0	0	0	0	0	0	0	0	0	0	7541655	
55	1	C	1	N	2500	0	40	271	174	45	24	42	0	0	0	0	0	0	0	0	0	0	0	0	7541889	
56	1	C	1	N	2500	0	40	368	176	40	20	36	0	0	0	0	0	0	0	0	0	0	0	0	7542092	
57	1	C	1	N	2500	0	40	317	189	53	22	42	0	0	0	0	0	0	0	0	0	0	0	0	7542092	
58	1	C	1	N	2500	0	40	366	187	52	22	38	0	0	0	0	0	0	0	0	0	0	0	0	7543262	
59	1	C	1	N	2500	0	40	364	180	48	21	39	0	0	0	0	0	0	0	0	0	0	0	0	7543449	
60	1	C	1	N	2500	0	40	318	203	47	24	44	0	0	0	0	0	0	0	0	0	0	0	0	7543605	
61	1	C	1	N	2500	0	40	271	189	50	24	41	0	0	0	0	0	0	0	0	0	0	0	0	7543761	
62	1	C	1	N	2500	0	40	229	174	46	20	34	0	0	0	0	0	0	0	0	0	0	0	0	7543761	
63	1	C	1	N	2500	0	2	346	149	30	16	32	0	0	0	0	0	0	0	0	0	0	0	0	7543948	
64	1	C	1	N	2500	0	1	219	154	35	17	34	0	0	0	0	0	0	0	0	0	0	0	0	7544073	
65	1	C	1	N	2500	0	1	238	155	44	19	32	0	0	0	0	0	0	0	0	0	0	0	0	7544214	
66	1	C	1	N	2500	0	1	227	168	45	19	37	0	0	0	0	0	0	0	0	0	0	0	0	7545368	
67	1	C	1	N	2500	0	40	346	185	48	22	43	0	0	0	0	0	0	0	0	0	0	0	0	7545571	
68	1	D	1	N	2500	6	40	378	193	44	21	44	0	0	0	0	0	0	0	0	0	0	0	0	7552809	
69	1	D	1	N	2500	6	40	291	181	45	23	44	0	0	0	0	0	0	0	0	0	0	0	0	7552950	
70	1	D	1	N	2500	2	2	338	138	26	14	25	0	0	0	0	0	0	0	0	0	0	0	0	7554151	
71	1	D	1	N	2500	6	40	444	207	49	23	47	0	0	0	0	0	0	0	0	0	0	0	0	7555664	
72	1	D	1	N	2500	0	40	326	203	57	25	46	0	0	0	0	0	0	0	0	0	0	0	0	7555789	
73	1	D	1	N	2500	0	1	135	125	27	14	23	0	0	0	0	0	0	0	0	0	0	0	0	7557474	
74	1	D	1	N	2500	0	2	326	155	32	16	27	0	0	0	0	0	0	0	0	0	0	0	0	7557520	
75	1	D	1	N	2500	0	1	244	112	27	15	31	0	0	0	0	0	0	0	0	0	0	0	0	7557988	
76	1	D	1	N	2500	0	1	281	118	21	10	20	0	0	0	0	0	0	0	0	0	0	0	0	7558129	
77	1	D	1	N	2500	0	1	227	113	32	18	28	0	0	0	0	0	0	0	0	0	0	0	0	7558394	
78	1	D	1	N	2500	0	40	235	190	61	28	44	0	0	0	0	0	0	0	0	0	0	0	0	7558956	
79	1	E	1	N	2500	2	2	349	159	34	19	36	0	0	0	0	0	0	0	0	0	0	0	0	7568300	
80	1	E	1	N	2500	6	40	297	172	49	22	35	0	0	0	0	0	0	0	0	0	0	0	0	7568425	
81	1	E	1	N	2500	2	2	321	138	28	14	28	0	0	0	0	0	0	0	0	0	0	0	0	7569127	
82	1	E	1	N	2500	2	1	218	141	33	17	29	0	0	0	0	0	0	0	0	0	0	0	0	7570219	
83	1	E	1	N	2500	2	1	205	167	42	21	32	0	0	0	0	0	0	0	0	0	0	0	0	7570344	
84	1	E	1	N	2500	6	40	309	210	59	26	46	0	0	0	0	0	0	0	0	0	0	0	0	7570484	
85	1	E	1	N	2500	6	40	253	186	50	24	41	0	0	0	0	0	0	0	0	0	0	0	0	7570500	
86	1	E	1	N	2500	0	40	346	193	45	21	38	0	0	0	0	0	0	0	0	0	0	0	0	7570578	
87	1	E	1	N	2500	0	40	369	196	50	24	40	0	0	0	0	0	0	0	0	0	0	0	0	7571077	
88	1	E	1	N	2500	0	40	454	205	51	25	48	0	0	0	0	0	0	0	0	0	0	0	0	7571404	
89	1	E	1	N	2500	0	40	376	192	56	23	42	0	0	0	0	0	0	0	0	0	0	0	0	7571732	
90	1	E	1	N	2500	0	1	50	9	0	0	1	0	0	0	0	0	0	0	0	0	0	0	0	7571919	
91	1	E	1	N	2500	0	2	370	153	33	16	26	0	0	0	0	0	0	0	0	0	0	0	0	7572247	
92	1	E	1	N	2500	0	40	439	179	43	22	37	0	0	0	0	0	0	0	0	0	0	0	0	7572262	
93	1	E	1	N	2500	0	40	384	192	49	22	42	0	0	0	0	0	0	0	0	0	0	0	0	7572309	
94	1	E	1	N	2500	0	40	432	216	57	26	46	0	0	0	0	0	0	0	0	0	0	0	0	7572684	
95	1	E	1	N	2500	0	40	257	186	47	23	43	0	0	0	0	0	0	0	0	0	0	0	0	7572918	
96	1	E	1	N	2500	0	1	210	110	20	11	21	0	0	0	0	0	0	0	0	0	0	0	0	7572996	
97	1	E	1	N	2500	0	1	243	153	31	17	29	0	0	0	0	0	0	0	0	0	0	0	0	7573027	
98	1	E	1	N	2500	0	40	278	191	45	22	41	0	0	0	0	0	0	0	0	0	0	0	0	7573323	
99	1	E	1	N	2500	0	40	226	194	52	23	39	0	0	0	0	0	0	0	0	0	0	0	0	7573900	
100	1	F	1	N	2500	6	40	260	163	46	21	38	0	0	0	0	0	0	0	0	0	0	0	0	7581326	
101	1	F	1	N	2500	2	1	188	153	38	18	33	0	0	0	0	0	0	0	0	0	0	0	0	7581357	
102	1	F	1	N	2500	2	1	69	14	1	1	2	0	0	0	0	0	0	0	0	0	0	0	0	7581763	
103	1	F	1	N	2500	6	40	411	201	47	23	45	0	0	0	0	0	0	0	0	0	0	0	0	7583058	
104	1	F	1	N	2500	6	40	347	163	36	19	39	0	0	0	0	0	0	0	0	0	0	0	0	7583229	
105	1	F	1	N	2500	0	40	262	193	49	23	41	0	0	0	0	0	0	0	0	0	0	0	0	7583760	
106	1	F	1	N	2500	0	1	269	145	29	15	27	0	0	0	0	0	0	0	0	0	0	0	0	7584087	
107	1	F	1	N	2500	0	40	280	152	37	17	29	0	0	0	0	0	0	0	0	0	0	0	0	7584415	
108	1	F	1	N	2500	0	40	335	180	45	24	43	0	0	0	0	0	0	0	0	0	0	0	0	7585023	
109	1	F	1	N	2500	0	1	236	168	43	20	32	0	0	0	0	0	0	0	0	0	0	0	0	7585148	
110	1	F	1	N	2500	0	40	262	174	42	22	40	0	0	0	0	0	0	0	0	0	0	0	0	7585288	
111	1	F	1	N	2500	0	40	345	170	40	18	36	0	0	0	0	0	0	0	0	0	0	0	0	7585632	
112	1	F	1	N	2500	0	1	535	270	61	29	51	0	0	0	0	0	0	0	0	0	0	0	0	7585912	
113	1	F	1	N	2500	0	40	303	163	43	19	35	0	0	0	0	0	0	0	0	0	0	0	0	7586100	
114	1	F	1	N	2500	0	40	335	154	37	17	30	0	0	0	0	0	0	0	0	0	0	0	0	7586412	
115	1	F	1	N	2500	0	2	320	159	35	17	30	0	0	0	0	0	0	0	0	0	0	0	0	7586583	
116	1	F	1	N	2500	0	40	292	167	50	19	31	0	0	0	0	0	0	0	0	0	0	0	0	7586630	
117	1	F	1	N	2500	0	40	311	218	58	27	45	0	0	0	0	0	0	0	0	0	0	0	0	7587020	
118	1	F	1	N	2500	0	40	372	180	43	20	38	0	0	0	0	0	0	0	0	0	0	0	0	7587114	
119	1	F	1	N	2500	0	40	410	188	53	24	42	0	0	0	0	0	0	0	0	0	0	0	0	7587176	
120	1	F	1	N	2500	0	2	342	153	35	17	26	0	0	0	0	0	0	0	0	0	0	0	0	7587441	
121	1	G	1	N	2500	2	1	58	41	13	0	1	0	0	0	0	0	0	0	0	0	0	0	0	7595413	
122	1	G	1	N	2500	6	40	381	199	46	23	39	0	0	0	0	0	0	0	0	0	0	0	0	7596037	
123	1	G	1	N	2500	6	40	292	173	47	20	31	0	0	0	0	0	0	0	0	0	0	0	0	7596536	
124	1	G	1	N	2500	6	40	360	187	52	23	36	0	0	0	0	0	0	0	0	0	0	0	0	7596598	
125	1	G	1	N	2500	0	40	217	181	41	22	38	0	0	0	0	0	0	0	0	0	0	0	0	7597269	
126	1	G	1	N	2500	0	1	334	121	24	12	20	0	0	0	0	0	0	0	0	0	0	0	0	7598049	
127	1	G	1	N	2500	0	1	299	102	30	12	23	0	0	0	0	0	0	0	0	0	0	0	0	7598174	
128	1	G	1	N	2500	0	1	57	54	13	7	14	0	0	0	0	0	0	0	0	0	0	0	0	7598174	
129	1	G	1	N	2500	0	40	386	221	55	25	44	0	0	0	0	0	0	0	0	0	0	0	0	7598689	
130	1	G	1	N	2500	0	40	377	196	44	20	35	0	0	0	0	0	0	0	0	0	0	0	0	7599672	
131	1	G	1	N	2500	0	40	271	208	56	27	45	0	0	0	0	0	0	0	0	0	0	0	0	7600436	
132	1	G	1	N	2500	0	40	494	239	59	26	53	0	0	0	0	0	0	0	0	0	0	0	0	7600701	
133	1	G	1	N	2500	0	2	274	165	36	19	32	0	0	0	0	0	0	0	0	0	0	0	0	7600810	
134	1	G	1	N	2500	0	1	217	136	41	16	27	0	0	0	0	0	0	0	0	0	0	0	0	7600935	
135	1	G	1	N	2500	0	40	375	192	48	23	40	0	0	0	0	0	0	0	0	0	0	0	0	7601232	
136	1	G	1	N	2500	0	40	444	218	52	25	44	0	0	0	0	0	0	0	0	0	0	0	0	7601606	
137	1	G	1	N	2500	0	40	359	165	43	19	35	0	0	0	0	0	0	0	0	0	0	0	0	7601684	
138	1	G	1	N	2500	0	1	528	272	60	31	58	0	0	0	0	0	0	0	0	0	0	0	0	7601746	
139	1	G	1	N	2500	0	1	154	117	22	13	20	0	0	0	0	0	0	0	0	0	0	0	0	7601871	
140	1	G	1	N	2500	0	1	167	144	36	17	29	0	0	0	0	0	0	0	0	0	0	0	0	7602090	
141	1	G	1	N	2500	0	40	360	181	50	20	40	0	0	0	0	0	0	0	0	0	0	0	0	7602308	
142	1	G	1	N	2500	0	40	262	198	62	27	45	0	0	0	0	0	0	0	0	0	0	0	0	7602542	
143	1	A	2	N	2500	6	40	418	251	67	30	60	0	0	0	0	0	0	0	0	0	0	0	0	7627330	
144	1	A	2	N	2500	2	1	240	132	28	14	22	0	0	0	0	0	0	0	0	0	0	0	0	7627627	
145	1	A	2	N	2500	2	1	178	128	29	15	26	0	0	0	0	0	0	0	0	0	0	0	0	7629265	
146	1	B	2	N	2500	2	1	208	172	43	23	41	0	0	0	0	0	0	0	0	0	0	0	0	7642759	
147	1	B	2	N	2500	6	40	338	156	39	17	31	0	0	0	0	0	0	0	0	0	0	0	0	7643461	
148	1	B	2	N	2500	6	40	428	211	57	25	42	0	0	0	0	0	0	0	0	0	0	0	0	7645895	
149	1	B	2	N	2500	2	1	121	30	4	2	5	0	0	0	0	0	0	0	0	0	0	0	0	7646300	
150	1	C	2	N	2500	2	1	183	106	23	11	20	0	0	0	0	0	0	0	0	0	0	0	0	7658999	
151	1	C	2	N	2500	2	1	222	149	34	17	32	0	0	0	0	0	0	0	0	0	0	0	0	7659857	
152	1	C	2	N	2500	2	2	340	144	31	16	32	0	0	0	0	0	0	0	0	0	0	0	0	7659981	
153	1	C	2	N	2500	6	40	249	218	58	27	46	0	0	0	0	0	0	0	0	0	0	0	0	7659997	
154	1	D	2	N	2500	2	2	252	168	36	20	33	0	0	0	0	0	0	0	0	0	0	0	0	7671791	
155	1	D	2	N	2500	6	40	419	170	42	20	36	0	0	0	0	0	0	0	0	0	0	0	0	7672633	
156	1	D	2	N	2500	6	40	344	171	51	20	35	0	0	0	0	0	0	0	0	0	0	0	0	7673663	
157	1	D	2	N	2500	6	40	341	154	37	18	31	0	0	0	0	0	0	0	0	0	0	0	0	7674411	
158	1	D	2	N	2500	0	1	320	135	39	17	30	0	0	0	0	0	0	0	0	0	0	0	0	7675394	
159	1	E	2	N	2500	2	1	223	133	41	19	34	0	0	0	0	0	0	0	0	0	0	0	0	7684068	
160	1	E	2	N	2500	2	1	244	139	31	16	35	0	0	0	0	0	0	0	0	0	0	0	0	7686377	
161	1	E	2	N	2500	4	40	246	185	48	22	38	0	0	0	0	0	0	0	0	0	0	0	0	7686829	
162	1	E	2	N	2500	2	1	258	156	36	19	33	0	0	0	0	0	0	0	0	0	0	0	0	7686829	
163	1	E	2	N	2500	6	40	275	233	62	28	44	0	0	0	0	0	0	0	0	0	0	0	0	7687079	
164	1	E	2	N	2500	6	40	333	166	38	19	34	0	0	0	0	0	0	0	0	0	0	0	0	7687827	
165	1	E	2	N	2500	6	40	395	191	43	22	38	0	0	0	0	0	0	0	0	0	0	0	0	7688561	
166	1	F	2	N	2500	2	1	281	149	35	18	29	0	0	0	0	0	0	0	0	0	0	0	0	7702507	
167	1	G	2	N	2500	6	40	319	160	41	21	34	0	0	0	0	0	0	0	0	0	0	0	0	7713521	
168	1	G	2	N	2500	6	40	362	185	43	21	39	0	0	0	0	0	0	0	0	0	0	0	0	7716500	
169	1	G	2	N	2500	2	1	207	172	42	21	35	0	0	0	0	0	0	0	0	0	0	0	0	7717389	
170	1	G	2	N	2500	2	1	252	141	35	18	31	0	0	0	0	0	0	0	0	0	0	0	0	7717779	
171	1	G	2	N	2500	6	40	386	185	45	21	38	0	0	0	0	0	0	0	0	0	0	0	0	7718263	
172	1	G	2	N	2500	0	40	326	175	53	27	42	0	0	0	0	0	0	0	0	0	0	0	0	7719043	
173	1	H	2	N	2500	2	1	201	136	30	14	25	0	0	0	0	0	0	0	0	0	0	0	0	7732553	
174	1	A	3	N	2500	6	40	364	180	50	22	39	0	0	0	0	0	0	0	0	0	0	0	0	7742552	
175	1	A	3	N	2500	6	40	246	203	48	28	45	0	0	0	0	0	0	0	0	0	0	0	0	7745813	
176	1	A	3	N	2500	6	40	363	198	50	23	42	0	0	0	0	0	0	0	0	0	0	0	0	7746655	
177	1	A	3	N	2500	0	40	337	149	40	16	30	0	0	0	0	0	0	0	0	0	0	0	0	7747825	
178	1	A	3	N	2500	0	2	334	137	29	15	26	0	0	0	0	0	0	0	0	0	0	0	0	7747966	
179	1	A	3	N	2500	0	40	408	194	48	20	38	0	0	0	0	0	0	0	0	0	0	0	0	7748028	
180	1	A	3	N	2500	0	1	275	138	43	18	32	0	0	0	0	0	0	0	0	0	0	0	0	7748278	
181	1	A	3	N	2500	0	40	264	183	50	25	39	0	0	0	0	0	0	0	0	0	0	0	0	7748683	
182	1	C	3	N	2500	2	1	73	73	27	0	0	0	0	0	0	0	0	0	0	0	0	0	0	7770476	
183	1	C	3	N	2500	2	1	56	41	11	0	2	0	0	0	0	0	0	0	0	0	0	0	0	7770742	
184	1	C	3	N	2500	2	1	189	92	21	11	22	0	0	0	0	0	0	0	0	0	0	0	0	7771724	
185	1	C	3	N	2500	6	40	282	160	39	18	35	0	0	0	0	0	0	0	0	0	0	0	0	7773284	
186	1	C	3	N	2500	2	1	256	161	37	18	33	0	0	0	0	0	0	0	0	0	0	0	0	7773690	
187	1	C	3	N	2500	6	40	358	183	41	21	34	0	0	0	0	0	0	0	0	0	0	0	0	7776108	
188	1	D	3	N	2500	6	40	356	175	48	23	41	0	0	0	0	0	0	0	0	0	0	0	0	7785796	
189	1	D	3	N	2500	6	40	376	199	56	26	46	0	0	0	0	0	0	0	0	0	0	0	0	7788791	
190	1	D	3	N	2500	6	40	354	185	47	24	46	0	0	0	0	0	0	0	0	0	0	0	0	7789633	
191	1	D	3	N	2500	0	40	369	175	39	20	37	0	0	0	0	0	0	0	0	0	0	0	0	7789727	
192	1	D	3	N	2500	0	40	279	186	45	23	43	0	0	0	0	0	0	0	0	0	0	0	0	7789976	
193	1	D	3	N	2500	0	1	572	233	77	29	53	0	0	0	0	0	0	0	0	0	0	0	0	7790008	
194	1	D	3	N	2500	0	40	237	185	47	23	41	0	0	0	0	0	0	0	0	0	0	0	0	7790242	
195	1	D	3	N	2500	0	40	405	195	46	22	40	0	0	0	0	0	0	0	0	0	0	0	0	7790288	
196	1	D	3	N	2500	0	1	205	172	51	23	36	0	0	0	0	0	0	0	0	0	0	0	0	7790632	
197	1	D	3	N	2500	0	40	343	187	47	23	41	0	0	0	0	0	0	0	0	0	0	0	0	7792160	
198	1	E	3	N	2500	2	1	75	69	39	10	19	0	0	0	0	0	0	0	0	0	0	0	0	7800850	
199	1	E	3	N	2500	6	40	403	192	46	22	39	0	0	0	0	0	0	0	0	0	0	0	0	7802878	
200	1	E	3	N	2500	6	40	382	194	48	22	39	0	0	0	0	0	0	0	0	0	0	0	0	7805062	
201	1	E	3	N	2500	6	40	326	214	52	29	47	0	0	0	0	0	0	0	0	0	0	0	0	7805701	
202	1	F	3	N	2500	6	40	332	162	41	19	36	0	0	0	0	0	0	0	0	0	0	0	0	7814078	
203	1	F	3	N	2500	2	2	326	139	35	15	29	0	0	0	0	0	0	0	0	0	0	0	0	7814936	
204	1	F	3	N	2500	6	40	274	187	44	24	44	0	0	0	0	0	0	0	0	0	0	0	0	7816294	
205	1	F	3	N	2500	2	1	203	170	55	22	40	0	0	0	0	0	0	0	0	0	0	0	0	7816886	
206	1	F	3	N	2500	2	1	232	156	43	20	34	0	0	0	0	0	0	0	0	0	0	0	0	7817136	
207	1	F	3	N	2500	6	40	247	193	64	26	48	0	0	0	0	0	0	0	0	0	0	0	0	7817308	
208	1	F	3	N	2500	0	40	242	184	45	23	40	0	0	0	0	0	0	0	0	0	0	0	0	7817807	
209	1	F	3	N	2500	0	1	205	162	37	20	35	0	0	0	0	0	0	0	0	0	0	0	0	7818665	
210	1	F	3	N	2500	0	40	257	175	43	20	41	0	0	0	0	0	0	0	0	0	0	0	0	7819304	
211	1	F	3	N	2500	0	40	436	201	52	24	45	0	0	0	0	0	0	0	0	0	0	0	0	7819897	
212	1	G	3	N	2500	2	1	259	156	41	19	30	0	0	0	0	0	0	0	0	0	0	0	0	7828384	
213	1	G	3	N	2500	6	40	280	174	40	22	36	0	0	0	0	0	0	0	0	0	0	0	0	7830271	
214	1	G	3	N	2500	6	40	310	200	48	26	45	0	0	0	0	0	0	0	0	0	0	0	0	7830724	
215	1	G	3	N	2500	2	1	89	33	26	32	82	0	0	0	0	0	0	0	0	0	0	0	0	7831878	
216	1	G	3	N	2500	6	40	368	166	36	19	33	0	0	0	0	0	0	0	0	0	0	0	0	7832861	
217	1	G	3	N	2500	0	1	149	165	47	26	41	0	0	0	0	0	0	0	0	0	0	0	0	7832939	
218	1	G	3	N	2500	0	1	244	154	38	19	31	0	0	0	0	0	0	0	0	0	0	0	0	7833251	
219	1	G	3	N	2500	0	40	289	207	53	25	44	0	0	0	0	0	0	0	0	0	0	0	0	7833298	
220	1	G	3	N	2500	0	40	325	194	54	23	41	0	0	0	0	0	0	0	0	0	0	0	0	7833391	
221	1	G	3	N	2500	0	40	238	179	46	20	34	0	0	0	0	0	0	0	0	0	0	0	0	7833454	
222	1	G	3	N	2500	0	1	216	64	17	8	15	0	0	0	0	0	0	0	0	0	0	0	0	7834218	
223	1	G	3	N	2500	0	1	132	79	21	10	15	0	0	0	0	0	0	0	0	0	0	0	0	7834218	
224	1	G	3	N	2500	0	40	374	169	37	16	31	0	0	0	0	0	0	0	0	0	0	0	0	7834343	
225	1	A	4	N	2500	2	1	273	147	41	20	39	0	0	0	0	0	0	0	0	0	0	0	0	7860941	
226	1	A	4	N	2500	2	1	66	13	3	1	3	0	0	0	0	0	0	0	0	0	0	0	0	7861596	
227	1	A	4	N	2500	33	1	115	31	6	3	9	0	0	0	0	0	0	0	0	0	0	0	0	7861596	
228	1	A	4	N	2500	2	1	276	97	16	11	22	0	0	0	0	0	0	0	0	0	0	0	0	7864467	
229	1	B	4	N	2500	2	1	250	95	19	11	18	0	0	0	0	0	0	0	0	0	0	0	0	7872969	
230	1	B	4	N	2500	6	40	399	189	55	26	54	0	0	0	0	0	0	0	0	0	0	0	0	7874029	
231	1	B	4	N	2500	6	40	404	187	45	23	40	0	0	0	0	0	0	0	0	0	0	0	0	7875433	
232	1	B	4	N	2500	2	1	182	144	35	17	29	0	0	0	0	0	0	0	0	0	0	0	0	7876635	
233	1	B	4	N	2500	2	1	209	145	38	17	27	0	0	0	0	0	0	0	0	0	0	0	0	7877290	
234	1	B	4	N	2500	2	1	218	134	31	14	22	0	0	0	0	0	0	0	0	0	0	0	0	7877383	
235	1	B	4	N	2500	6	40	363	161	37	17	33	0	0	0	0	0	0	0	0	0	0	0	0	7878491	
236	1	C	4	N	2500	2	1	230	122	29	16	29	0	0	0	0	0	0	0	0	0	0	0	0	7887711	
237	1	C	4	N	2500	2	1	165	195	56	26	48	0	0	0	0	0	0	0	0	0	0	0	0	7888725	
238	1	C	4	N	2500	2	1	243	116	25	12	26	0	0	0	0	0	0	0	0	0	0	0	0	7889676	
239	1	C	4	N	2500	6	40	432	187	49	22	39	0	0	0	0	0	0	0	0	0	0	0	0	7890768	
240	1	C	4	N	2500	6	40	383	181	42	20	39	0	0	0	0	0	0	0	0	0	0	0	0	7892141	
241	1	C	4	N	2500	6	40	361	157	39	17	27	0	0	0	0	0	0	0	0	0	0	0	0	7892391	
242	1	C	4	N	2500	0	40	287	199	44	26	45	0	0	0	0	0	0	0	0	0	0	0	0	7892562	
243	1	C	4	N	2500	0	2	331	133	28	14	21	0	0	0	0	0	0	0	0	0	0	0	0	7893529	
244	1	D	4	N	2500	2	1	261	130	35	20	35	0	0	0	0	0	0	0	0	0	0	0	0	7903435	
245	1	D	4	N	2500	6	40	315	148	36	16	32	0	0	0	0	0	0	0	0	0	0	0	0	7904434	
246	1	D	4	N	2500	6	40	350	168	40	18	32	0	0	0	0	0	0	0	0	0	0	0	0	7904449	
247	1	D	4	N	2500	2	2	328	160	35	18	35	0	0	0	0	0	0	0	0	0	0	0	0	7904496	
248	1	D	4	N	2500	2	1	175	128	24	13	22	0	0	0	0	0	0	0	0	0	0	0	0	7904621	
249	1	D	4	N	2500	2	2	380	172	35	21	38	0	0	0	0	0	0	0	0	0	0	0	0	7905167	
250	1	D	4	N	2500	2	1	272	142	33	18	30	0	0	0	0	0	0	0	0	0	0	0	0	7906711	
251	1	E	4	N	2500	2	1	320	135	29	15	27	0	0	0	0	0	0	0	0	0	0	0	0	7915728	
252	1	E	4	N	2500	2	1	188	125	21	14	19	0	0	0	0	0	0	0	0	0	0	0	0	7915915	
253	1	E	4	N	2500	2	1	248	157	35	19	36	0	0	0	0	0	0	0	0	0	0	0	0	7918895	
254	1	E	4	N	2500	2	1	224	113	19	11	20	0	0	0	0	0	0	0	0	0	0	0	0	7922343	
255	1	F	4	N	2500	2	2	271	159	32	17	28	0	0	0	0	0	0	0	0	0	0	0	0	7929909	
256	1	F	4	N	2500	6	40	315	159	46	20	37	0	0	0	0	0	0	0	0	0	0	0	0	7932139	
257	1	F	4	N	2500	2	1	177	147	38	18	29	0	0	0	0	0	0	0	0	0	0	0	0	7932451	
258	1	F	4	N	2500	2	1	251	78	15	9	15	0	0	0	0	0	0	0	0	0	0	0	0	7932467	
259	1	F	4	N	2500	2	1	294	113	21	13	23	0	0	0	0	0	0	0	0	0	0	0	0	7933606	
260	1	F	4	N	2500	2	1	245	141	29	16	28	0	0	0	0	0	0	0	0	0	0	0	0	7935213	
261	1	F	4	N	2500	2	1	220	146	40	19	36	0	0	0	0	0	0	0	0	0	0	0	0	7935883	
262	1	F	4	N	2500	2	1	292	125	26	12	21	0	0	0	0	0	0	0	0	0	0	0	0	7935977	
263	1	F	4	N	2500	2	1	150	110	24	16	26	0	0	0	0	0	0	0	0	0	0	0	0	7936117	
264	1	F	4	N	2500	2	1	257	109	21	14	23	0	0	0	0	0	0	0	0	0	0	0	0	7937022	
265	1	F	4	N	2500	2	1	190	126	25	15	26	0	0	0	0	0	0	0	0	0	0	0	0	7937319	
266	1	G	4	N	2500	6	40	350	181	44	22	44	0	0	0	0	0	0	0	0	0	0	0	0	7947303	
267	1	G	4	N	2500	2	1	332	124	27	15	30	0	0	0	0	0	0	0	0	0	0	0	0	7947349	
268	1	G	4	N	2500	2	2	360	140	34	19	36	0	0	0	0	0	0	0	0	0	0	0	0	7947365	
269	1	G	4	N	2500	2	2	350	136	27	15	29	0	0	0	0	0	0	0	0	0	0	0	0	7947412	
270	1	G	4	N	2500	2	1	221	141	30	17	31	0	0	0	0	0	0	0	0	0	0	0	0	7948083	
271	1	G	4	N	2500	2	1	295	130	31	15	25	0	0	0	0	0	0	0	0	0	0	0	0	7948582	
272	1	G	4	N	2500	2	1	176	60	10	4	11	0	0	0	0	0	0	0	0	0	0	0	0	7949221	
273	1	G	4	N	2500	6	40	365	203	57	26	41	0	0	0	0	0	0	0	0	0	0	0	0	7949939	
274	1	G	4	N	2500	6	40	357	168	42	20	38	0	0	0	0	0	0	0	0	0	0	0	0	7950391	
275	1	G	4	N	2500	0	40	480	206	50	22	39	0	0	0	0	0	0	0	0	0	0	0	0	7950547	
276	1	A	5	N	2500	6	40	242	203	50	24	39	0	0	0	0	0	0	0	0	0	0	0	0	7974525	
277	1	A	5	N	2500	6	40	387	181	50	23	42	0	0	0	0	0	0	0	0	0	0	0	0	7974899	
278	1	A	5	N	2500	6	40	306	198	52	25	47	0	0	0	0	0	0	0	0	0	0	0	0	7974962	
279	1	A	5	N	2500	0	40	439	193	49	27	48	0	0	0	0	0	0	0	0	0	0	0	0	7975227	
280	1	A	5	N	2500	0	1	202	147	32	18	27	0	0	0	0	0	0	0	0	0	0	0	0	7977021	
281	1	A	5	N	2500	0	2	302	147	32	16	31	0	0	0	0	0	0	0	0	0	0	0	0	7977052	
282	1	A	5	N	2500	0	1	173	125	42	19	30	0	0	0	0	0	0	0	0	0	0	0	0	7977348	
283	1	A	5	N	2500	0	40	477	256	66	31	63	0	0	0	0	0	0	0	0	0	0	0	0	7979174	
284	1	A	5	N	2500	0	40	362	158	38	18	30	0	0	0	0	0	0	0	0	0	0	0	0	7979220	
285	1	A	5	N	2500	0	40	258	164	44	21	38	0	0	0	0	0	0	0	0	0	0	0	0	7979408	
286	1	A	5	N	2500	0	1	260	153	45	23	39	0	0	0	0	0	0	0	0	0	0	0	0	7979517	
287	1	A	5	N	2500	0	2	282	164	35	18	34	0	0	0	0	0	0	0	0	0	0	0	0	7979595	
288	1	A	5	N	2500	0	2	380	157	33	17	30	0	0	0	0	0	0	0	0	0	0	0	0	7980000	
289	1	A	5	N	2500	0	40	371	179	52	21	35	0	0	0	0	0	0	0	0	0	0	0	0	7980921	
290	1	B	5	N	2500	2	1	642	290	41	19	69	0	0	0	0	0	0	0	0	0	0	0	0	7989048	
291	1	B	5	N	2500	2	2	427	177	20	8	37	0	0	0	0	0	0	0	0	0	0	0	0	7989048	
292	1	B	5	N	2500	2	1	856	306	51	18	77	0	0	0	0	0	0	0	0	0	0	0	0	7989048	
293	1	B	5	N	2500	6	40	412	199	59	25	48	0	0	0	0	0	0	0	0	0	0	0	0	7989407	
294	1	B	5	N	2500	2	1	227	130	32	15	30	0	0	0	0	0	0	0	0	0	0	0	0	7989797	
295	1	B	5	N	2500	6	40	372	172	48	22	39	0	0	0	0	0	0	0	0	0	0	0	0	7989844	
296	1	B	5	N	2500	2	1	267	101	19	12	20	0	0	0	0	0	0	0	0	0	0	0	0	7990312	
297	1	B	5	N	2500	6	40	293	190	45	22	35	0	0	0	0	0	0	0	0	0	0	0	0	7990390	
298	1	B	5	N	2500	0	40	283	195	48	24	44	0	0	0	0	0	0	0	0	0	0	0	0	7990624	
299	1	B	5	N	2500	0	1	213	149	38	21	34	0	0	0	0	0	0	0	0	0	0	0	0	7991654	
300	1	B	5	N	2500	0	40	241	185	47	24	43	0	0	0	0	0	0	0	0	0	0	0	0	7991778	
301	1	B	5	N	2500	0	40	358	179	54	24	41	0	0	0	0	0	0	0	0	0	0	0	0	7991856	
302	1	B	5	N	2500	0	40	338	165	36	19	29	0	0	0	0	0	0	0	0	0	0	0	0	7992387	
303	1	B	5	N	2500	0	1	162	73	18	9	16	0	0	0	0	0	0	0	0	0	0	0	0	7992449	
304	1	B	5	N	2500	0	40	376	181	42	21	40	0	0	0	0	0	0	0	0	0	0	0	0	7992465	
305	1	B	5	N	2500	0	40	352	192	49	25	47	0	0	0	0	0	0	0	0	0	0	0	0	7993182	
306	1	B	5	N	2500	0	40	392	218	60	26	51	0	0	0	0	0	0	0	0	0	0	0	0	7993307	
307	1	B	5	N	2500	0	1	166	156	42	20	36	0	0	0	0	0	0	0	0	0	0	0	0	7993510	
308	1	B	5	N	2500	0	40	384	170	42	20	39	0	0	0	0	0	0	0	0	0	0	0	0	7994649	
309	1	B	5	N	2500	0	1	171	122	28	15	26	0	0	0	0	0	0	0	0	0	0	0	0	7995008	
310	1	B	5	N	2500	0	1	169	130	37	20	36	0	0	0	0	0	0	0	0	0	0	0	0	7995164	
311	1	B	5	N	2500	0	40	262	179	41	22	38	0	0	0	0	0	0	0	0	0	0	0	0	7995273	
312	1	B	5	N	2500	0	2	365	138	21	13	27	0	0	0	0	0	0	0	0	0	0	0	0	7995304	
313	1	B	5	N	2500	0	1	253	140	32	16	27	0	0	0	0	0	0	0	0	0	0	0	0	7995663	
314	1	C	5	N	2500	6	40	374	155	39	16	29	0	0	0	0	0	0	0	0	0	0	0	0	8002886	
315	1	C	5	N	2500	2	2	277	157	35	18	31	0	0	0	0	0	0	0	0	0	0	0	0	8004336	
316	1	C	5	N	2500	2	1	311	121	23	12	21	0	0	0	0	0	0	0	0	0	0	0	0	8004352	
317	1	C	5	N	2500	6	40	388	182	48	21	38	0	0	0	0	0	0	0	0	0	0	0	0	8005257	
318	1	C	5	N	2500	6	40	306	203	48	24	46	0	0	0	0	0	0	0	0	0	0	0	0	8006021	
319	1	C	5	N	2500	0	40	359	201	55	27	47	0	0	0	0	0	0	0	0	0	0	0	0	8006536	
320	1	C	5	N	2500	0	40	309	151	37	18	29	0	0	0	0	0	0	0	0	0	0	0	0	8006598	
321	1	C	5	N	2500	0	2	368	158	34	17	30	0	0	0	0	0	0	0	0	0	0	0	0	8006645	
322	1	C	5	N	2500	0	1	149	99	19	11	16	0	0	0	0	0	0	0	0	0	0	0	0	8006708	
323	1	C	5	N	2500	0	2	339	140	26	13	28	0	0	0	0	0	0	0	0	0	0	0	0	8007410	
324	1	C	5	N	2500	0	40	269	183	41	21	39	0	0	0	0	0	0	0	0	0	0	0	0	8007753	
325	1	C	5	N	2500	0	40	284	173	37	20	37	0	0	0	0	0	0	0	0	0	0	0	0	8008049	
326	1	C	5	N	2500	0	1	331	119	24	11	22	0	0	0	0	0	0	0	0	0	0	0	0	8008798	
327	1	C	5	N	2500	0	40	251	178	47	22	34	0	0	0	0	0	0	0	0	0	0	0	0	8008876	
328	1	C	5	N	2500	0	1	310	114	19	11	20	0	0	0	0	0	0	0	0	0	0	0	0	8008923	
329	1	C	5	N	2500	0	2	341	147	34	15	28	0	0	0	0	0	0	0	0	0	0	0	0	8010077	
330	1	D	5	N	2500	6	40	224	187	59	27	45	0	0	0	0	0	0	0	0	0	0	0	0	8017050	
331	1	D	5	N	2500	2	1	293	128	30	16	30	0	0	0	0	0	0	0	0	0	0	0	0	8018720	
332	1	D	5	N	2500	2	1	342	74	25	6	22	0	0	0	0	0	0	0	0	0	0	0	0	8019219	
333	1	D	5	N	2500	2	2	293	169	33	19	36	0	0	0	0	0	0	0	0	0	0	0	0	8019344	
334	1	D	5	N	2500	2	1	233	128	33	17	29	0	0	0	0	0	0	0	0	0	0	0	0	8019983	
335	1	D	5	N	2500	6	40	329	173	42	24	41	0	0	0	0	0	0	0	0	0	0	0	0	8020046	
336	1	D	5	N	2500	6	40	225	194	60	26	45	0	0	0	0	0	0	0	0	0	0	0	0	8020467	
337	1	D	5	N	2500	0	40	389	176	44	20	33	0	0	0	0	0	0	0	0	0	0	0	0	8020654	
338	1	D	5	N	2500	0	2	326	149	31	17	31	0	0	0	0	0	0	0	0	0	0	0	0	8022245	
339	1	D	5	N	2500	0	40	363	187	53	23	42	0	0	0	0	0	0	0	0	0	0	0	0	8022276	
340	1	D	5	N	2500	0	1	239	152	39	22	36	0	0	0	0	0	0	0	0	0	0	0	0	8022947	
341	1	D	5	N	2500	0	40	368	200	50	24	40	0	0	0	0	0	0	0	0	0	0	0	0	8023072	
342	1	D	5	N	2500	0	1	194	86	25	12	20	0	0	0	0	0	0	0	0	0	0	0	0	8023197	
343	1	D	5	N	2500	0	1	177	152	35	18	32	0	0	0	0	0	0	0	0	0	0	0	0	8023337	
344	1	D	5	N	2500	0	40	343	170	39	18	30	0	0	0	0	0	0	0	0	0	0	0	0	8023587	
345	1	D	5	N	2500	0	40	273	189	55	23	44	0	0	0	0	0	0	0	0	0	0	0	0	8023836	
346	1	D	5	N	2500	0	40	416	167	44	19	37	0	0	0	0	0	0	0	0	0	0	0	0	8023883	
347	1	E	5	N	2500	6	40	306	158	36	17	30	0	0	0	0	0	0	0	0	0	0	0	0	8031356	
348	1	E	5	N	2500	2	1	172	117	26	15	27	0	0	0	0	0	0	0	0	0	0	0	0	8031699	
349	1	E	5	N	2500	2	2	366	159	32	16	32	0	0	0	0	0	0	0	0	0	0	0	0	8031714	
350	1	E	5	N	2500	2	1	263	142	31	15	26	0	0	0	0	0	0	0	0	0	0	0	0	8032370	
351	1	E	5	N	2500	6	40	248	198	49	24	42	0	0	0	0	0	0	0	0	0	0	0	0	8032541	
352	1	E	5	N	2500	6	40	336	157	36	18	33	0	0	0	0	0	0	0	0	0	0	0	0	8033321	
353	1	E	5	N	2500	0	1	301	143	35	17	33	0	0	0	0	0	0	0	0	0	0	0	0	8033571	
354	1	E	5	N	2500	0	1	247	136	36	22	42	0	0	0	0	0	0	0	0	0	0	0	0	8034054	
355	1	E	5	N	2500	0	40	402	182	40	20	35	0	0	0	0	0	0	0	0	0	0	0	0	8034460	
356	1	E	5	N	2500	0	40	333	197	57	28	51	0	0	0	0	0	0	0	0	0	0	0	0	8034476	
357	1	E	5	N	2500	0	40	356	170	40	19	35	0	0	0	0	0	0	0	0	0	0	0	0	8034507	
358	1	E	5	N	2500	0	40	329	165	39	19	31	0	0	0	0	0	0	0	0	0	0	0	0	8035037	
359	1	E	5	N	2500	0	2	341	146	30	15	27	0	0	0	0	0	0	0	0	0	0	0	0	8035349	
360	1	E	5	N	2500	0	40	295	203	57	26	44	0	0	0	0	0	0	0	0	0	0	0	0	8035474	
361	1	E	5	N	2500	0	40	309	186	43	24	42	0	0	0	0	0	0	0	0	0	0	0	0	8035646	
362	1	E	5	N	2500	0	1	176	81	17	8	14	0	0	0	0	0	0	0	0	0	0	0	0	8035848	
363	1	E	5	N	2500	0	40	229	179	49	20	31	0	0	0	0	0	0	0	0	0	0	0	0	8036036	
364	1	E	5	N	2500	0	40	415	191	47	21	35	0	0	0	0	0	0	0	0	0	0	0	0	8036192	
365	1	E	5	N	2500	0	40	261	162	46	25	39	0	0	0	0	0	0	0	0	0	0	0	0	8036301	
366	1	E	5	N	2500	0	40	216	181	51	24	37	0	0	0	0	0	0	0	0	0	0	0	0	8036426	
367	1	E	5	N	2500	0	40	381	177	39	19	33	0	0	0	0	0	0	0	0	0	0	0	0	8036816	
368	1	E	5	N	2500	0	40	381	197	46	23	41	0	0	0	0	0	0	0	0	0	0	0	0	8037455	
369	1	E	5	N	2500	0	1	191	115	20	12	25	0	0	0	0	0	0	0	0	0	0	0	0	8038251	
370	1	F	5	N	2500	6	40	324	185	51	23	40	0	0	0	0	0	0	0	0	0	0	0	0	8045520	
371	1	F	5	N	2500	2	1	140	44	10	5	10	0	0	0	0	0	0	0	0	0	0	0	0	8046207	
372	1	F	5	N	2500	33	1	205	110	23	14	29	0	0	0	0	0	0	0	0	0	0	0	0	8046207	
373	1	F	5	N	2500	6	40	262	205	50	26	44	0	0	0	0	0	0	0	0	0	0	0	0	8046550	
374	1	F	5	N	2500	6	40	346	167	40	20	36	0	0	0	0	0	0	0	0	0	0	0	0	8046722	
375	1	F	5	N	2500	0	40	349	164	39	19	32	0	0	0	0	0	0	0	0	0	0	0	0	8046800	
376	1	F	5	N	2500	0	40	409	166	44	21	36	0	0	0	0	0	0	0	0	0	0	0	0	8046987	
377	1	F	5	N	2500	0	40	235	176	44	22	38	0	0	0	0	0	0	0	0	0	0	0	0	8047346	
378	1	F	5	N	2500	0	40	334	156	37	18	32	0	0	0	0	0	0	0	0	0	0	0	0	8048219	
379	1	F	5	N	2500	0	1	227	160	38	19	34	0	0	0	0	0	0	0	0	0	0	0	0	8048328	
380	1	F	5	N	2500	0	40	341	202	51	23	42	0	0	0	0	0	0	0	0	0	0	0	0	8048406	
381	1	F	5	N	2500	0	1	205	175	42	21	36	0	0	0	0	0	0	0	0	0	0	0	0	8048562	
382	1	F	5	N	2500	0	1	195	150	35	18	33	0	0	0	0	0	0	0	0	0	0	0	0	8049030	
383	1	F	5	N	2500	0	40	347	166	42	20	36	0	0	0	0	0	0	0	0	0	0	0	0	8049389	
384	1	F	5	N	2500	0	40	437	200	56	22	39	0	0	0	0	0	0	0	0	0	0	0	0	8049561	
385	1	F	5	N	2500	0	40	272	191	52	24	36	0	0	0	0	0	0	0	0	0	0	0	0	8049639	
386	1	F	5	N	2500	0	40	234	190	51	23	42	0	0	0	0	0	0	0	0	0	0	0	0	8049654	
387	1	F	5	N	2500	0	40	353	213	51	27	47	0	0	0	0	0	0	0	0	0	0	0	0	8049686	
388	1	F	5	N	2500	0	2	333	130	27	14	25	0	0	0	0	0	0	0	0	0	0	0	0	8049982	
389	1	F	5	N	2500	0	2	293	166	35	20	32	0	0	0	0	0	0	0	0	0	0	0	0	8050216	
390	1	F	5	N	2500	0	40	368	175	45	20	31	0	0	0	0	0	0	0	0	0	0	0	0	8050341	
391	1	F	5	N	2500	0	40	353	164	36	19	38	0	0	0	0	0	0	0	0	0	0	0	0	8050700	
392	1	F	5	N	2500	0	2	348	159	35	17	37	0	0	0	0	0	0	0	0	0	0	0	0	8050746	
393	1	F	5	N	2500	0	1	173	128	26	14	25	0	0	0	0	0	0	0	0	0	0	0	0	8050965	
394	1	F	5	N	2500	0	40	339	172	47	22	40	0	0	0	0	0	0	0	0	0	0	0	0	8051152	
395	1	F	5	N	2500	0	40	298	152	44	19	32	0	0	0	0	0	0	0	0	0	0	0	0	8051183	
396	1	F	5	N	2500	0	40	456	214	47	25	46	0	0	0	0	0	0	0	0	0	0	0	0	8051885	
397	1	F	5	N	2500	0	40	350	171	40	21	36	0	0	0	0	0	0	0	0	0	0	0	0	8052057	
398	1	F	5	N	2500	0	1	266	131	28	15	27	0	0	0	0	0	0	0	0	0	0	0	0	8052244	
399	1	F	5	N	2500	0	1	185	188	57	26	41	0	0	0	0	0	0	0	0	0	0	0	0	8052868	
400	1	G	5	N	2500	6	40	306	160	43	20	38	0	0	0	0	0	0	0	0	0	0	0	0	8060808	
401	1	G	5	N	2500	2	1	219	101	21	9	18	0	0	0	0	0	0	0	0	0	0	0	0	8062618	
402	1	G	5	N	2500	6	40	273	174	40	20	35	0	0	0	0	0	0	0	0	0	0	0	0	8062649	
403	1	G	5	N	2500	2	2	349	144	28	15	27	0	0	0	0	0	0	0	0	0	0	0	0	8063086	
404	1	G	5	N	2500	2	1	135	91	17	12	20	0	0	0	0	0	0	0	0	0	0	0	0	8063117	
405	1	G	5	N	2500	2	1	191	187	45	27	42	0	0	0	0	0	0	0	0	0	0	0	0	8063164	
406	1	G	5	N	2500	2	2	345	132	26	13	23	0	0	0	0	0	0	0	0	0	0	0	0	8063320	
407	1	G	5	N	2500	2	1	232	164	40	19	32	0	0	0	0	0	0	0	0	0	0	0	0	8063429	
408	1	G	5	N	2500	6	40	315	172	53	23	42	0	0	0	0	0	0	0	0	0	0	0	0	8063601	
409	1	G	5	N	2500	0	40	387	177	41	19	36	0	0	0	0	0	0	0	0	0	0	0	0	8063648	
410	1	G	5	N	2500	0	1	237	144	29	15	26	0	0	0	0	0	0	0	0	0	0	0	0	8064615	
411	1	G	5	N	2500	0	40	275	205	50	25	47	0	0	0	0	0	0	0	0	0	0	0	0	8065286	
412	1	G	5	N	2500	0	40	251	186	52	25	38	0	0	0	0	0	0	0	0	0	0	0	0	8065348	
413	1	G	5	N	2500	0	2	250	166	36	19	32	0	0	0	0	0	0	0	0	0	0	0	0	8065488	
414	1	G	5	N	2500	0	2	355	143	29	14	26	0	0	0	0	0	0	0	0	0	0	0	0	8066596	
415	1	A	6	N	2500	6	40	389	205	50	25	48	0	0	0	0	0	0	0	0	0	0	0	0	8089310	
416	1	A	6	N	2500	2	1	185	187	60	29	50	0	0	0	0	0	0	0	0	0	0	0	0	8089965	
417	1	A	6	N	2500	6	40	388	204	48	23	39	0	0	0	0	0	0	0	0	0	0	0	0	8091541	
418	1	A	6	N	2500	2	1	165	113	20	12	22	0	0	0	0	0	0	0	0	0	0	0	0	8091759	
419	1	A	6	N	2500	6	40	316	177	46	23	41	0	0	0	0	0	0	0	0	0	0	0	0	8091790	
420	1	A	6	N	2500	0	2	283	164	36	20	33	0	0	0	0	0	0	0	0	0	0	0	0	8092835	
421	1	A	6	N	2500	0	40	298	165	38	21	38	0	0	0	0	0	0	0	0	0	0	0	0	8093241	
422	1	A	6	N	2500	0	1	240	162	35	19	37	0	0	0	0	0	0	0	0	0	0	0	0	8093335	
423	1	A	6	N	2500	0	40	254	175	53	24	36	0	0	0	0	0	0	0	0	0	0	0	0	8093569	
424	1	A	6	N	2500	0	40	357	185	50	21	37	0	0	0	0	0	0	0	0	0	0	0	0	8094661	
425	1	A	6	N	2500	0	40	286	172	51	23	41	0	0	0	0	0	0	0	0	0	0	0	0	8095097	
426	1	A	6	N	2500	0	1	243	162	46	21	38	0	0	0	0	0	0	0	0	0	0	0	0	8096065	
427	1	B	6	N	2500	2	2	364	164	35	18	28	0	0	0	0	0	0	0	0	0	0	0	0	8104676	
428	1	B	6	N	2500	2	1	258	134	50	23	34	0	0	0	0	0	0	0	0	0	0	0	0	8105581	
429	1	B	6	N	2500	6	40	401	179	50	22	35	0	0	0	0	0	0	0	0	0	0	0	0	8105971	
430	1	B	6	N	2500	6	40	256	216	69	28	46	0	0	0	0	0	0	0	0	0	0	0	0	8106142	
431	1	B	6	N	2500	2	1	292	98	19	11	20	0	0	0	0	0	0	0	0	0	0	0	0	8106298	
432	1	B	6	N	2500	2	1	157	91	21	13	20	0	0	0	0	0	0	0	0	0	0	0	0	8106345	
433	1	B	6	N	2500	6	40	222	194	47	23	39	0	0	0	0	0	0	0	0	0	0	0	0	8106751	
434	1	B	6	N	2500	0	40	349	175	39	18	33	0	0	0	0	0	0	0	0	0	0	0	0	8107921	
435	1	B	6	N	2500	0	40	396	176	44	21	33	0	0	0	0	0	0	0	0	0	0	0	0	8109044	
436	1	B	6	N	2500	0	2	317	137	32	16	31	0	0	0	0	0	0	0	0	0	0	0	0	8109715	
437	1	B	6	N	2500	0	40	222	203	57	27	46	0	0	0	0	0	0	0	0	0	0	0	0	8110448	
438	1	C	6	N	2500	2	1	200	146	35	17	24	0	0	0	0	0	0	0	0	0	0	0	0	8117733	
439	1	C	6	N	2500	6	40	365	162	36	18	28	0	0	0	0	0	0	0	0	0	0	0	0	8118825	
440	1	C	6	N	2500	2	1	298	114	24	10	20	0	0	0	0	0	0	0	0	0	0	0	0	8119418	
441	1	C	6	N	2500	6	40	369	194	52	23	47	0	0	0	0	0	0	0	0	0	0	0	0	8119589	
442	1	C	6	N	2500	2	2	319	140	30	15	28	0	0	0	0	0	0	0	0	0	0	0	0	8120135	
443	1	C	6	N	2500	6	40	445	170	35	18	34	0	0	0	0	0	0	0	0	0	0	0	0	8120198	
444	1	C	6	N	2500	0	40	302	188	49	25	43	0	0	0	0	0	0	0	0	0	0	0	0	8120494	
445	1	C	6	N	2500	0	40	308	194	50	26	42	0	0	0	0	0	0	0	0	0	0	0	0	8120853	
446	1	C	6	N	2500	0	40	244	184	54	24	43	0	0	0	0	0	0	0	0	0	0	0	0	8120884	
447	1	C	6	N	2500	0	40	361	182	51	22	40	0	0	0	0	0	0	0	0	0	0	0	0	8121430	
448	1	C	6	N	2500	0	1	156	102	22	13	22	0	0	0	0	0	0	0	0	0	0	0	0	8121758	
449	1	C	6	N	2500	0	1	271	141	23	14	25	0	0	0	0	0	0	0	0	0	0	0	0	8121898	
450	1	C	6	N	2500	0	40	361	187	46	23	36	0	0	0	0	0	0	0	0	0	0	0	0	8122522	
451	1	C	6	N	2500	0	1	200	128	25	16	26	0	0	0	0	0	0	0	0	0	0	0	0	8122569	
452	1	C	6	N	2500	0	2	338	154	31	17	28	0	0	0	0	0	0	0	0	0	0	0	0	8122756	
453	1	C	6	N	2500	0	40	351	171	40	20	40	0	0	0	0	0	0	0	0	0	0	0	0	8122928	
454	1	C	6	N	2500	0	1	201	159	37	21	34	0	0	0	0	0	0	0	0	0	0	0	0	8123177	
455	1	C	6	N	2500	0	2	336	143	33	15	27	0	0	0	0	0	0	0	0	0	0	0	0	8123193	
456	1	C	6	N	2500	0	40	336	197	49	25	46	0	0	0	0	0	0	0	0	0	0	0	0	8123521	
457	1	C	6	N	2500	0	40	315	147	37	16	26	0	0	0	0	0	0	0	0	0	0	0	0	8123755	
458	1	C	6	N	2500	0	1	206	141	32	17	33	0	0	0	0	0	0	0	0	0	0	0	0	8123926	
459	1	C	6	N	2500	0	1	281	106	23	13	25	0	0	0	0	0	0	0	0	0	0	0	0	8124145	
460	1	C	6	N	2500	0	1	262	125	27	13	24	0	0	0	0	0	0	0	0	0	0	0	0	8124628	
461	1	C	6	N	2500	0	40	439	223	62	29	55	0	0	0	0	0	0	0	0	0	0	0	0	8124909	
462	1	D	6	N	2500	2	1	285	149	31	16	32	0	0	0	0	0	0	0	0	0	0	0	0	8132444	
463	1	D	6	N	2500	6	40	404	167	39	18	30	0	0	0	0	0	0	0	0	0	0	0	0	8133380	
464	1	D	6	N	2500	2	1	193	153	46	20	32	0	0	0	0	0	0	0	0	0	0	0	0	8133863	
465	1	D	6	N	2500	2	2	381	145	28	15	30	0	0	0	0	0	0	0	0	0	0	0	0	8133941	
466	1	D	6	N	2500	6	40	433	162	42	20	35	0	0	0	0	0	0	0	0	0	0	0	0	8134316	
467	1	D	6	N	2500	6	40	245	200	52	25	46	0	0	0	0	0	0	0	0	0	0	0	0	8134659	
468	1	D	6	N	2500	0	40	432	218	56	29	49	0	0	0	0	0	0	0	0	0	0	0	0	8134987	
469	1	D	6	N	2500	0	40	355	162	41	19	37	0	0	0	0	0	0	0	0	0	0	0	0	8135002	
470	1	D	6	N	2500	0	1	311	131	27	13	24	0	0	0	0	0	0	0	0	0	0	0	0	8135595	
471	1	D	6	N	2500	0	1	199	133	44	25	43	0	0	0	0	0	0	0	0	0	0	0	0	8135689	
472	1	D	6	N	2500	0	40	339	163	40	18	35	0	0	0	0	0	0	0	0	0	0	0	0	8135782	
473	1	D	6	N	2500	0	1	276	135	40	20	33	0	0	0	0	0	0	0	0	0	0	0	0	8135813	
474	1	D	6	N	2500	0	40	342	175	40	20	39	0	0	0	0	0	0	0	0	0	0	0	0	8136266	
475	1	D	6	N	2500	0	40	227	199	54	25	45	0	0	0	0	0	0	0	0	0	0	0	0	8136281	
476	1	D	6	N	2500	0	40	281	196	50	28	51	0	0	0	0	0	0	0	0	0	0	0	0	8136983	
477	1	D	6	N	2500	0	2	377	160	31	18	32	0	0	0	0	0	0	0	0	0	0	0	0	8136999	
478	1	D	6	N	2500	0	2	360	164	35	19	31	0	0	0	0	0	0	0	0	0	0	0	0	8137685	
479	1	D	6	N	2500	0	1	211	173	53	23	44	0	0	0	0	0	0	0	0	0	0	0	0	8137810	
480	1	D	6	N	2500	0	1	330	131	28	15	25	0	0	0	0	0	0	0	0	0	0	0	0	8137857	
481	1	D	6	N	2500	0	1	180	53	10	5	12	0	0	0	0	0	0	0	0	0	0	0	0	8137904	
482	1	D	6	N	2500	0	1	57	51	11	7	14	0	0	0	0	0	0	0	0	0	0	0	0	8137904	
483	1	D	6	N	2500	0	40	291	179	54	27	45	0	0	0	0	0	0	0	0	0	0	0	0	8138122	
484	1	E	6	N	2500	6	40	358	172	41	20	39	0	0	0	0	0	0	0	0	0	0	0	0	8146406	
485	1	E	6	N	2500	2	1	202	100	21	11	22	0	0	0	0	0	0	0	0	0	0	0	0	8147030	
486	1	E	6	N	2500	2	1	287	130	28	14	22	0	0	0	0	0	0	0	0	0	0	0	0	8148527	
487	1	E	6	N	2500	2	1	281	102	21	13	20	0	0	0	0	0	0	0	0	0	0	0	0	8148590	
488	1	E	6	N	2500	2	1	136	134	36	18	35	0	0	0	0	0	0	0	0	0	0	0	0	8148668	
489	1	E	6	N	2500	6	40	323	162	36	19	34	0	0	0	0	0	0	0	0	0	0	0	0	8148839	
490	1	E	6	N	2500	6	40	212	180	48	24	43	0	0	0	0	0	0	0	0	0	0	0	0	8149073	
491	1	E	6	N	2500	0	2	344	137	26	15	26	0	0	0	0	0	0	0	0	0	0	0	0	8149261	
492	1	E	6	N	2500	0	2	295	151	31	16	33	0	0	0	0	0	0	0	0	0	0	0	0	8149276	
493	1	E	6	N	2500	0	40	457	229	68	31	52	0	0	0	0	0	0	0	0	0	0	0	0	8149307	
494	1	E	6	N	2500	0	40	280	170	38	20	33	0	0	0	0	0	0	0	0	0	0	0	0	8149807	
495	1	E	6	N	2500	0	40	417	192	59	26	49	0	0	0	0	0	0	0	0	0	0	0	0	8150134	
496	1	E	6	N	2500	0	2	322	136	26	14	29	0	0	0	0	0	0	0	0	0	0	0	0	8150353	
497	1	E	6	N	2500	0	40	368	185	44	21	37	0	0	0	0	0	0	0	0	0	0	0	0	8150649	
498	1	E	6	N	2500	0	2	344	157	35	18	31	0	0	0	0	0	0	0	0	0	0	0	0	8150805	
499	1	E	6	N	2500	0	40	388	188	46	22	41	0	0	0	0	0	0	0	0	0	0	0	0	8150852	
500	1	E	6	N	2500	0	2	368	160	30	18	35	0	0	0	0	0	0	0	0	0	0	0	0	8151289	
501	1	E	6	N	2500	0	40	379	189	49	22	37	0	0	0	0	0	0	0	0	0	0	0	0	8151320	
502	1	E	6	N	2500	0	2	325	142	35	15	22	0	0	0	0	0	0	0	0	0	0	0	0	8152131	
503	1	E	6	N	2500	0	40	248	187	55	25	41	0	0	0	0	0	0	0	0	0	0	0	0	8152162	
504	1	E	6	N	2500	0	40	263	162	39	21	35	0	0	0	0	0	0	0	0	0	0	0	0	8152209	
505	1	E	6	N	2500	0	1	323	126	29	12	24	0	0	0	0	0	0	0	0	0	0	0	0	8152568	
506	1	E	6	N	2500	0	1	270	146	35	17	27	0	0	0	0	0	0	0	0	0	0	0	0	8153410	
507	1	F	6	N	2500	2	2	336	158	35	18	34	0	0	0	0	0	0	0	0	0	0	0	0	8160321	
508	1	F	6	N	2500	2	1	211	140	31	14	25	0	0	0	0	0	0	0	0	0	0	0	0	8161553	
509	1	F	6	N	2500	8	40	240	204	49	25	42	0	0	0	0	0	0	0	0	0	0	0	0	8161756	
510	1	F	6	N	2500	8	40	367	181	46	21	39	0	0	0	0	0	0	0	0	0	0	0	0	8161975	
511	1	F	6	N	2500	2	1	199	98	17	10	21	0	0	0	0	0	0	0	0	0	0	0	0	8162521	
512	1	F	6	N	2500	2	2	324	135	31	15	27	0	0	0	0	0	0	0	0	0	0	0	0	8162552	
513	1	F	6	N	2500	4	40	437	190	52	23	42	0	0	0	0	0	0	0	0	0	0	0	0	8163753	
514	1	F	6	N	2500	2	1	235	144	43	19	32	0	0	0	0	0	0	0	0	0	0	0	0	8163753	
515	1	F	6	N	2500	8	40	484	199	45	24	44	0	0	0	0	0	0	0	0	0	0	0	0	8163971	
516	1	F	6	N	2500	2	1	138	61	9	5	11	0	0	0	0	0	0	0	0	0	0	0	0	8164502	
517	1	F	6	N	2500	2	1	188	102	27	12	19	0	0	0	0	0	0	0	0	0	0	0	0	8164595	
518	1	F	6	N	2500	6	40	286	164	37	20	31	0	0	0	0	0	0	0	0	0	0	0	0	8164751	
519	1	F	6	N	2500	2	2	329	146	30	16	30	0	0	0	0	0	0	0	0	0	0	0	0	8164876	
520	1	F	6	N	2500	6	40	283	183	49	23	40	0	0	0	0	0	0	0	0	0	0	0	0	8165017	
521	1	F	6	N	2500	2	1	172	110	26	16	31	0	0	0	0	0	0	0	0	0	0	0	0	8165110	
522	1	F	6	N	2500	2	1	272	129	39	18	31	0	0	0	0	0	0	0	0	0	0	0	0	8165126	
523	1	F	6	N	2500	2	1	207	107	19	14	27	0	0	0	0	0	0	0	0	0	0	0	0	8165438	
524	1	F	6	N	2500	6	40	332	152	36	18	29	0	0	0	0	0	0	0	0	0	0	0	0	8165594	
525	1	F	6	N	2500	0	40	339	163	37	18	32	0	0	0	0	0	0	0	0	0	0	0	0	8165594	
526	1	F	6	N	2500	0	1	253	140	31	18	27	0	0	0	0	0	0	0	0	0	0	0	0	8165687	
527	1	F	6	N	2500	0	2	313	143	29	16	30	0	0	0	0	0	0	0	0	0	0	0	0	8165906	
528	1	F	6	N	2500	0	1	218	123	20	12	25	0	0	0	0	0	0	0	0	0	0	0	0	8166233	
529	1	F	6	N	2500	0	1	267	139	40	18	33	0	0	0	0	0	0	0	0	0	0	0	0	8167138	
530	1	F	6	N	2500	0	40	374	201	56	27	48	0	0	0	0	0	0	0	0	0	0	0	0	8167403	
531	1	F	6	N	2500	0	40	341	168	42	19	33	0	0	0	0	0	0	0	0	0	0	0	0	8167481	
532	1	G	6	N	2500	6	40	344	163	39	19	39	0	0	0	0	0	0	0	0	0	0	0	0	8175141	
533	1	G	6	N	2500	2	1	232	160	53	24	36	0	0	0	0	0	0	0	0	0	0	0	0	8175469	
534	1	G	6	N	2500	2	1	265	138	32	16	30	0	0	0	0	0	0	0	0	0	0	0	0	8176233	
535	1	G	6	N	2500	2	1	477	165	41	18	33	0	0	0	0	0	0	0	0	0	0	0	0	8177091	
536	1	G	6	N	2500	2	2	318	140	33	16	29	0	0	0	0	0	0	0	0	0	0	0	0	8177216	
537	1	G	6	N	2500	2	1	192	129	35	19	32	0	0	0	0	0	0	0	0	0	0	0	0	8177621	
538	1	G	6	N	2500	6	40	336	178	44	21	39	0	0	0	0	0	0	0	0	0	0	0	0	8178136	
539	1	G	6	N	2500	2	1	178	128	27	14	22	0	0	0	0	0	0	0	0	0	0	0	0	8178183	
540	1	G	6	N	2500	6	40	402	176	50	23	38	0	0	0	0	0	0	0	0	0	0	0	0	8178261	
541	1	G	6	N	2500	0	1	304	120	27	11	22	0	0	0	0	0	0	0	0	0	0	0	0	8178401	
542	1	G	6	N	2500	0	1	277	148	30	16	28	0	0	0	0	0	0	0	0	0	0	0	0	8178417	
543	1	G	6	N	2500	0	1	238	143	32	16	26	0	0	0	0	0	0	0	0	0	0	0	0	8178651	
544	1	G	6	N	2500	0	1	235	136	49	20	38	0	0	0	0	0	0	0	0	0	0	0	0	8178745	
545	1	G	6	N	2500	0	40	220	184	46	23	41	0	0	0	0	0	0	0	0	0	0	0	0	8179135	
546	1	G	6	N	2500	0	40	263	172	39	19	35	0	0	0	0	0	0	0	0	0	0	0	0	8179135	
547	1	G	6	N	2500	0	40	272	197	51	25	41	0	0	0	0	0	0	0	0	0	0	0	0	8179727	
548	1	G	6	N	2500	0	1	286	137	29	15	35	0	0	0	0	0	0	0	0	0	0	0	0	8179821	
549	1	G	6	N	2500	0	1	54	18	5	5	11	0	0	0	0	0	0	0	0	0	0	0	0	8179837	
550	1	G	6	N	2500	0	2	360	145	32	15	32	0	0	0	0	0	0	0	0	0	0	0	0	8179915	
551	1	G	6	N	2500	0	1	168	146	37	18	31	0	0	0	0	0	0	0	0	0	0	0	0	8180071	
552	1	G	6	N	2500	0	1	190	183	48	23	40	0	0	0	0	0	0	0	0	0	0	0	0	8180289	
553	1	G	6	N	2500	0	1	222	110	21	13	23	0	0	0	0	0	0	0	0	0	0	0	0	8180398	
554	1	G	6	N	2500	0	1	216	109	27	15	25	0	0	0	0	0	0	0	0	0	0	0	0	8180601	
555	1	G	6	N	2500	0	40	371	174	39	20	35	0	0	0	0	0	0	0	0	0	0	0	0	8180819	
556	1	G	6	N	2500	0	1	194	99	24	12	22	0	0	0	0	0	0	0	0	0	0	0	0	8180835	
557	1	G	6	N	2500	0	40	414	169	44	19	36	0	0	0	0	0	0	0	0	0	0	0	0	8181896	
558	1	H	6	N	2500	6	40	380	190	51	21	38	0	0	0	0	0	0	0	0	0	0	0	0	8194485	
559	1	A	7	N	2500	2	1	240	94	16	9	21	0	0	0	0	0	0	0	0	0	0	0	0	8204391	
560	1	A	7	N	2500	2	1	240	149	39	17	36	0	0	0	0	0	0	0	0	0	0	0	0	8205405	
561	1	A	7	N	2500	2	1	161	101	22	12	23	0	0	0	0	0	0	0	0	0	0	0	0	8206279	
562	1	A	7	N	2500	2	2	313	157	35	17	33	0	0	0	0	0	0	0	0	0	0	0	0	8206310	
563	1	A	7	N	2500	6	40	317	141	37	16	29	0	0	0	0	0	0	0	0	0	0	0	0	8206388	
564	1	A	7	N	2500	6	40	228	178	47	22	35	0	0	0	0	0	0	0	0	0	0	0	0	8206404	
565	1	A	7	N	2500	6	40	321	151	39	19	37	0	0	0	0	0	0	0	0	0	0	0	0	8206466	
566	1	A	7	N	2500	0	1	287	124	24	14	28	0	0	0	0	0	0	0	0	0	0	0	0	8206482	
567	1	A	7	N	2500	0	1	65	16	3	0	1	0	0	0	0	0	0	0	0	0	0	0	0	8206918	
568	1	A	7	N	2500	0	1	285	118	22	16	27	0	0	0	0	0	0	0	0	0	0	0	0	8207121	
569	1	A	7	N	2500	0	1	265	108	18	11	22	0	0	0	0	0	0	0	0	0	0	0	0	8208900	
570	1	A	7	N	2500	0	1	306	135	33	18	32	0	0	0	0	0	0	0	0	0	0	0	0	8209383	
571	1	A	7	N	2500	0	2	313	148	35	18	35	0	0	0	0	0	0	0	0	0	0	0	0	8209555	
572	1	A	7	N	2500	0	1	358	95	23	11	21	0	0	0	0	0	0	0	0	0	0	0	0	8209726	
573	1	A	7	N	2500	0	40	257	162	37	20	31	0	0	0	0	0	0	0	0	0	0	0	0	8209726	
574	1	A	7	N	2500	0	1	246	95	18	10	23	0	0	0	0	0	0	0	0	0	0	0	0	8210085	
575	1	A	7	N	2500	0	1	230	105	20	11	23	0	0	0	0	0	0	0	0	0	0	0	0	8210678	
576	1	A	7	N	2500	0	1	97	52	9	5	8	0	0	0	0	0	0	0	0	0	0	0	0	8210772	
577	1	A	7	N	2500	0	2	326	149	34	16	30	0	0	0	0	0	0	0	0	0	0	0	0	8210834	
578	1	A	7	N	2500	0	1	276	121	26	13	23	0	0	0	0	0	0	0	0	0	0	0	0	8211349	
579	1	A	7	N	2500	0	2	321	137	27	14	28	0	0	0	0	0	0	0	0	0	0	0	0	8211692	
580	1	A	7	N	2500	0	1	156	47	10	5	13	0	0	0	0	0	0	0	0	0	0	0	0	8211754	
581	1	A	7	N	2500	0	1	253	99	20	11	20	0	0	0	0	0	0	0	0	0	0	0	0	8211754	
582	1	B	7	N	2500	2	1	219	89	19	10	18	0	0	0	0	0	0	0	0	0	0	0	0	8218712	
583	1	B	7	N	2500	2	1	130	76	14	8	13	0	0	0	0	0	0	0	0	0	0	0	0	8218759	
584	1	B	7	N	2500	2	1	252	99	18	11	21	0	0	0	0	0	0	0	0	0	0	0	0	8218946	
585	1	B	7	N	2500	2	1	100	74	16	10	19	0	0	0	0	0	0	0	0	0	0	0	0	8219617	
586	1	B	7	N	2500	2	1	284	119	26	14	28	0	0	0	0	0	0	0	0	0	0	0	0	8220178	
587	1	B	7	N	2500	2	1	240	114	23	13	24	0	0	0	0	0	0	0	0	0	0	0	0	8220553	
588	1	B	7	N	2500	2	1	268	109	25	12	22	0	0	0	0	0	0	0	0	0	0	0	0	8221192	
589	1	B	7	N	2500	2	1	183	56	9	6	17	0	0	0	0	0	0	0	0	0	0	0	0	8221692	
590	1	B	7	N	2500	2	2	326	147	27	15	29	0	0	0	0	0	0	0	0	0	0	0	0	8221832	
591	1	B	7	N	2500	2	2	305	178	35	20	40	0	0	0	0	0	0	0	0	0	0	0	0	8222128	
592	1	B	7	N	2500	2	1	171	107	21	14	24	0	0	0	0	0	0	0	0	0	0	0	0	8222284	
593	1	B	7	N	2500	2	1	125	87	15	8	19	0	0	0	0	0	0	0	0	0	0	0	0	8222362	
594	1	B	7	N	2500	2	1	282	136	35	16	32	0	0	0	0	0	0	0	0	0	0	0	0	8222425	
595	1	B	7	N	2500	2	1	155	114	23	13	23	0	0	0	0	0	0	0	0	0	0	0	0	8222472	
596	1	B	7	N	2500	2	1	225	137	27	16	26	0	0	0	0	0	0	0	0	0	0	0	0	8222628	
597	1	B	7	N	2500	6	40	382	162	38	18	30	0	0	0	0	0	0	0	0	0	0	0	0	8222706	
598	1	B	7	N	2500	2	1	218	115	30	15	28	0	0	0	0	0	0	0	0	0	0	0	0	8222784	
599	1	B	7	N	2500	8	40	393	168	38	19	34	0	0	0	0	0	0	0	0	0	0	0	0	8222784	
600	1	B	7	N	2500	2	1	273	109	24	11	24	0	0	0	0	0	0	0	0	0	0	0	0	8222830	
601	1	B	7	N	2500	2	1	165	112	21	13	25	0	0	0	0	0	0	0	0	0	0	0	0	8223376	
602	1	B	7	N	2500	2	1	272	117	21	12	22	0	0	0	0	0	0	0	0	0	0	0	0	8223454	
603	1	B	7	N	2500	2	1	180	106	21	11	22	0	0	0	0	0	0	0	0	0	0	0	0	8224515	
604	1	B	7	N	2500	2	1	259	146	36	17	30	0	0	0	0	0	0	0	0	0	0	0	0	8224640	
605	1	B	7	N	2500	2	1	309	135	28	13	26	0	0	0	0	0	0	0	0	0	0	0	0	8225014	
606	1	B	7	N	2500	2	1	175	102	19	12	21	0	0	0	0	0	0	0	0	0	0	0	0	8225170	
607	1	B	7	N	2500	2	1	249	91	16	8	20	0	0	0	0	0	0	0	0	0	0	0	0	8225529	
608	1	C	7	N	2500	2	1	226	119	27	13	22	0	0	0	0	0	0	0	0	0	0	0	0	8233938	
609	1	C	7	N	2500	2	1	193	68	15	7	16	0	0	0	0	0	0	0	0	0	0	0	0	8235404	
610	1	C	7	N	2500	2	1	253	90	15	8	16	0	0	0	0	0	0	0	0	0	0	0	0	8235716	
611	1	C	7	N	2500	2	1	230	84	15	7	16	0	0	0	0	0	0	0	0	0	0	0	0	8235810	
612	1	C	7	N	2500	2	1	235	89	21	13	22	0	0	0	0	0	0	0	0	0	0	0	0	8235856	
613	1	C	7	N	2500	2	1	140	94	17	13	19	0	0	0	0	0	0	0	0	0	0	0	0	8236215	
614	1	C	7	N	2500	2	1	306	127	30	15	30	0	0	0	0	0	0	0	0	0	0	0	0	8236246	
615	1	C	7	N	2500	2	2	336	152	32	17	32	0	0	0	0	0	0	0	0	0	0	0	0	8236574	
616	1	C	7	N	2500	2	1	151	107	21	11	23	0	0	0	0	0	0	0	0	0	0	0	0	8236761	
617	1	C	7	N	2500	2	1	216	130	26	15	27	0	0	0	0	0	0	0	0	0	0	0	0	8236792	
618	1	C	7	N	2500	2	1	165	89	16	10	19	0	0	0	0	0	0	0	0	0	0	0	0	8237011	
619	1	C	7	N	2500	2	1	210	98	20	9	17	0	0	0	0	0	0	0	0	0	0	0	0	8237136	
620	1	C	7	N	2500	2	1	139	94	17	11	17	0	0	0	0	0	0	0	0	0	0	0	0	8237323	
621	1	C	7	N	2500	2	1	233	148	31	15	32	0	0	0	0	0	0	0	0	0	0	0	0	8237338	
622	1	C	7	N	2500	2	2	318	144	30	16	31	0	0	0	0	0	0	0	0	0	0	0	0	8237713	
623	1	C	7	N	2500	6	40	397	168	37	16	34	0	0	0	0	0	0	0	0	0	0	0	0	8238087	
624	1	C	7	N	2500	2	1	300	115	22	11	24	0	0	0	0	0	0	0	0	0	0	0	0	8238150	
625	1	C	7	N	2500	2	1	198	90	17	9	15	0	0	0	0	0	0	0	0	0	0	0	0	8239226	
626	1	C	7	N	2500	2	1	280	114	23	14	27	0	0	0	0	0	0	0	0	0	0	0	0	8239413	
627	1	C	7	N	2500	2	1	297	128	25	13	23	0	0	0	0	0	0	0	0	0	0	0	0	8239928	
628	1	C	7	N	2500	2	1	264	107	21	12	26	0	0	0	0	0	0	0	0	0	0	0	0	8240271	
629	1	C	7	N	2500	2	1	184	102	22	13	27	0	0	0	0	0	0	0	0	0	0	0	0	8240614	
630	1	D	7	N	2500	2	1	233	125	24	15	25	0	0	0	0	0	0	0	0	0	0	0	0	8247853	
631	1	D	7	N	2500	2	1	121	105	23	13	26	0	0	0	0	0	0	0	0	0	0	0	0	8248758	
632	1	D	7	N	2500	6	40	325	159	38	19	32	0	0	0	0	0	0	0	0	0	0	0	0	8248867	
633	1	D	7	N	2500	2	1	275	107	22	15	23	0	0	0	0	0	0	0	0	0	0	0	0	8249226	
634	1	D	7	N	2500	2	1	154	49	8	4	9	0	0	0	0	0	0	0	0	0	0	0	0	8249491	
635	1	D	7	N	2500	2	1	118	74	20	12	21	0	0	0	0	0	0	0	0	0	0	0	0	8249740	
636	1	D	7	N	2500	2	1	219	86	15	8	18	0	0	0	0	0	0	0	0	0	0	0	0	8249974	
637	1	D	7	N	2500	2	1	288	137	27	15	28	0	0	0	0	0	0	0	0	0	0	0	0	8250177	
638	1	D	7	N	2500	2	1	272	117	24	13	25	0	0	0	0	0	0	0	0	0	0	0	0	8250380	
639	1	D	7	N	2500	2	1	231	159	39	20	35	0	0	0	0	0	0	0	0	0	0	0	0	8251347	
640	1	D	7	N	2500	6	40	397	149	40	16	35	0	0	0	0	0	0	0	0	0	0	0	0	8251503	
641	1	D	7	N	2500	2	1	247	94	19	11	21	0	0	0	0	0	0	0	0	0	0	0	0	8252190	
642	1	D	7	N	2500	2	1	186	127	25	16	33	0	0	0	0	0	0	0	0	0	0	0	0	8252751	
643	1	D	7	N	2500	2	1	158	92	19	10	21	0	0	0	0	0	0	0	0	0	0	0	0	8253141	
644	1	D	7	N	2500	2	1	264	108	20	11	21	0	0	0	0	0	0	0	0	0	0	0	0	8253828	
645	1	D	7	N	2500	2	1	171	46	8	5	9	0	0	0	0	0	0	0	0	0	0	0	0	8254015	
646	1	D	7	N	2500	2	1	204	94	31	15	26	0	0	0	0	0	0	0	0	0	0	0	0	8254062	
647	1	D	7	N	2500	2	1	130	76	18	11	20	0	0	0	0	0	0	0	0	0	0	0	0	8254654	
648	1	D	7	N	2500	2	1	273	109	24	15	30	0	0	0	0	0	0	0	0	0	0	0	0	8254670	
649	1	D	7	N	2500	2	1	182	87	19	9	16	0	0	0	0	0	0	0	0	0	0	0	0	8254779	
650	1	D	7	N	2500	2	1	264	93	18	12	22	0	0	0	0	0	0	0	0	0	0	0	0	8254826	
651	1	D	7	N	2500	6	40	369	160	49	21	38	0	0	0	0	0	0	0	0	0	0	0	0	8254904	
652	1	D	7	N	2500	0	1	235	100	21	14	27	0	0	0	0	0	0	0	0	0	0	0	0	8255013	
653	1	E	7	N	2500	2	1	80	29	6	3	10	0	0	0	0	0	0	0	0	0	0	0	0	8264888	
654	1	E	7	N	2500	2	1	202	135	32	18	33	0	0	0	0	0	0	0	0	0	0	0	0	8265122	
655	1	E	7	N	2500	2	1	211	100	18	13	23	0	0	0	0	0	0	0	0	0	0	0	0	8265340	
656	1	E	7	N	2500	2	1	209	85	15	10	17	0	0	0	0	0	0	0	0	0	0	0	0	8265387	
657	1	E	7	N	2500	2	1	217	108	17	11	24	0	0	0	0	0	0	0	0	0	0	0	0	8265403	
658	1	E	7	N	2500	2	1	137	60	16	10	18	0	0	0	0	0	0	0	0	0	0	0	0	8265450	
659	1	E	7	N	2500	2	1	300	141	27	14	26	0	0	0	0	0	0	0	0	0	0	0	0	8265512	
660	1	E	7	N	2500	2	1	295	123	21	13	28	0	0	0	0	0	0	0	0	0	0	0	0	8266120	
661	1	E	7	N	2500	2	1	111	50	7	6	11	0	0	0	0	0	0	0	0	0	0	0	0	8266230	
662	1	E	7	N	2500	2	1	183	83	11	7	12	0	0	0	0	0	0	0	0	0	0	0	0	8266713	
663	1	E	7	N	2500	2	1	299	126	30	15	26	0	0	0	0	0	0	0	0	0	0	0	0	8266791	
664	1	E	7	N	2500	2	1	113	91	17	12	23	0	0	0	0	0	0	0	0	0	0	0	0	8267649	
665	1	E	7	N	2500	2	1	272	143	34	16	27	0	0	0	0	0	0	0	0	0	0	0	0	8268819	
666	1	F	7	N	2500	2	1	190	111	19	11	20	0	0	0	0	0	0	0	0	0	0	0	0	8276978	
667	1	F	7	N	2500	2	1	249	92	15	7	13	0	0	0	0	0	0	0	0	0	0	0	0	8277321	
668	1	F	7	N	2500	2	1	179	98	23	13	20	0	0	0	0	0	0	0	0	0	0	0	0	8277462	
669	1	F	7	N	2500	2	1	308	132	28	15	30	0	0	0	0	0	0	0	0	0	0	0	0	8278101	
670	1	F	7	N	2500	2	2	326	143	34	19	37	0	0	0	0	0	0	0	0	0	0	0	0	8278678	
671	1	F	7	N	2500	2	1	153	100	20	11	18	0	0	0	0	0	0	0	0	0	0	0	0	8278710	
672	1	F	7	N	2500	2	1	104	92	19	14	22	0	0	0	0	0	0	0	0	0	0	0	0	8279349	
673	1	F	7	N	2500	2	1	260	109	19	11	17	0	0	0	0	0	0	0	0	0	0	0	0	8279661	
674	1	F	7	N	2500	2	1	226	123	27	15	24	0	0	0	0	0	0	0	0	0	0	0	0	8280847	
675	1	F	7	N	2500	2	1	136	68	14	6	15	0	0	0	0	0	0	0	0	0	0	0	0	8281206	
676	1	F	7	N	2500	2	1	145	97	20	13	23	0	0	0	0	0	0	0	0	0	0	0	0	8281237	
677	1	F	7	N	2500	2	1	63	12	1	0	2	0	0	0	0	0	0	0	0	0	0	0	0	8281299	
678	1	F	7	N	2500	2	1	192	116	19	12	20	0	0	0	0	0	0	0	0	0	0	0	0	8281596	
679	1	F	7	N	2500	2	1	216	134	28	15	25	0	0	0	0	0	0	0	0	0	0	0	0	8281720	
680	1	F	7	N	2500	2	1	143	80	17	9	20	0	0	0	0	0	0	0	0	0	0	0	0	8281876	
681	1	F	7	N	2500	2	1	305	118	22	11	19	0	0	0	0	0	0	0	0	0	0	0	0	8282251	
682	1	F	7	N	2500	2	1	105	95	17	11	21	0	0	0	0	0	0	0	0	0	0	0	0	8282329	
683	1	F	7	N	2500	2	1	231	85	14	9	21	0	0	0	0	0	0	0	0	0	0	0	0	8282454	
684	1	F	7	N	2500	2	1	293	110	22	10	21	0	0	0	0	0	0	0	0	0	0	0	0	8282485	
685	1	F	7	N	2500	2	1	167	93	18	11	19	0	0	0	0	0	0	0	0	0	0	0	0	8282984	
686	1	F	7	N	2500	2	1	207	85	14	9	18	0	0	0	0	0	0	0	0	0	0	0	0	8283046	
687	1	F	7	N	2500	2	2	312	142	33	15	33	0	0	0	0	0	0	0	0	0	0	0	0	8283436	
688	1	G	7	N	2500	2	1	324	113	23	12	27	0	0	0	0	0	0	0	0	0	0	0	0	8292079	
689	1	G	7	N	2500	2	1	56	10	1	1	2	0	0	0	0	0	0	0	0	0	0	0	0	8292141	
690	1	G	7	N	2500	2	1	160	100	20	14	24	0	0	0	0	0	0	0	0	0	0	0	0	8292594	
691	1	G	7	N	2500	2	1	191	73	12	6	11	0	0	0	0	0	0	0	0	0	0	0	0	8293030	
692	1	G	7	N	2500	2	1	189	90	21	11	22	0	0	0	0	0	0	0	0	0	0	0	0	8293873	
693	1	G	7	N	2500	2	1	124	83	18	10	19	0	0	0	0	0	0	0	0	0	0	0	0	8293982	
694	1	G	7	N	2500	2	1	265	104	25	11	22	0	0	0	0	0	0	0	0	0	0	0	0	8294138	
695	1	G	7	N	2500	2	1	249	119	29	16	26	0	0	0	0	0	0	0	0	0	0	0	0	8294325	
696	1	G	7	N	2500	2	1	284	114	23	12	21	0	0	0	0	0	0	0	0	0	0	0	0	8294372	
697	1	G	7	N	2500	2	1	191	114	32	14	23	0	0	0	0	0	0	0	0	0	0	0	0	8294388	
698	1	G	7	N	2500	2	1	173	140	34	19	30	0	0	0	0	0	0	0	0	0	0	0	0	8294434	
699	1	G	7	N	2500	2	1	127	103	19	11	22	0	0	0	0	0	0	0	0	0	0	0	0	8294497	
700	1	G	7	N	2500	2	1	162	89	16	9	16	0	0	0	0	0	0	0	0	0	0	0	0	8295074	
701	1	G	7	N	2500	2	1	227	117	21	11	16	0	0	0	0	0	0	0	0	0	0	0	0	8295230	
702	1	G	7	N	2500	2	1	247	87	16	9	20	0	0	0	0	0	0	0	0	0	0	0	0	8295261	
703	1	G	7	N	2500	2	1	218	125	37	17	30	0	0	0	0	0	0	0	0	0	0	0	0	8295308	
704	1	G	7	N	2500	2	1	138	39	8	6	16	0	0	0	0	0	0	0	0	0	0	0	0	8295963	
705	1	G	7	N	2500	2	1	174	88	21	12	21	0	0	0	0	0	0	0	0	0	0	0	0	8296431	
706	1	G	7	N	2500	2	1	246	91	16	11	20	0	0	0	0	0	0	0	0	0	0	0	0	8296712	
707	1	G	7	N	2500	2	1	58	14	2	1	1	0	0	0	0	0	0	0	0	0	0	0	0	8296774	
708	1	G	7	N	2500	33	1	161	94	23	13	21	0	0	0	0	0	0	0	0	0	0	0	0	8296774	
709	1	G	7	N	2500	2	1	63	16	2	1	3	0	0	0	0	0	0	0	0	0	0	0	0	8296774	
710	1	G	7	N	2500	6	40	394	199	46	22	39	0	0	0	0	0	0	0	0	0	0	0	0	8297492	
711	1	G	7	N	2500	2	1	108	86	18	9	16	0	0	0	0	0	0	0	0	0	0	0	0	8297695	
712	1	G	7	N	2500	2	1	51	11	5	4	8	0	0	0	0	0	0	0	0	0	0	0	0	8297991	
713	1	H	7	N	2500	2	1	156	94	16	9	18	0	0	0	0	0	0	0	0	0	0	0	0	8312140	
714	1	A	8	N	2500	2	1	261	107	21	12	22	0	0	0	0	0	0	0	0	0	0	0	0	8322062	
715	1	A	8	N	2500	6	40	339	154	39	18	31	0	0	0	0	0	0	0	0	0	0	0	0	8322249	
716	1	A	8	N	2500	2	2	338	142	35	15	25	0	0	0	0	0	0	0	0	0	0	0	0	8322296	
717	1	A	8	N	2500	6	40	308	186	55	26	49	0	0	0	0	0	0	0	0	0	0	0	0	8323170	
718	1	A	8	N	2500	2	1	143	98	22	8	16	0	0	0	0	0	0	0	0	0	0	0	0	8324933	
719	1	A	8	N	2500	6	40	311	209	55	26	48	0	0	0	0	0	0	0	0	0	0	0	0	8326134	
720	1	A	8	N	2500	0	40	279	212	64	27	48	0	0	0	0	0	0	0	0	0	0	0	0	8326446	
721	1	A	8	N	2500	0	40	346	165	46	19	36	0	0	0	0	0	0	0	0	0	0	0	0	8326742	
722	1	A	8	N	2500	0	1	211	175	57	25	48	0	0	0	0	0	0	0	0	0	0	0	0	8327054	
723	1	A	8	N	2500	0	1	199	164	45	21	35	0	0	0	0	0	0	0	0	0	0	0	0	8327351	
724	1	A	8	N	2500	0	40	363	188	43	22	42	0	0	0	0	0	0	0	0	0	0	0	0	8327382	
725	1	A	8	N	2500	0	40	330	153	41	17	31	0	0	0	0	0	0	0	0	0	0	0	0	8328224	
726	1	A	8	N	2500	0	1	178	125	27	13	26	0	0	0	0	0	0	0	0	0	0	0	0	8328583	
727	1	B	8	N	2500	6	40	436	223	50	26	53	0	0	0	0	0	0	0	0	0	0	0	0	8335775	
728	1	B	8	N	2500	6	40	395	173	47	20	37	0	0	0	0	0	0	0	0	0	0	0	0	8336071	
729	1	B	8	N	2500	6	40	377	193	48	26	41	0	0	0	0	0	0	0	0	0	0	0	0	8338146	
730	1	B	8	N	2500	0	40	279	215	53	27	46	0	0	0	0	0	0	0	0	0	0	0	0	8338645	
731	1	B	8	N	2500	0	40	300	188	54	27	46	0	0	0	0	0	0	0	0	0	0	0	0	8339363	
732	1	B	8	N	2500	0	1	235	168	42	21	35	0	0	0	0	0	0	0	0	0	0	0	0	8339799	
733	1	B	8	N	2500	0	2	319	141	30	15	32	0	0	0	0	0	0	0	0	0	0	0	0	8339815	
734	1	B	8	N	2500	0	40	385	147	37	16	30	0	0	0	0	0	0	0	0	0	0	0	0	8339877	
735	1	B	8	N	2500	0	1	306	131	25	12	24	0	0	0	0	0	0	0	0	0	0	0	0	8343200	
736	1	C	8	N	2500	6	40	336	172	41	20	32	0	0	0	0	0	0	0	0	0	0	0	0	8350345	
737	1	C	8	N	2500	2	1	221	135	33	16	30	0	0	0	0	0	0	0	0	0	0	0	0	8350829	
738	1	C	8	N	2500	6	40	412	181	54	23	44	0	0	0	0	0	0	0	0	0	0	0	0	8350985	
739	1	C	8	N	2500	2	1	296	143	36	18	33	0	0	0	0	0	0	0	0	0	0	0	0	8351359	
740	1	C	8	N	2500	6	40	210	208	57	25	40	0	0	0	0	0	0	0	0	0	0	0	0	8351718	
741	1	C	8	N	2500	0	40	205	185	54	26	44	0	0	0	0	0	0	0	0	0	0	0	0	8351936	
742	1	C	8	N	2500	0	1	209	109	22	12	22	0	0	0	0	0	0	0	0	0	0	0	0	8353137	
743	1	C	8	N	2500	0	1	185	102	18	10	17	0	0	0	0	0	0	0	0	0	0	0	0	8353231	
744	1	C	8	N	2500	0	40	292	192	60	26	46	0	0	0	0	0	0	0	0	0	0	0	0	8353278	
745	1	C	8	N	2500	0	1	200	158	40	21	37	0	0	0	0	0	0	0	0	0	0	0	0	8353371	
746	1	C	8	N	2500	0	1	251	148	44	22	38	0	0	0	0	0	0	0	0	0	0	0	0	8353668	
747	1	C	8	N	2500	0	40	196	186	47	25	36	0	0	0	0	0	0	0	0	0	0	0	0	8354120	
748	1	C	8	N	2500	0	40	308	148	39	20	32	0	0	0	0	0	0	0	0	0	0	0	0	8354261	
749	1	C	8	N	2500	0	40	430	191	51	22	42	0	0	0	0	0	0	0	0	0	0	0	0	8354401	
750	1	C	8	N	2500	0	40	270	167	45	21	37	0	0	0	0	0	0	0	0	0	0	0	0	8354604	
751	1	C	8	N	2500	0	40	243	169	46	24	39	0	0	0	0	0	0	0	0	0	0	0	0	8354744	
752	1	C	8	N	2500	0	1	218	106	21	12	26	0	0	0	0	0	0	0	0	0	0	0	0	8355431	
753	1	C	8	N	2500	0	40	332	215	62	28	53	0	0	0	0	0	0	0	0	0	0	0	0	8355836	
754	1	C	8	N	2500	0	40	298	182	44	24	44	0	0	0	0	0	0	0	0	0	0	0	0	8356070	
755	1	C	8	N	2500	0	40	394	166	38	18	29	0	0	0	0	0	0	0	0	0	0	0	0	8356351	
756	1	C	8	N	2500	0	40	369	195	53	27	46	0	0	0	0	0	0	0	0	0	0	0	0	8356772	
757	1	D	8	N	2500	2	1	197	157	36	19	35	0	0	0	0	0	0	0	0	0	0	0	0	8364993	
758	1	D	8	N	2500	6	40	417	190	55	23	46	0	0	0	0	0	0	0	0	0	0	0	0	8366241	
759	1	D	8	N	2500	2	1	160	144	32	20	34	0	0	0	0	0	0	0	0	0	0	0	0	8366538	
760	1	D	8	N	2500	2	1	253	154	44	20	36	0	0	0	0	0	0	0	0	0	0	0	0	8367833	
761	1	D	8	N	2500	6	40	377	187	46	23	37	0	0	0	0	0	0	0	0	0	0	0	0	8368191	
762	1	D	8	N	2500	2	2	354	163	35	18	32	0	0	0	0	0	0	0	0	0	0	0	0	8368332	
763	1	D	8	N	2500	6	40	354	188	48	24	41	0	0	0	0	0	0	0	0	0	0	0	0	8369003	
764	1	D	8	N	2500	0	2	288	153	32	16	24	0	0	0	0	0	0	0	0	0	0	0	0	8370391	
765	1	D	8	N	2500	0	1	225	134	27	15	24	0	0	0	0	0	0	0	0	0	0	0	0	8371389	
766	1	E	8	N	2500	2	1	184	151	37	18	30	0	0	0	0	0	0	0	0	0	0	0	0	8378456	
767	1	E	8	N	2500	2	2	335	153	35	18	31	0	0	0	0	0	0	0	0	0	0	0	0	8378487	
768	1	E	8	N	2500	6	40	339	171	48	20	42	0	0	0	0	0	0	0	0	0	0	0	0	8379252	
769	1	E	8	N	2500	6	40	379	190	45	23	41	0	0	0	0	0	0	0	0	0	0	0	0	8380266	
770	1	E	8	N	2500	2	1	288	117	28	13	24	0	0	0	0	0	0	0	0	0	0	0	0	8380593	
771	1	E	8	N	2500	6	40	421	213	49	26	43	0	0	0	0	0	0	0	0	0	0	0	0	8381093	
772	1	E	8	N	2500	0	1	240	114	24	11	20	0	0	0	0	0	0	0	0	0	0	0	0	8381919	
773	1	E	8	N	2500	0	40	358	170	50	20	35	0	0	0	0	0	0	0	0	0	0	0	0	8382341	
774	1	E	8	N	2500	0	40	428	215	50	23	41	0	0	0	0	0	0	0	0	0	0	0	0	8383245	
775	1	E	8	N	2500	0	40	360	163	39	18	34	0	0	0	0	0	0	0	0	0	0	0	0	8383386	
776	1	E	8	N	2500	0	40	284	190	51	22	35	0	0	0	0	0	0	0	0	0	0	0	0	8383401	
777	1	E	8	N	2500	0	40	288	169	44	21	35	0	0	0	0	0	0	0	0	0	0	0	0	8383713	
778	1	E	8	N	2500	0	1	250	154	38	18	32	0	0	0	0	0	0	0	0	0	0	0	0	8383823	
779	1	E	8	N	2500	0	40	336	168	39	19	32	0	0	0	0	0	0	0	0	0	0	0	0	8384119	
780	1	E	8	N	2500	0	40	282	187	59	24	44	0	0	0	0	0	0	0	0	0	0	0	0	8384228	
781	1	E	8	N	2500	0	40	254	184	40	21	35	0	0	0	0	0	0	0	0	0	0	0	0	8384291	
782	1	E	8	N	2500	0	40	357	171	36	19	29	0	0	0	0	0	0	0	0	0	0	0	0	8384337	
783	1	E	8	N	2500	0	2	329	149	34	17	30	0	0	0	0	0	0	0	0	0	0	0	0	8385476	
784	1	F	8	N	2500	2	1	239	165	38	18	32	0	0	0	0	0	0	0	0	0	0	0	0	8394025	
785	1	F	8	N	2500	6	40	244	190	47	23	41	0	0	0	0	0	0	0	0	0	0	0	0	8395585	
786	1	F	8	N	2500	6	40	414	213	50	25	46	0	0	0	0	0	0	0	0	0	0	0	0	8396178	
787	1	F	8	N	2500	2	1	336	111	21	13	26	0	0	0	0	0	0	0	0	0	0	0	0	8397223	
788	1	F	8	N	2500	2	2	382	160	34	17	32	0	0	0	0	0	0	0	0	0	0	0	0	8397332	
789	1	F	8	N	2500	2	1	235	147	43	22	38	0	0	0	0	0	0	0	0	0	0	0	0	8397457	
790	1	F	8	N	2500	6	40	351	168	43	20	37	0	0	0	0	0	0	0	0	0	0	0	0	8398705	
791	1	F	8	N	2500	0	1	54	12	6	4	5	0	0	0	0	0	0	0	0	0	0	0	0	8399828	
792	1	F	8	N	2500	0	40	393	189	44	21	39	0	0	0	0	0	0	0	0	0	0	0	0	8399984	
793	1	G	8	N	2500	6	40	410	211	54	25	47	0	0	0	0	0	0	0	0	0	0	0	0	8408034	
794	1	G	8	N	2500	2	1	243	135	29	17	32	0	0	0	0	0	0	0	0	0	0	0	0	8408283	
795	1	G	8	N	2500	2	1	187	158	39	18	28	0	0	0	0	0	0	0	0	0	0	0	0	8409750	
796	1	G	8	N	2500	6	40	328	177	50	23	37	0	0	0	0	0	0	0	0	0	0	0	0	8410202	
797	1	G	8	N	2500	6	40	311	215	54	29	51	0	0	0	0	0	0	0	0	0	0	0	0	8410218	
798	1	G	8	N	2500	0	40	399	195	47	23	42	0	0	0	0	0	0	0	0	0	0	0	0	8410561	
799	1	G	8	N	2500	0	1	201	167	44	23	41	0	0	0	0	0	0	0	0	0	0	0	0	8410608	
800	1	G	8	N	2500	0	40	364	163	36	19	33	0	0	0	0	0	0	0	0	0	0	0	0	8410623	
801	1	G	8	N	2500	0	40	387	167	43	19	36	0	0	0	0	0	0	0	0	0	0	0	0	8410733	
802	1	G	8	N	2500	0	40	273	174	44	23	41	0	0	0	0	0	0	0	0	0	0	0	0	8412589	
803	1	G	8	N	2500	0	1	192	133	31	15	25	0	0	0	0	0	0	0	0	0	0	0	0	8412932	
804	1	G	8	N	2500	0	1	167	167	53	24	39	0	0	0	0	0	0	0	0	0	0	0	0	8413213	
805	1	G	8	N	2500	0	40	362	176	49	21	41	0	0	0	0	0	0	0	0	0	0	0	0	8413525	
806	1	A	9	N	2500	2	1	309	120	25	12	27	0	0	0	0	0	0	0	0	0	0	0	0	8436863	
807	1	A	9	N	2500	6	40	267	210	47	24	42	0	0	0	0	0	0	0	0	0	0	0	0	8443165	
808	1	A	9	N	2500	6	40	281	160	39	17	27	0	0	0	0	0	0	0	0	0	0	0	0	8443259	
809	1	B	9	N	2500	6	40	252	191	45	25	38	0	0	0	0	0	0	0	0	0	0	0	0	8452120	
810	1	B	9	N	2500	2	1	289	106	21	10	19	0	0	0	0	0	0	0	0	0	0	0	0	8453196	
811	1	B	9	N	2500	2	1	181	143	32	17	27	0	0	0	0	0	0	0	0	0	0	0	0	8453243	
812	1	B	9	N	2500	6	40	320	187	48	28	47	0	0	0	0	0	0	0	0	0	0	0	0	8453336	
813	1	B	9	N	2500	6	40	366	171	46	20	34	0	0	0	0	0	0	0	0	0	0	0	0	8453586	
814	1	B	9	N	2500	0	40	464	186	56	25	43	0	0	0	0	0	0	0	0	0	0	0	0	8454553	
815	1	B	9	N	2500	0	40	329	146	37	17	30	0	0	0	0	0	0	0	0	0	0	0	0	8454772	
816	1	B	9	N	2500	0	1	197	173	51	25	44	0	0	0	0	0	0	0	0	0	0	0	0	8455286	
817	1	B	9	N	2500	0	1	234	138	33	15	32	0	0	0	0	0	0	0	0	0	0	0	0	8456394	
818	1	B	9	N	2500	0	40	295	151	37	20	37	0	0	0	0	0	0	0	0	0	0	0	0	8456488	
819	1	B	9	N	2500	0	40	419	225	62	29	52	0	0	0	0	0	0	0	0	0	0	0	0	8456644	
820	1	C	9	N	2500	2	2	335	154	34	18	34	0	0	0	0	0	0	0	0	0	0	0	0	8466815	
821	1	C	9	N	2500	2	2	364	151	33	18	33	0	0	0	0	0	0	0	0	0	0	0	0	8467470	
822	1	C	9	N	2500	6	40	349	166	46	21	35	0	0	0	0	0	0	0	0	0	0	0	0	8468172	
823	1	C	9	N	2500	2	2	407	157	31	16	30	0	0	0	0	0	0	0	0	0	0	0	0	8468578	
824	1	C	9	N	2500	2	1	186	154	39	18	33	0	0	0	0	0	0	0	0	0	0	0	0	8469404	
825	1	C	9	N	2500	2	1	214	128	25	15	25	0	0	0	0	0	0	0	0	0	0	0	0	8470169	
826	1	C	9	N	2500	2	1	213	167	49	23	45	0	0	0	0	0	0	0	0	0	0	0	0	8470356	
827	1	C	9	N	2500	2	1	235	130	29	15	26	0	0	0	0	0	0	0	0	0	0	0	0	8470496	
828	1	C	9	N	2500	6	40	349	195	45	23	42	0	0	0	0	0	0	0	0	0	0	0	0	8470606	
829	1	C	9	N	2500	6	40	358	180	40	19	38	0	0	0	0	0	0	0	0	0	0	0	0	8471666	
830	1	D	9	N	2500	6	40	318	178	39	20	42	0	0	0	0	0	0	0	0	0	0	0	0	8480387	
831	1	D	9	N	2500	2	1	213	70	13	8	16	0	0	0	0	0	0	0	0	0	0	0	0	8481151	
832	1	D	9	N	2500	6	40	319	199	59	26	44	0	0	0	0	0	0	0	0	0	0	0	0	8483881	
833	1	D	9	N	2500	2	1	308	123	26	12	23	0	0	0	0	0	0	0	0	0	0	0	0	8485316	
834	1	E	9	N	2500	6	40	253	171	48	23	36	0	0	0	0	0	0	0	0	0	0	0	0	8494754	
835	1	E	9	N	2500	2	1	229	134	26	14	22	0	0	0	0	0	0	0	0	0	0	0	0	8495394	
836	1	E	9	N	2500	2	1	228	155	41	19	36	0	0	0	0	0	0	0	0	0	0	0	0	8495550	
837	1	E	9	N	2500	2	1	226	135	29	15	26	0	0	0	0	0	0	0	0	0	0	0	0	8495909	
838	1	E	9	N	2500	2	1	82	31	4	3	9	0	0	0	0	0	0	0	0	0	0	0	0	8497874	
839	1	E	9	N	2500	2	2	300	144	32	16	32	0	0	0	0	0	0	0	0	0	0	0	0	8498374	
840	1	E	9	N	2500	6	40	362	187	50	22	40	0	0	0	0	0	0	0	0	0	0	0	0	8498436	
841	1	E	9	N	2500	2	1	185	157	42	20	35	0	0	0	0	0	0	0	0	0	0	0	0	8499294	
842	1	E	9	N	2500	6	40	313	181	57	25	45	0	0	0	0	0	0	0	0	0	0	0	0	8499793	
843	1	F	9	N	2500	2	1	223	113	31	16	29	0	0	0	0	0	0	0	0	0	0	0	0	8509138	
844	1	F	9	N	2500	6	40	304	155	38	20	32	0	0	0	0	0	0	0	0	0	0	0	0	8509231	
845	1	F	9	N	2500	6	40	373	191	47	21	43	0	0	0	0	0	0	0	0	0	0	0	0	8511166	
846	1	F	9	N	2500	6	40	369	190	46	22	37	0	0	0	0	0	0	0	0	0	0	0	0	8511259	
847	1	F	9	N	2500	0	40	265	172	44	21	38	0	0	0	0	0	0	0	0	0	0	0	0	8511680	
848	1	F	9	N	2500	0	40	367	188	48	22	43	0	0	0	0	0	0	0	0	0	0	0	0	8513318	
849	1	F	9	N	2500	0	40	388	197	46	25	51	0	0	0	0	0	0	0	0	0	0	0	0	8513428	
850	1	F	9	N	2500	0	40	281	169	51	24	45	0	0	0	0	0	0	0	0	0	0	0	0	8513849	
851	1	F	9	N	2500	0	40	378	210	45	24	43	0	0	0	0	0	0	0	0	0	0	0	0	8513958	
852	1	F	9	N	2500	0	40	400	201	50	24	46	0	0	0	0	0	0	0	0	0	0	0	0	8514301	
853	1	F	9	N	2500	0	1	377	123	28	13	24	0	0	0	0	0	0	0	0	0	0	0	0	8515066	
854	1	G	9	N	2500	6	40	383	214	56	25	44	0	0	0	0	0	0	0	0	0	0	0	0	8522803	
855	1	G	9	N	2500	2	1	189	125	27	13	23	0	0	0	0	0	0	0	0	0	0	0	0	8524098	
856	1	G	9	N	2500	2	1	281	104	18	10	16	0	0	0	0	0	0	0	0	0	0	0	0	8524472	
857	1	G	9	N	2500	6	40	466	228	58	28	49	0	0	0	0	0	0	0	0	0	0	0	0	8526766	
858	1	G	9	N	2500	2	1	231	139	36	19	35	0	0	0	0	0	0	0	0	0	0	0	0	8527670	
859	1	G	9	N	2500	6	40	371	183	51	22	36	0	0	0	0	0	0	0	0	0	0	0	0	8527686	
860	1	A	10	N	2500	2	1	224	161	35	19	29	0	0	0	0	0	0	0	0	0	0	0	0	8552677	
861	1	A	10	N	2500	6	40	336	165	43	22	36	0	0	0	0	0	0	0	0	0	0	0	0	8553442	
862	1	A	10	N	2500	2	1	229	145	32	17	30	0	0	0	0	0	0	0	0	0	0	0	0	8553676	
863	1	A	10	N	2500	2	1	206	151	36	18	28	0	0	0	0	0	0	0	0	0	0	0	0	8553801	
864	1	A	10	N	2500	6	40	337	179	41	22	38	0	0	0	0	0	0	0	0	0	0	0	0	8554799	
865	1	A	10	N	2500	6	40	322	197	52	23	40	0	0	0	0	0	0	0	0	0	0	0	0	8556141	
866	1	A	10	N	2500	0	40	281	193	44	23	40	0	0	0	0	0	0	0	0	0	0	0	0	8556780	
867	1	A	10	N	2500	0	40	273	185	45	23	36	0	0	0	0	0	0	0	0	0	0	0	0	8556811	
868	1	A	10	N	2500	0	40	387	214	63	28	53	0	0	0	0	0	0	0	0	0	0	0	0	8558106	
869	1	A	10	N	2500	0	40	228	200	49	27	39	0	0	0	0	0	0	0	0	0	0	0	0	8558247	
870	1	A	10	N	2500	0	40	366	188	56	24	44	0	0	0	0	0	0	0	0	0	0	0	0	8558449	
871	1	A	10	N	2500	0	40	425	203	50	22	40	0	0	0	0	0	0	0	0	0	0	0	0	8558637	
872	1	A	10	N	2500	0	40	387	177	41	19	38	0	0	0	0	0	0	0	0	0	0	0	0	8558730	
873	1	A	10	N	2500	0	40	332	158	37	17	33	0	0	0	0	0	0	0	0	0	0	0	0	8558777	
874	1	B	10	N	2500	6	40	238	189	52	26	46	0	0	0	0	0	0	0	0	0	0	0	0	8566780	
875	1	B	10	N	2500	6	40	380	146	46	19	36	0	0	0	0	0	0	0	0	0	0	0	0	8567575	
876	1	B	10	N	2500	2	1	153	35	4	1	5	0	0	0	0	0	0	0	0	0	0	0	0	8569167	
877	1	B	10	N	2500	6	40	332	150	40	17	27	0	0	0	0	0	0	0	0	0	0	0	0	8569510	
878	1	B	10	N	2500	0	1	196	148	37	19	33	0	0	0	0	0	0	0	0	0	0	0	0	8569822	
879	1	B	10	N	2500	0	2	350	153	32	17	32	0	0	0	0	0	0	0	0	0	0	0	0	8569962	
880	1	B	10	N	2500	0	2	305	144	30	14	25	0	0	0	0	0	0	0	0	0	0	0	0	8569993	
881	1	B	10	N	2500	0	40	265	178	47	23	39	0	0	0	0	0	0	0	0	0	0	0	0	8570680	
882	1	B	10	N	2500	0	1	196	128	29	15	27	0	0	0	0	0	0	0	0	0	0	0	0	8570867	
883	1	B	10	N	2500	0	40	346	184	50	21	43	0	0	0	0	0	0	0	0	0	0	0	0	8571865	
884	1	B	10	N	2500	0	40	383	178	46	20	36	0	0	0	0	0	0	0	0	0	0	0	0	8572115	
885	1	B	10	N	2500	0	1	59	11	1	0	1	0	0	0	0	0	0	0	0	0	0	0	0	8572708	
886	1	B	10	N	2500	0	40	241	185	53	27	45	0	0	0	0	0	0	0	0	0	0	0	0	8572833	
887	1	B	10	N	2500	0	40	290	186	51	26	44	0	0	0	0	0	0	0	0	0	0	0	0	8572973	
888	1	B	10	N	2500	0	1	150	111	22	12	18	0	0	0	0	0	0	0	0	0	0	0	0	8573893	
889	1	C	10	N	2500	2	1	174	135	45	22	41	0	0	0	0	0	0	0	0	0	0	0	0	8581132	
890	1	C	10	N	2500	2	1	211	177	41	22	40	0	0	0	0	0	0	0	0	0	0	0	0	8582614	
891	1	C	10	N	2500	6	40	373	186	49	23	38	0	0	0	0	0	0	0	0	0	0	0	0	8583909	
892	1	C	10	N	2500	2	1	78	18	3	2	7	0	0	0	0	0	0	0	0	0	0	0	0	8584018	
893	1	C	10	N	2500	6	40	373	178	51	23	38	0	0	0	0	0	0	0	0	0	0	0	0	8584377	
894	1	C	10	N	2500	2	1	325	132	32	14	29	0	0	0	0	0	0	0	0	0	0	0	0	8584579	
895	1	C	10	N	2500	8	40	283	198	60	28	48	0	0	0	0	0	0	0	0	0	0	0	0	8584579	
896	1	C	10	N	2500	2	1	215	179	44	23	39	0	0	0	0	0	0	0	0	0	0	0	0	8584923	
897	1	C	10	N	2500	6	40	336	187	45	22	40	0	0	0	0	0	0	0	0	0	0	0	0	8585874	
898	1	C	10	N	2500	0	1	249	159	38	19	31	0	0	0	0	0	0	0	0	0	0	0	0	8585999	
899	1	C	10	N	2500	0	40	492	200	42	21	35	0	0	0	0	0	0	0	0	0	0	0	0	8586124	
900	1	C	10	N	2500	0	40	355	167	47	20	36	0	0	0	0	0	0	0	0	0	0	0	0	8586139	
901	1	C	10	N	2500	0	40	346	160	36	18	33	0	0	0	0	0	0	0	0	0	0	0	0	8587419	
902	1	C	10	N	2500	0	1	280	150	39	21	35	0	0	0	0	0	0	0	0	0	0	0	0	8587543	
903	1	C	10	N	2500	0	40	423	170	51	23	34	0	0	0	0	0	0	0	0	0	0	0	0	8587699	
904	1	D	10	N	2500	2	1	78	59	14	7	12	0	0	0	0	0	0	0	0	0	0	0	0	8595187	
905	1	D	10	N	2500	33	1	136	91	20	10	17	0	0	0	0	0	0	0	0	0	0	0	0	8595187	
906	1	D	10	N	2500	6	40	377	191	48	22	39	0	0	0	0	0	0	0	0	0	0	0	0	8597668	
907	1	D	10	N	2500	2	1	277	106	24	12	22	0	0	0	0	0	0	0	0	0	0	0	0	8598136	
908	1	D	10	N	2500	2	2	348	155	35	19	31	0	0	0	0	0	0	0	0	0	0	0	0	8598198	
909	1	D	10	N	2500	6	40	369	172	40	19	36	0	0	0	0	0	0	0	0	0	0	0	0	8598339	
910	1	D	10	N	2500	2	1	221	146	36	19	35	0	0	0	0	0	0	0	0	0	0	0	0	8598432	
911	1	D	10	N	2500	6	40	256	169	42	19	31	0	0	0	0	0	0	0	0	0	0	0	0	8599150	
912	1	D	10	N	2500	0	40	347	160	45	17	34	0	0	0	0	0	0	0	0	0	0	0	0	8599509	
913	1	D	10	N	2500	0	1	232	168	43	21	31	0	0	0	0	0	0	0	0	0	0	0	0	8599587	
914	1	D	10	N	2500	0	40	287	164	39	17	27	0	0	0	0	0	0	0	0	0	0	0	0	8599680	
915	1	D	10	N	2500	0	40	348	175	48	22	36	0	0	0	0	0	0	0	0	0	0	0	0	8599774	
916	1	D	10	N	2500	0	40	339	153	38	17	29	0	0	0	0	0	0	0	0	0	0	0	0	8600507	
917	1	D	10	N	2500	0	40	363	182	41	22	36	0	0	0	0	0	0	0	0	0	0	0	0	8600554	
918	1	D	10	N	2500	0	1	184	127	30	16	32	0	0	0	0	0	0	0	0	0	0	0	0	8600647	
919	1	D	10	N	2500	0	40	378	168	46	19	35	0	0	0	0	0	0	0	0	0	0	0	0	8601006	
920	1	D	10	N	2500	0	1	203	170	41	22	42	0	0	0	0	0	0	0	0	0	0	0	0	8602239	
921	1	D	10	N	2500	0	40	352	181	41	21	37	0	0	0	0	0	0	0	0	0	0	0	0	8602504	
922	1	D	10	N	2500	0	40	413	155	39	18	29	0	0	0	0	0	0	0	0	0	0	0	0	8602629	
923	1	D	10	N	2500	0	40	358	169	52	19	39	0	0	0	0	0	0	0	0	0	0	0	0	8602644	
924	1	E	10	N	2500	2	1	66	24	4	1	7	0	0	0	0	0	0	0	0	0	0	0	0	8609508	
925	1	E	10	N	2500	6	40	355	174	38	22	33	0	0	0	0	0	0	0	0	0	0	0	0	8610460	
926	1	E	10	N	2500	2	2	343	166	33	20	33	0	0	0	0	0	0	0	0	0	0	0	0	8610912	
927	1	E	10	N	2500	6	40	363	175	40	21	43	0	0	0	0	0	0	0	0	0	0	0	0	8611521	
928	1	E	10	N	2500	6	40	279	185	50	24	40	0	0	0	0	0	0	0	0	0	0	0	0	8611521	
929	1	E	10	N	2500	0	1	194	170	47	22	32	0	0	0	0	0	0	0	0	0	0	0	0	8611661	
930	1	E	10	N	2500	0	1	338	125	27	13	26	0	0	0	0	0	0	0	0	0	0	0	0	8612113	
931	1	E	10	N	2500	0	40	435	206	58	26	53	0	0	0	0	0	0	0	0	0	0	0	0	8613346	
932	1	E	10	N	2500	0	40	387	184	42	21	37	0	0	0	0	0	0	0	0	0	0	0	0	8613393	
933	1	E	10	N	2500	0	1	177	132	215	224	259	0	0	0	0	0	0	0	0	0	0	0	0	8613549	
934	1	E	10	N	2500	0	2	337	160	34	17	34	0	0	0	0	0	0	0	0	0	0	0	0	8613658	
935	1	E	10	N	2500	0	1	225	167	39	22	32	0	0	0	0	0	0	0	0	0	0	0	0	8614391	
936	1	E	10	N	2500	0	40	200	199	51	26	44	0	0	0	0	0	0	0	0	0	0	0	0	8614687	
937	1	E	10	N	2500	0	1	204	128	27	16	27	0	0	0	0	0	0	0	0	0	0	0	0	8614937	
938	1	E	10	N	2500	0	2	330	136	29	14	28	0	0	0	0	0	0	0	0	0	0	0	0	8615046	
939	1	E	10	N	2500	0	40	395	193	50	24	43	0	0	0	0	0	0	0	0	0	0	0	0	8615062	
940	1	E	10	N	2500	0	40	288	196	45	23	39	0	0	0	0	0	0	0	0	0	0	0	0	8615265	
941	1	E	10	N	2500	0	40	296	188	49	24	41	0	0	0	0	0	0	0	0	0	0	0	0	8616575	
942	1	E	10	N	2500	0	2	377	160	32	16	30	0	0	0	0	0	0	0	0	0	0	0	0	8616591	
943	1	F	10	N	2500	6	40	321	163	37	18	35	0	0	0	0	0	0	0	0	0	0	0	0	8623642	
944	1	F	10	N	2500	6	40	364	168	39	20	35	0	0	0	0	0	0	0	0	0	0	0	0	8624718	
945	1	F	10	N	2500	6	40	349	168	38	21	33	0	0	0	0	0	0	0	0	0	0	0	0	8624983	
946	1	F	10	N	2500	0	1	251	95	18	8	18	0	0	0	0	0	0	0	0	0	0	0	0	8626325	
947	1	F	10	N	2500	0	40	364	182	46	21	36	0	0	0	0	0	0	0	0	0	0	0	0	8626434	
948	1	F	10	N	2500	0	40	348	177	44	21	39	0	0	0	0	0	0	0	0	0	0	0	0	8626606	
949	1	F	10	N	2500	0	2	335	144	28	14	26	0	0	0	0	0	0	0	0	0	0	0	0	8626949	
950	1	F	10	N	2500	0	40	335	167	39	20	34	0	0	0	0	0	0	0	0	0	0	0	0	8627323	
951	1	F	10	N	2500	0	1	235	129	36	17	30	0	0	0	0	0	0	0	0	0	0	0	0	8627401	
952	1	F	10	N	2500	0	40	373	221	50	29	49	0	0	0	0	0	0	0	0	0	0	0	0	8627589	
953	1	F	10	N	2500	0	40	500	212	55	24	42	0	0	0	0	0	0	0	0	0	0	0	0	8627932	
954	1	F	10	N	2500	0	1	218	161	50	24	38	0	0	0	0	0	0	0	0	0	0	0	0	8628213	
955	1	F	10	N	2500	0	2	381	158	30	16	29	0	0	0	0	0	0	0	0	0	0	0	0	8628431	
956	1	F	10	N	2500	0	1	235	149	43	18	31	0	0	0	0	0	0	0	0	0	0	0	0	8629133	
957	1	F	10	N	2500	0	40	374	166	39	18	31	0	0	0	0	0	0	0	0	0	0	0	0	8629695	
958	1	F	10	N	2500	0	40	316	193	54	25	43	0	0	0	0	0	0	0	0	0	0	0	0	8629710	
959	1	F	10	N	2500	0	2	342	150	32	16	31	0	0	0	0	0	0	0	0	0	0	0	0	8629991	
960	1	F	10	N	2500	0	40	412	205	45	25	44	0	0	0	0	0	0	0	0	0	0	0	0	8630412	
961	1	F	10	N	2500	0	1	181	124	28	14	24	0	0	0	0	0	0	0	0	0	0	0	0	8631036	
962	1	G	10	N	2500	2	1	218	122	28	15	28	0	0	0	0	0	0	0	0	0	0	0	0	8638306	
963	1	G	10	N	2500	2	1	454	347	90	44	73	0	0	0	0	0	0	0	0	0	0	0	0	8639351	
964	1	G	10	N	2500	6	40	263	179	48	21	32	0	0	0	0	0	0	0	0	0	0	0	0	8640318	
965	1	G	10	N	2500	6	40	355	190	44	23	39	0	0	0	0	0	0	0	0	0	0	0	0	8640880	
966	1	G	10	N	2500	6	40	378	187	48	21	35	0	0	0	0	0	0	0	0	0	0	0	0	8641239	
967	1	G	10	N	2500	0	40	307	176	38	20	34	0	0	0	0	0	0	0	0	0	0	0	0	8641301	
968	1	G	10	N	2500	0	1	254	118	26	16	27	0	0	0	0	0	0	0	0	0	0	0	0	8641332	
969	1	G	10	N	2500	0	40	263	208	55	26	42	0	0	0	0	0	0	0	0	0	0	0	0	8641660	
970	1	G	10	N	2500	0	40	299	166	41	21	38	0	0	0	0	0	0	0	0	0	0	0	0	8641769	
971	1	G	10	N	2500	0	1	303	122	24	13	21	0	0	0	0	0	0	0	0	0	0	0	0	8641785	
972	1	G	10	N	2500	0	40	343	168	38	18	33	0	0	0	0	0	0	0	0	0	0	0	0	8641941	
973	1	G	10	N	2500	0	40	322	151	37	16	29	0	0	0	0	0	0	0	0	0	0	0	0	8642393	
974	1	G	10	N	2500	0	40	309	170	41	21	34	0	0	0	0	0	0	0	0	0	0	0	0	8642409	
975	1	G	10	N	2500	0	1	164	142	41	21	39	0	0	0	0	0	0	0	0	0	0	0	0	8643111	
976	1	G	10	N	2500	0	40	325	163	37	20	31	0	0	0	0	0	0	0	0	0	0	0	0	8643407	
977	1	G	10	N	2500	0	40	262	171	47	23	39	0	0	0	0	0	0	0	0	0	0	0	0	8643766	
978	1	H	10	N	2500	2	1	176	129	26	14	24	0	0	0	0	0	0	0	0	0	0	0	0	8652923	
979	1	H	10	N	2500	2	1	263	138	32	16	27	0	0	0	0	0	0	0	0	0	0	0	0	8658305	
980	1	A	11	N	2500	6	40	283	165	37	18	32	0	0	0	0	0	0	0	0	0	0	0	0	8668227	
981	1	A	11	N	2500	2	1	193	149	38	19	30	0	0	0	0	0	0	0	0	0	0	0	0	8669428	
982	1	A	11	N	2500	6	40	486	248	59	28	50	0	0	0	0	0	0	0	0	0	0	0	0	8670177	
983	1	A	11	N	2500	2	1	206	164	39	18	32	0	0	0	0	0	0	0	0	0	0	0	0	8670660	
984	1	A	11	N	2500	2	1	280	107	22	13	22	0	0	0	0	0	0	0	0	0	0	0	0	8670785	
985	1	A	11	N	2500	2	1	189	127	25	13	24	0	0	0	0	0	0	0	0	0	0	0	0	8670832	
986	1	A	11	N	2500	6	40	345	169	42	20	41	0	0	0	0	0	0	0	0	0	0	0	0	8670988	
987	1	A	11	N	2500	0	1	271	155	34	18	31	0	0	0	0	0	0	0	0	0	0	0	0	8671503	
988	1	A	11	N	2500	0	40	312	173	48	24	41	0	0	0	0	0	0	0	0	0	0	0	0	8671862	
989	1	A	11	N	2500	0	40	272	195	59	27	44	0	0	0	0	0	0	0	0	0	0	0	0	8672517	
990	1	A	11	N	2500	0	2	325	151	33	17	31	0	0	0	0	0	0	0	0	0	0	0	0	8672751	
991	1	A	11	N	2500	0	40	331	200	43	24	43	0	0	0	0	0	0	0	0	0	0	0	0	8672938	
992	1	A	11	N	2500	0	40	362	182	44	20	38	0	0	0	0	0	0	0	0	0	0	0	0	8674904	
993	1	B	11	N	2500	6	40	429	203	56	28	48	0	0	0	0	0	0	0	0	0	0	0	0	8682516	
994	1	B	11	N	2500	2	2	341	133	28	14	32	0	0	0	0	0	0	0	0	0	0	0	0	8683078	
995	1	B	11	N	2500	6	40	307	186	42	23	43	0	0	0	0	0	0	0	0	0	0	0	0	8684466	
996	1	B	11	N	2500	6	40	223	189	47	23	41	0	0	0	0	0	0	0	0	0	0	0	0	8684778	
997	1	B	11	N	2500	0	1	232	115	23	12	25	0	0	0	0	0	0	0	0	0	0	0	0	8685449	
998	1	B	11	N	2500	0	40	314	188	56	28	46	0	0	0	0	0	0	0	0	0	0	0	0	8686042	
999	1	B	11	N	2500	0	40	277	186	60	23	43	0	0	0	0	0	0	0	0	0	0	0	0	8686682	
1000	1	B	11	N	2500	0	40	376	190	46	21	43	0	0	0	0	0	0	0	0	0	0	0	0	8688210	
1001	1	B	11	N	2500	0	40	247	184	52	23	35	0	0	0	0	0	0	0	0	0	0	0	0	8688803	
1002	1	C	11	N	2500	6	40	360	152	37	18	30	0	0	0	0	0	0	0	0	0	0	0	0	8696837	
1003	1	C	11	N	2500	2	1	197	140	34	16	32	0	0	0	0	0	0	0	0	0	0	0	0	8697290	
1004	1	C	11	N	2500	6	40	302	172	56	25	41	0	0	0	0	0	0	0	0	0	0	0	0	8699162	
1005	1	C	11	N	2500	6	40	373	176	49	20	40	0	0	0	0	0	0	0	0	0	0	0	0	8699255	
1006	1	C	11	N	2500	0	1	210	126	24	13	24	0	0	0	0	0	0	0	0	0	0	0	0	8699692	
1007	1	C	11	N	2500	0	2	318	144	30	14	31	0	0	0	0	0	0	0	0	0	0	0	0	8699973	
1008	1	C	11	N	2500	0	1	183	113	27	12	20	0	0	0	0	0	0	0	0	0	0	0	0	8700425	
1009	1	C	11	N	2500	0	1	182	149	38	18	24	0	0	0	0	0	0	0	0	0	0	0	0	8700675	
1010	1	C	11	N	2500	0	1	160	164	44	22	37	0	0	0	0	0	0	0	0	0	0	0	0	8700737	
1011	1	C	11	N	2500	0	1	162	108	22	13	24	0	0	0	0	0	0	0	0	0	0	0	0	8700846	
1012	1	C	11	N	2500	0	1	322	132	29	16	26	0	0	0	0	0	0	0	0	0	0	0	0	8701018	
1013	1	C	11	N	2500	0	40	246	175	38	21	36	0	0	0	0	0	0	0	0	0	0	0	0	8701626	
1014	1	C	11	N	2500	0	1	219	70	14	6	11	0	0	0	0	0	0	0	0	0	0	0	0	8702032	
1015	1	C	11	N	2500	0	1	243	160	43	21	34	0	0	0	0	0	0	0	0	0	0	0	0	8702625	
1016	1	C	11	N	2500	0	1	196	148	35	17	31	0	0	0	0	0	0	0	0	0	0	0	0	8702812	
1017	1	C	11	N	2500	0	2	339	154	35	18	35	0	0	0	0	0	0	0	0	0	0	0	0	8703140	
1018	1	D	11	N	2500	2	1	198	155	45	21	33	0	0	0	0	0	0	0	0	0	0	0	0	8710877	
1019	1	D	11	N	2500	2	1	64	23	4	2	68	0	0	0	0	0	0	0	0	0	0	0	0	8710908	
1020	1	D	11	N	2500	2	1	140	128	27	14	21	0	0	0	0	0	0	0	0	0	0	0	0	8711033	
1021	1	D	11	N	2500	6	40	368	172	42	20	35	0	0	0	0	0	0	0	0	0	0	0	0	8713170	
1022	1	D	11	N	2500	6	40	272	174	43	23	36	0	0	0	0	0	0	0	0	0	0	0	0	8713248	
1023	1	D	11	N	2500	6	40	252	173	41	22	40	0	0	0	0	0	0	0	0	0	0	0	0	8713545	
1024	1	D	11	N	2500	0	40	367	174	45	23	37	0	0	0	0	0	0	0	0	0	0	0	0	8714309	
1025	1	D	11	N	2500	0	1	211	169	45	21	34	0	0	0	0	0	0	0	0	0	0	0	0	8714840	
1026	1	D	11	N	2500	0	2	338	156	34	17	32	0	0	0	0	0	0	0	0	0	0	0	0	8715386	
1027	1	D	11	N	2500	0	1	231	158	33	16	31	0	0	0	0	0	0	0	0	0	0	0	0	8715479	
1028	1	D	11	N	2500	0	1	307	118	22	13	25	0	0	0	0	0	0	0	0	0	0	0	0	8716353	
1029	1	D	11	N	2500	0	1	306	125	26	12	25	0	0	0	0	0	0	0	0	0	0	0	0	8716696	
1030	1	D	11	N	2500	0	2	301	149	31	16	29	0	0	0	0	0	0	0	0	0	0	0	0	8716712	
1031	1	D	11	N	2500	0	1	213	178	54	25	43	0	0	0	0	0	0	0	0	0	0	0	0	8717663	
1032	1	E	11	N	2500	6	40	344	156	37	16	25	0	0	0	0	0	0	0	0	0	0	0	0	8725635	
1033	1	E	11	N	2500	2	1	237	158	45	23	39	0	0	0	0	0	0	0	0	0	0	0	0	8726462	
1034	1	E	11	N	2500	2	1	265	148	32	16	28	0	0	0	0	0	0	0	0	0	0	0	0	8726898	
1035	1	E	11	N	2500	6	40	363	173	40	20	37	0	0	0	0	0	0	0	0	0	0	0	0	8727881	
1036	1	E	11	N	2500	6	40	356	174	41	20	39	0	0	0	0	0	0	0	0	0	0	0	0	8728349	
1037	1	E	11	N	2500	0	40	361	163	44	21	39	0	0	0	0	0	0	0	0	0	0	0	0	8728895	
1038	1	E	11	N	2500	0	2	265	163	33	20	36	0	0	0	0	0	0	0	0	0	0	0	0	8729098	
1039	1	E	11	N	2500	0	40	281	157	40	18	30	0	0	0	0	0	0	0	0	0	0	0	0	8729628	
1040	1	E	11	N	2500	0	40	255	189	46	23	39	0	0	0	0	0	0	0	0	0	0	0	0	8729925	
1041	1	E	11	N	2500	0	1	179	193	52	26	47	0	0	0	0	0	0	0	0	0	0	0	0	8730112	
1042	1	E	11	N	2500	0	1	287	145	33	16	31	0	0	0	0	0	0	0	0	0	0	0	0	8730221	
1043	1	E	11	N	2500	0	40	350	194	48	22	48	0	0	0	0	0	0	0	0	0	0	0	0	8730393	
1044	1	E	11	N	2500	0	2	258	163	33	17	28	0	0	0	0	0	0	0	0	0	0	0	0	8730705	
1045	1	E	11	N	2500	0	1	183	43	10	8	20	0	0	0	0	0	0	0	0	0	0	0	0	8731313	
1046	1	E	11	N	2500	0	40	308	162	41	19	27	0	0	0	0	0	0	0	0	0	0	0	0	8731844	
1047	1	F	11	N	2500	2	1	418	131	32	13	27	0	0	0	0	0	0	0	0	0	0	0	0	8738864	
1048	1	F	11	N	2500	2	1	149	85	37	18	31	0	0	0	0	0	0	0	0	0	0	0	0	8739722	
1049	1	F	11	N	2500	6	40	364	188	46	22	46	0	0	0	0	0	0	0	0	0	0	0	0	8739878	
1050	1	F	11	N	2500	6	40	340	174	39	21	37	0	0	0	0	0	0	0	0	0	0	0	0	8740392	
1051	1	F	11	N	2500	2	1	178	102	26	12	16	0	0	0	0	0	0	0	0	0	0	0	0	8740486	
1052	1	F	11	N	2500	2	1	262	157	50	22	37	0	0	0	0	0	0	0	0	0	0	0	0	8740502	
1053	1	F	11	N	2500	6	40	333	179	45	25	43	0	0	0	0	0	0	0	0	0	0	0	0	8741906	
1054	1	F	11	N	2500	0	1	146	111	20	12	20	0	0	0	0	0	0	0	0	0	0	0	0	8742046	
1055	1	F	11	N	2500	0	1	225	149	38	21	41	0	0	0	0	0	0	0	0	0	0	0	0	8742296	
1056	1	F	11	N	2500	0	1	278	108	21	12	21	0	0	0	0	0	0	0	0	0	0	0	0	8742686	
1057	1	F	11	N	2500	0	40	393	181	47	21	35	0	0	0	0	0	0	0	0	0	0	0	0	8742826	
1058	1	F	11	N	2500	0	40	273	161	39	18	32	0	0	0	0	0	0	0	0	0	0	0	0	8742826	
1059	1	F	11	N	2500	0	40	372	200	58	24	44	0	0	0	0	0	0	0	0	0	0	0	0	8742857	
1060	1	F	11	N	2500	0	2	320	138	33	14	25	0	0	0	0	0	0	0	0	0	0	0	0	8742888	
1061	1	F	11	N	2500	0	40	341	165	38	20	34	0	0	0	0	0	0	0	0	0	0	0	0	8742920	
1062	1	F	11	N	2500	0	1	273	149	34	19	27	0	0	0	0	0	0	0	0	0	0	0	0	8743200	
1063	1	F	11	N	2500	0	1	195	170	44	20	32	0	0	0	0	0	0	0	0	0	0	0	0	8743450	
1064	1	F	11	N	2500	0	1	307	121	24	12	20	0	0	0	0	0	0	0	0	0	0	0	0	8744012	
1065	1	F	11	N	2500	0	2	361	161	35	16	29	0	0	0	0	0	0	0	0	0	0	0	0	8744480	
1066	1	F	11	N	2500	0	40	359	203	51	25	43	0	0	0	0	0	0	0	0	0	0	0	0	8744558	
1067	1	F	11	N	2500	0	1	250	149	47	20	35	0	0	0	0	0	0	0	0	0	0	0	0	8744698	
1068	1	F	11	N	2500	0	1	215	114	28	12	25	0	0	0	0	0	0	0	0	0	0	0	0	8744760	
1069	1	F	11	N	2500	0	1	238	155	35	19	29	0	0	0	0	0	0	0	0	0	0	0	0	8744776	
1070	1	F	11	N	2500	0	40	250	221	52	26	49	0	0	0	0	0	0	0	0	0	0	0	0	8745400	
1071	1	G	11	N	2500	2	1	182	172	46	23	39	0	0	0	0	0	0	0	0	0	0	0	0	8753762	
1072	1	G	11	N	2500	6	40	333	147	38	17	34	0	0	0	0	0	0	0	0	0	0	0	0	8754495	
1073	1	G	11	N	2500	2	1	297	124	30	15	26	0	0	0	0	0	0	0	0	0	0	0	0	8755228	
1074	1	G	11	N	2500	2	2	343	146	31	15	26	0	0	0	0	0	0	0	0	0	0	0	0	8755868	
1075	1	G	11	N	2500	6	40	212	201	52	26	43	0	0	0	0	0	0	0	0	0	0	0	0	8756414	
1076	1	G	11	N	2500	6	40	230	189	47	23	42	0	0	0	0	0	0	0	0	0	0	0	0	8756460	
1077	1	G	11	N	2500	0	40	370	185	52	23	43	0	0	0	0	0	0	0	0	0	0	0	0	8756882	
1078	1	G	11	N	2500	0	40	363	161	37	17	30	0	0	0	0	0	0	0	0	0	0	0	0	8757287	
1079	1	G	11	N	2500	0	40	244	178	39	19	29	0	0	0	0	0	0	0	0	0	0	0	0	8757818	
1080	1	G	11	N	2500	0	1	409	145	39	15	26	0	0	0	0	0	0	0	0	0	0	0	0	8757864	
1081	1	G	11	N	2500	0	40	347	163	41	19	31	0	0	0	0	0	0	0	0	0	0	0	0	8758036	
1082	1	G	11	N	2500	0	1	200	163	38	21	32	0	0	0	0	0	0	0	0	0	0	0	0	8758364	
1083	1	G	11	N	2500	0	40	332	153	42	18	35	0	0	0	0	0	0	0	0	0	0	0	0	8759050	
1084	1	G	11	N	2500	0	40	231	192	52	25	41	0	0	0	0	0	0	0	0	0	0	0	0	8759456	
1085	1	H	11	N	2500	2	1	122	30	6	1	3	0	0	0	0	0	0	0	0	0	0	0	0	8770454	
1086	1	H	11	N	2500	33	1	66	22	3	1	2	0	0	0	0	0	0	0	0	0	0	0	0	8770454	


Threshold source: EXT,  value 50
Min TOF = 50
EXT signal gain 1.6
Green signal gain 3.0
Yellow signal gain 3.0
Red signal gain 3.0
Green PMT voltage 700
Yellow PMT voltage 700
Red PMT voltage 900
Signal multipliers: 1.0,1.0,1.0,1.0
C:\Users\unionbio\Desktop\COPAS Templates\USE for L4 dispense_columns_KSE.csv