Id	Plate	Row	Column	Clog	Scan rate	Status sort	Status sel	TOF	EXT	Green	Yellow	Red	PH Ext	PW Ext	PC Ext	PH Green	PW Green	PCGreen	PH Yellow	PW Yellow	PCYellow	PH Red	PW Red	PCRed	Time Stamp	
0	1	A	1	N	2500	2	1	57	12	2	1	5	0	0	0	0	0	0	0	0	0	0	0	0	10439516	
1	1	A	1	N	2500	6	40	227	203	51	22	41	0	0	0	0	0	0	0	0	0	0	0	0	10440889	
2	1	A	1	N	2500	6	40	383	199	44	20	29	0	0	0	0	0	0	0	0	0	0	0	0	10441107	
3	1	A	1	N	2500	6	40	371	179	39	18	31	0	0	0	0	0	0	0	0	0	0	0	0	10442137	
4	1	A	1	N	2500	0	2	328	137	27	13	21	0	0	0	0	0	0	0	0	0	0	0	0	10442246	
5	1	A	1	N	2500	0	1	74	17	4	2	4	0	0	0	0	0	0	0	0	0	0	0	0	10443557	
6	1	A	1	N	2500	0	1	217	136	32	16	29	0	0	0	0	0	0	0	0	0	0	0	0	10443557	
7	1	A	1	N	2500	0	40	366	189	58	22	42	0	0	0	0	0	0	0	0	0	0	0	0	10443837	
8	1	A	1	N	2500	0	40	321	224	65	29	55	0	0	0	0	0	0	0	0	0	0	0	0	10444243	
9	1	A	1	N	2500	0	40	239	197	47	21	39	0	0	0	0	0	0	0	0	0	0	0	0	10445616	
10	1	A	1	N	2500	0	40	285	194	42	23	34	0	0	0	0	0	0	0	0	0	0	0	0	10445897	
11	1	B	1	N	2500	6	40	293	200	49	22	37	0	0	0	0	0	0	0	0	0	0	0	0	10453619	
12	1	B	1	N	2500	2	1	75	14	1	1	2	0	0	0	0	0	0	0	0	0	0	0	0	10453915	
13	1	B	1	N	2500	6	40	374	176	38	17	30	0	0	0	0	0	0	0	0	0	0	0	0	10455600	
14	1	B	1	N	2500	2	1	262	139	25	13	29	0	0	0	0	0	0	0	0	0	0	0	0	10456083	
15	1	B	1	N	2500	2	1	214	177	47	23	38	0	0	0	0	0	0	0	0	0	0	0	0	10456567	
16	1	B	1	N	2500	2	1	88	38	5	3	7	0	0	0	0	0	0	0	0	0	0	0	0	10457035	
17	1	B	1	N	2500	6	40	347	205	51	25	41	0	0	0	0	0	0	0	0	0	0	0	0	10457238	
18	1	B	1	N	2500	0	40	435	202	55	22	42	0	0	0	0	0	0	0	0	0	0	0	0	10457924	
19	1	B	1	N	2500	0	40	313	183	45	23	39	0	0	0	0	0	0	0	0	0	0	0	0	10458345	
20	1	B	1	N	2500	0	40	400	204	52	23	39	0	0	0	0	0	0	0	0	0	0	0	0	10458517	
21	1	B	1	N	2500	0	1	247	145	28	14	25	0	0	0	0	0	0	0	0	0	0	0	0	10459047	
22	1	B	1	N	2500	0	40	422	208	50	22	43	0	0	0	0	0	0	0	0	0	0	0	0	10459313	
23	1	B	1	N	2500	0	1	230	133	23	13	26	0	0	0	0	0	0	0	0	0	0	0	0	10460124	
24	1	B	1	N	2500	0	40	501	238	53	23	49	0	0	0	0	0	0	0	0	0	0	0	0	10460155	
25	1	C	1	N	2500	2	1	236	127	27	13	27	0	0	0	0	0	0	0	0	0	0	0	0	10467284	
26	1	C	1	N	2500	2	1	265	152	37	17	33	0	0	0	0	0	0	0	0	0	0	0	0	10467627	
27	1	C	1	N	2500	6	40	330	206	57	24	41	0	0	0	0	0	0	0	0	0	0	0	0	10468220	
28	1	C	1	N	2500	6	40	352	180	37	19	32	0	0	0	0	0	0	0	0	0	0	0	0	10468345	
29	1	C	1	N	2500	2	1	217	145	31	15	25	0	0	0	0	0	0	0	0	0	0	0	0	10468719	
30	1	C	1	N	2500	2	1	247	142	34	15	27	0	0	0	0	0	0	0	0	0	0	0	0	10469655	
31	1	C	1	N	2500	2	1	133	85	17	8	14	0	0	0	0	0	0	0	0	0	0	0	0	10469936	
32	1	C	1	N	2500	6	40	314	229	50	27	43	0	0	0	0	0	0	0	0	0	0	0	0	10470061	
33	1	C	1	N	2500	0	40	279	190	51	23	41	0	0	0	0	0	0	0	0	0	0	0	0	10470295	
34	1	C	1	N	2500	0	40	397	198	48	21	37	0	0	0	0	0	0	0	0	0	0	0	0	10471839	
35	1	C	1	N	2500	0	1	225	139	25	14	24	0	0	0	0	0	0	0	0	0	0	0	0	10472261	
36	1	C	1	N	2500	0	1	241	136	29	13	22	0	0	0	0	0	0	0	0	0	0	0	0	10472510	
37	1	C	1	N	2500	0	40	370	194	45	20	40	0	0	0	0	0	0	0	0	0	0	0	0	10473103	
38	1	C	1	N	2500	0	40	420	201	52	21	41	0	0	0	0	0	0	0	0	0	0	0	0	10474055	
39	1	C	1	N	2500	0	40	341	151	39	15	23	0	0	0	0	0	0	0	0	0	0	0	0	10474304	
40	1	D	1	N	2500	6	40	236	198	48	24	38	0	0	0	0	0	0	0	0	0	0	0	0	10483259	
41	1	D	1	N	2500	6	40	389	190	42	19	39	0	0	0	0	0	0	0	0	0	0	0	0	10484210	
42	1	D	1	N	2500	2	1	167	164	37	19	31	0	0	0	0	0	0	0	0	0	0	0	0	10484382	
43	1	D	1	N	2500	6	40	336	172	41	17	30	0	0	0	0	0	0	0	0	0	0	0	0	10484600	
44	1	D	1	N	2500	0	40	260	192	43	23	41	0	0	0	0	0	0	0	0	0	0	0	0	10484866	
45	1	D	1	N	2500	0	40	239	182	48	21	35	0	0	0	0	0	0	0	0	0	0	0	0	10484866	
46	1	D	1	N	2500	0	40	388	211	48	23	43	0	0	0	0	0	0	0	0	0	0	0	0	10485131	
47	1	D	1	N	2500	0	40	376	196	48	21	35	0	0	0	0	0	0	0	0	0	0	0	0	10485162	
48	1	D	1	N	2500	0	40	348	168	38	17	29	0	0	0	0	0	0	0	0	0	0	0	0	10485349	
49	1	D	1	N	2500	0	1	587	292	60	26	50	0	0	0	0	0	0	0	0	0	0	0	0	10486129	
50	1	D	1	N	2500	0	40	368	190	45	20	37	0	0	0	0	0	0	0	0	0	0	0	0	10486909	
51	1	D	1	N	2500	0	40	368	185	44	21	35	0	0	0	0	0	0	0	0	0	0	0	0	10487596	
52	1	D	1	N	2500	0	2	373	165	34	17	34	0	0	0	0	0	0	0	0	0	0	0	0	10487658	
53	1	E	1	N	2500	2	2	341	152	34	15	27	0	0	0	0	0	0	0	0	0	0	0	0	10495427	
54	1	E	1	N	2500	6	40	346	177	51	19	36	0	0	0	0	0	0	0	0	0	0	0	0	10496020	
55	1	E	1	N	2500	2	1	583	293	71	31	56	0	0	0	0	0	0	0	0	0	0	0	0	10496113	
56	1	E	1	N	2500	2	1	171	113	20	12	19	0	0	0	0	0	0	0	0	0	0	0	0	10496316	
57	1	E	1	N	2500	6	40	253	190	43	19	35	0	0	0	0	0	0	0	0	0	0	0	0	10497486	
58	1	E	1	N	2500	2	1	307	117	22	10	18	0	0	0	0	0	0	0	0	0	0	0	0	10498562	
59	1	E	1	N	2500	6	40	355	169	39	18	35	0	0	0	0	0	0	0	0	0	0	0	0	10499124	
60	1	E	1	N	2500	0	40	256	172	42	20	34	0	0	0	0	0	0	0	0	0	0	0	0	10499452	
61	1	E	1	N	2500	0	40	351	195	53	22	38	0	0	0	0	0	0	0	0	0	0	0	0	10499826	
62	1	E	1	N	2500	0	40	290	180	51	24	40	0	0	0	0	0	0	0	0	0	0	0	0	10499888	
63	1	E	1	N	2500	0	1	182	192	59	25	47	0	0	0	0	0	0	0	0	0	0	0	0	10500434	
64	1	E	1	N	2500	0	40	226	187	47	21	35	0	0	0	0	0	0	0	0	0	0	0	0	10500528	
65	1	E	1	N	2500	0	40	336	221	58	25	44	0	0	0	0	0	0	0	0	0	0	0	0	10500528	
66	1	E	1	N	2500	0	40	347	237	54	29	49	0	0	0	0	0	0	0	0	0	0	0	0	10500637	
67	1	E	1	N	2500	0	1	263	101	19	9	18	0	0	0	0	0	0	0	0	0	0	0	0	10500653	
68	1	E	1	N	2500	0	40	357	172	45	19	32	0	0	0	0	0	0	0	0	0	0	0	0	10500887	
69	1	E	1	N	2500	0	2	339	161	33	17	30	0	0	0	0	0	0	0	0	0	0	0	0	10501261	
70	1	E	1	N	2500	0	40	402	202	53	23	40	0	0	0	0	0	0	0	0	0	0	0	0	10501261	
71	1	E	1	N	2500	0	1	168	136	34	16	27	0	0	0	0	0	0	0	0	0	0	0	0	10501526	
72	1	F	1	N	2500	2	1	176	123	24	12	19	0	0	0	0	0	0	0	0	0	0	0	0	10510668	
73	1	F	1	N	2500	6	40	372	190	47	21	36	0	0	0	0	0	0	0	0	0	0	0	0	10511401	
74	1	F	1	N	2500	6	40	332	164	40	16	30	0	0	0	0	0	0	0	0	0	0	0	0	10511542	
75	1	F	1	N	2500	6	40	359	193	42	22	40	0	0	0	0	0	0	0	0	0	0	0	0	10513523	
76	1	F	1	N	2500	0	40	219	195	46	22	38	0	0	0	0	0	0	0	0	0	0	0	0	10513788	
77	1	F	1	N	2500	0	2	314	150	31	15	29	0	0	0	0	0	0	0	0	0	0	0	0	10513835	
78	1	F	1	N	2500	0	40	343	150	37	16	26	0	0	0	0	0	0	0	0	0	0	0	0	10514256	
79	1	F	1	N	2500	0	1	66	24	21	24	67	0	0	0	0	0	0	0	0	0	0	0	0	10514396	
80	1	F	1	N	2500	0	40	352	176	42	18	27	0	0	0	0	0	0	0	0	0	0	0	0	10514396	
81	1	F	1	N	2500	0	40	377	192	42	20	35	0	0	0	0	0	0	0	0	0	0	0	0	10515161	
82	1	F	1	N	2500	0	40	306	186	45	22	35	0	0	0	0	0	0	0	0	0	0	0	0	10515254	
83	1	F	1	N	2500	0	1	192	169	47	22	38	0	0	0	0	0	0	0	0	0	0	0	0	10515956	
84	1	F	1	N	2500	0	40	382	216	54	23	38	0	0	0	0	0	0	0	0	0	0	0	0	10516112	
85	1	F	1	N	2500	0	40	454	222	54	24	43	0	0	0	0	0	0	0	0	0	0	0	0	10516502	
86	1	F	1	N	2500	0	2	360	135	27	12	21	0	0	0	0	0	0	0	0	0	0	0	0	10516924	
87	1	F	1	N	2500	0	40	364	176	47	20	36	0	0	0	0	0	0	0	0	0	0	0	0	10517267	
88	1	G	1	N	2500	2	1	130	43	5	3	6	0	0	0	0	0	0	0	0	0	0	0	0	10525254	
89	1	G	1	N	2500	6	40	188	209	61	27	40	0	0	0	0	0	0	0	0	0	0	0	0	10526096	
90	1	G	1	N	2500	2	1	60	10	1	0	2	0	0	0	0	0	0	0	0	0	0	0	0	10526939	
91	1	G	1	N	2500	2	1	2212	413	41	31	93	0	0	0	0	0	0	0	0	0	0	0	0	10526939	
92	1	G	1	N	2500	2	1	93	15	1	0	3	0	0	0	0	0	0	0	0	0	0	0	0	10526939	
93	1	G	1	N	2500	33	1	63	10	1	0	0	0	0	0	0	0	0	0	0	0	0	0	0	10526939	
94	1	G	1	N	2500	2	1	297	106	19	10	21	0	0	0	0	0	0	0	0	0	0	0	0	10527110	
95	1	G	1	N	2500	6	40	459	265	69	30	53	0	0	0	0	0	0	0	0	0	0	0	0	10528951	
96	1	G	1	N	2500	6	40	334	169	43	18	32	0	0	0	0	0	0	0	0	0	0	0	0	10529762	
97	1	G	1	N	2500	0	40	300	195	47	21	37	0	0	0	0	0	0	0	0	0	0	0	0	10529981	
98	1	G	1	N	2500	0	2	277	158	33	18	33	0	0	0	0	0	0	0	0	0	0	0	0	10530464	
99	1	G	1	N	2500	0	40	389	187	40	20	31	0	0	0	0	0	0	0	0	0	0	0	0	10530527	
100	1	H	1	N	2500	2	1	152	105	16	8	15	0	0	0	0	0	0	0	0	0	0	0	0	10545406	
101	1	A	2	N	2500	2	1	205	122	28	13	24	0	0	0	0	0	0	0	0	0	0	0	0	10558089	
102	1	B	2	N	2500	6	40	375	182	41	19	33	0	0	0	0	0	0	0	0	0	0	0	0	10575124	
103	1	C	2	N	2500	2	1	283	129	33	15	23	0	0	0	0	0	0	0	0	0	0	0	0	10586621	
104	1	C	2	N	2500	6	40	457	205	52	23	42	0	0	0	0	0	0	0	0	0	0	0	0	10588446	
105	1	C	2	N	2500	6	40	370	180	45	21	39	0	0	0	0	0	0	0	0	0	0	0	0	10588478	
106	1	D	2	N	2500	6	40	236	178	37	20	30	0	0	0	0	0	0	0	0	0	0	0	0	10600989	
107	1	D	2	N	2500	6	40	367	152	37	15	27	0	0	0	0	0	0	0	0	0	0	0	0	10602580	
108	1	D	2	N	2500	2	1	54	30	25	13	33	0	0	0	0	0	0	0	0	0	0	0	0	10604281	
109	1	E	2	N	2500	2	1	193	162	47	21	34	0	0	0	0	0	0	0	0	0	0	0	0	10613859	
110	1	E	2	N	2500	6	40	314	170	48	22	37	0	0	0	0	0	0	0	0	0	0	0	0	10614124	
111	1	E	2	N	2500	6	40	243	178	44	20	35	0	0	0	0	0	0	0	0	0	0	0	0	10614686	
112	1	E	2	N	2500	6	40	351	179	41	20	33	0	0	0	0	0	0	0	0	0	0	0	0	10615091	
113	1	E	2	N	2500	0	40	320	172	53	21	40	0	0	0	0	0	0	0	0	0	0	0	0	10615341	
114	1	E	2	N	2500	0	40	324	163	41	18	31	0	0	0	0	0	0	0	0	0	0	0	0	10616199	
115	1	E	2	N	2500	0	40	330	186	54	22	40	0	0	0	0	0	0	0	0	0	0	0	0	10616293	
116	1	E	2	N	2500	0	40	298	174	39	19	34	0	0	0	0	0	0	0	0	0	0	0	0	10617026	
117	1	E	2	N	2500	0	40	229	183	47	23	37	0	0	0	0	0	0	0	0	0	0	0	0	10617353	
118	1	E	2	N	2500	0	40	515	213	52	25	40	0	0	0	0	0	0	0	0	0	0	0	0	10617353	
119	1	E	2	N	2500	0	40	230	176	38	21	35	0	0	0	0	0	0	0	0	0	0	0	0	10619257	
120	1	F	2	N	2500	2	1	206	182	55	25	43	0	0	0	0	0	0	0	0	0	0	0	0	10627743	
121	1	F	2	N	2500	6	40	376	186	44	21	42	0	0	0	0	0	0	0	0	0	0	0	0	10630255	
122	1	F	2	N	2500	6	40	240	179	47	23	38	0	0	0	0	0	0	0	0	0	0	0	0	10630629	
123	1	F	2	N	2500	2	1	262	117	25	12	24	0	0	0	0	0	0	0	0	0	0	0	0	10630957	
124	1	F	2	N	2500	6	40	346	203	51	25	44	0	0	0	0	0	0	0	0	0	0	0	0	10631300	
125	1	F	2	N	2500	0	40	440	220	53	21	36	0	0	0	0	0	0	0	0	0	0	0	0	10632142	
126	1	F	2	N	2500	0	40	282	211	53	25	48	0	0	0	0	0	0	0	0	0	0	0	0	10633141	
127	1	F	2	N	2500	0	40	364	180	44	20	34	0	0	0	0	0	0	0	0	0	0	0	0	10633889	
128	1	G	2	N	2500	6	40	357	175	43	20	32	0	0	0	0	0	0	0	0	0	0	0	0	10644076	
129	1	G	2	N	2500	6	40	319	206	58	28	44	0	0	0	0	0	0	0	0	0	0	0	0	10644326	
130	1	G	2	N	2500	2	1	267	134	29	15	23	0	0	0	0	0	0	0	0	0	0	0	0	10644700	
131	1	G	2	N	2500	2	2	287	160	32	16	26	0	0	0	0	0	0	0	0	0	0	0	0	10645090	
132	1	G	2	N	2500	2	1	323	128	26	12	20	0	0	0	0	0	0	0	0	0	0	0	0	10645543	
133	1	G	2	N	2500	2	2	378	141	25	15	30	0	0	0	0	0	0	0	0	0	0	0	0	10645979	
134	1	G	2	N	2500	6	40	329	200	53	26	46	0	0	0	0	0	0	0	0	0	0	0	0	10646541	
135	1	G	2	N	2500	0	40	383	193	45	21	39	0	0	0	0	0	0	0	0	0	0	0	0	10646666	
136	1	G	2	N	2500	0	40	466	211	51	21	37	0	0	0	0	0	0	0	0	0	0	0	0	10647305	
137	1	A	3	N	2500	2	1	250	159	40	22	41	0	0	0	0	0	0	0	0	0	0	0	0	10670503	
138	1	A	3	N	2500	2	2	337	152	34	18	33	0	0	0	0	0	0	0	0	0	0	0	0	10670627	
139	1	A	3	N	2500	6	40	244	171	44	21	33	0	0	0	0	0	0	0	0	0	0	0	0	10671626	
140	1	A	3	N	2500	2	2	329	149	32	16	30	0	0	0	0	0	0	0	0	0	0	0	0	10672172	
141	1	A	3	N	2500	2	1	158	41	5	3	8	0	0	0	0	0	0	0	0	0	0	0	0	10672624	
142	1	A	3	N	2500	2	2	270	160	36	18	36	0	0	0	0	0	0	0	0	0	0	0	0	10672796	
143	1	A	3	N	2500	6	40	346	177	44	21	36	0	0	0	0	0	0	0	0	0	0	0	0	10672827	
144	1	A	3	N	2500	2	2	326	151	35	16	27	0	0	0	0	0	0	0	0	0	0	0	0	10673872	
145	1	A	3	N	2500	6	40	337	168	45	18	34	0	0	0	0	0	0	0	0	0	0	0	0	10674403	
146	1	A	3	N	2500	0	40	447	225	62	26	45	0	0	0	0	0	0	0	0	0	0	0	0	10674512	
147	1	A	3	N	2500	0	40	244	169	47	27	43	0	0	0	0	0	0	0	0	0	0	0	0	10674746	
148	1	A	3	N	2500	0	40	411	198	50	21	42	0	0	0	0	0	0	0	0	0	0	0	0	10674855	
149	1	A	3	N	2500	0	1	188	158	43	19	31	0	0	0	0	0	0	0	0	0	0	0	0	10675089	
150	1	A	3	N	2500	0	40	379	195	47	22	36	0	0	0	0	0	0	0	0	0	0	0	0	10676337	
151	1	A	3	N	2500	0	40	214	186	49	24	43	0	0	0	0	0	0	0	0	0	0	0	0	10676415	
152	1	A	3	N	2500	0	40	386	198	45	21	38	0	0	0	0	0	0	0	0	0	0	0	0	10677039	
153	1	A	3	N	2500	0	40	266	189	48	23	43	0	0	0	0	0	0	0	0	0	0	0	0	10677320	
154	1	B	3	N	2500	6	40	370	183	47	22	39	0	0	0	0	0	0	0	0	0	0	0	0	10685385	
155	1	B	3	N	2500	2	1	230	148	31	15	29	0	0	0	0	0	0	0	0	0	0	0	0	10686134	
156	1	B	3	N	2500	6	40	375	203	48	23	44	0	0	0	0	0	0	0	0	0	0	0	0	10687132	
157	1	B	3	N	2500	6	40	359	165	43	19	36	0	0	0	0	0	0	0	0	0	0	0	0	10688162	
158	1	B	3	N	2500	0	40	398	212	56	25	44	0	0	0	0	0	0	0	0	0	0	0	0	10688177	
159	1	B	3	N	2500	0	40	261	185	52	24	38	0	0	0	0	0	0	0	0	0	0	0	0	10689628	
160	1	B	3	N	2500	0	40	223	180	53	25	39	0	0	0	0	0	0	0	0	0	0	0	0	10690112	
161	1	B	3	N	2500	0	40	440	219	50	24	45	0	0	0	0	0	0	0	0	0	0	0	0	10690159	
162	1	B	3	N	2500	0	40	255	210	61	23	42	0	0	0	0	0	0	0	0	0	0	0	0	10692124	
163	1	B	3	N	2500	0	40	349	187	53	21	38	0	0	0	0	0	0	0	0	0	0	0	0	10692171	
164	1	C	3	N	2500	2	1	235	142	35	16	26	0	0	0	0	0	0	0	0	0	0	0	0	10704604	
165	1	C	3	N	2500	2	2	305	169	35	18	29	0	0	0	0	0	0	0	0	0	0	0	0	10705509	
166	1	D	3	N	2500	2	1	309	128	28	14	25	0	0	0	0	0	0	0	0	0	0	0	0	10714822	
167	1	D	3	N	2500	6	40	224	191	45	25	41	0	0	0	0	0	0	0	0	0	0	0	0	10715774	
168	1	D	3	N	2500	6	40	354	175	42	18	33	0	0	0	0	0	0	0	0	0	0	0	0	10716024	
169	1	D	3	N	2500	6	40	293	170	40	20	36	0	0	0	0	0	0	0	0	0	0	0	0	10717537	
170	1	D	3	N	2500	0	40	378	166	38	19	31	0	0	0	0	0	0	0	0	0	0	0	0	10717802	
171	1	D	3	N	2500	0	40	302	162	46	23	40	0	0	0	0	0	0	0	0	0	0	0	0	10718941	
172	1	D	3	N	2500	0	1	220	159	54	26	40	0	0	0	0	0	0	0	0	0	0	0	0	10719456	
173	1	D	3	N	2500	0	1	257	136	40	17	29	0	0	0	0	0	0	0	0	0	0	0	0	10719736	
174	1	D	3	N	2500	0	40	370	204	52	24	39	0	0	0	0	0	0	0	0	0	0	0	0	10720251	
175	1	E	3	N	2500	2	2	362	160	35	18	31	0	0	0	0	0	0	0	0	0	0	0	0	10730812	
176	1	E	3	N	2500	6	40	363	183	43	19	37	0	0	0	0	0	0	0	0	0	0	0	0	10731078	
177	1	E	3	N	2500	6	40	398	188	50	23	43	0	0	0	0	0	0	0	0	0	0	0	0	10731811	
178	1	E	3	N	2500	6	40	361	173	42	21	36	0	0	0	0	0	0	0	0	0	0	0	0	10732435	
179	1	E	3	N	2500	0	40	306	148	36	16	28	0	0	0	0	0	0	0	0	0	0	0	0	10732981	
180	1	E	3	N	2500	0	40	312	191	46	24	41	0	0	0	0	0	0	0	0	0	0	0	0	10733433	
181	1	E	3	N	2500	0	40	368	182	40	19	32	0	0	0	0	0	0	0	0	0	0	0	0	10733652	
182	1	E	3	N	2500	0	40	364	206	59	26	44	0	0	0	0	0	0	0	0	0	0	0	0	10734182	
183	1	F	3	N	2500	2	1	274	96	18	12	22	0	0	0	0	0	0	0	0	0	0	0	0	10742138	
184	1	F	3	N	2500	2	1	205	171	46	21	38	0	0	0	0	0	0	0	0	0	0	0	0	10742341	
185	1	F	3	N	2500	2	1	282	102	20	11	19	0	0	0	0	0	0	0	0	0	0	0	0	10743495	
186	1	F	3	N	2500	2	1	171	174	49	23	40	0	0	0	0	0	0	0	0	0	0	0	0	10743573	
187	1	F	3	N	2500	6	40	365	185	50	23	41	0	0	0	0	0	0	0	0	0	0	0	0	10744322	
188	1	F	3	N	2500	6	40	399	208	50	25	41	0	0	0	0	0	0	0	0	0	0	0	0	10744650	
189	1	F	3	N	2500	6	40	382	184	43	20	37	0	0	0	0	0	0	0	0	0	0	0	0	10746007	
190	1	F	3	N	2500	0	40	349	179	45	21	34	0	0	0	0	0	0	0	0	0	0	0	0	10746100	
191	1	F	3	N	2500	0	2	320	145	35	16	28	0	0	0	0	0	0	0	0	0	0	0	0	10746194	
192	1	F	3	N	2500	0	2	351	141	26	14	21	0	0	0	0	0	0	0	0	0	0	0	0	10746662	
193	1	F	3	N	2500	0	40	469	195	39	19	31	0	0	0	0	0	0	0	0	0	0	0	0	10746849	
194	1	F	3	N	2500	0	40	331	167	38	17	31	0	0	0	0	0	0	0	0	0	0	0	0	10747364	
195	1	F	3	N	2500	0	40	208	216	65	28	51	0	0	0	0	0	0	0	0	0	0	0	0	10748440	
196	1	F	3	N	2500	0	40	250	215	58	26	45	0	0	0	0	0	0	0	0	0	0	0	0	10748799	
197	1	G	3	N	2500	2	1	193	177	57	23	45	0	0	0	0	0	0	0	0	0	0	0	0	10756864	
198	1	G	3	N	2500	2	1	245	139	30	16	28	0	0	0	0	0	0	0	0	0	0	0	0	10757504	
199	1	G	3	N	2500	2	2	312	139	32	15	26	0	0	0	0	0	0	0	0	0	0	0	0	10758799	
200	1	G	3	N	2500	6	40	386	202	49	23	39	0	0	0	0	0	0	0	0	0	0	0	0	10758892	
201	1	G	3	N	2500	6	40	354	181	45	20	29	0	0	0	0	0	0	0	0	0	0	0	0	10758939	
202	1	G	3	N	2500	6	40	260	189	57	24	44	0	0	0	0	0	0	0	0	0	0	0	0	10759516	
203	1	G	3	N	2500	0	40	258	198	42	24	38	0	0	0	0	0	0	0	0	0	0	0	0	10759626	
204	1	G	3	N	2500	0	40	398	172	41	19	35	0	0	0	0	0	0	0	0	0	0	0	0	10759953	
205	1	G	3	N	2500	0	40	320	178	52	21	40	0	0	0	0	0	0	0	0	0	0	0	0	10760062	
206	1	G	3	N	2500	0	40	259	173	44	19	41	0	0	0	0	0	0	0	0	0	0	0	0	10760156	
207	1	G	3	N	2500	0	40	375	199	51	22	38	0	0	0	0	0	0	0	0	0	0	0	0	10760296	
208	1	G	3	N	2500	0	1	286	109	24	10	21	0	0	0	0	0	0	0	0	0	0	0	0	10761154	
209	1	G	3	N	2500	0	1	243	122	22	12	21	0	0	0	0	0	0	0	0	0	0	0	0	10761217	
210	1	G	3	N	2500	0	40	370	193	49	22	36	0	0	0	0	0	0	0	0	0	0	0	0	10762293	
211	1	G	3	N	2500	0	40	372	189	45	22	41	0	0	0	0	0	0	0	0	0	0	0	0	10763557	
212	1	A	4	N	2500	6	40	454	187	41	19	34	0	0	0	0	0	0	0	0	0	0	0	0	10787581	
213	1	A	4	N	2500	6	40	350	136	40	17	33	0	0	0	0	0	0	0	0	0	0	0	0	10787690	
214	1	A	4	N	2500	2	1	291	126	25	14	24	0	0	0	0	0	0	0	0	0	0	0	0	10788486	
215	1	A	4	N	2500	2	1	213	150	39	18	27	0	0	0	0	0	0	0	0	0	0	0	0	10789219	
216	1	A	4	N	2500	2	1	186	100	20	10	18	0	0	0	0	0	0	0	0	0	0	0	0	10789453	
217	1	A	4	N	2500	6	40	319	148	38	17	27	0	0	0	0	0	0	0	0	0	0	0	0	10790701	
218	1	A	4	N	2500	0	40	408	178	42	19	34	0	0	0	0	0	0	0	0	0	0	0	0	10791060	
219	1	A	4	N	2500	0	40	366	172	42	19	30	0	0	0	0	0	0	0	0	0	0	0	0	10791387	
220	1	A	4	N	2500	0	1	177	108	22	11	17	0	0	0	0	0	0	0	0	0	0	0	0	10792027	
221	1	A	4	N	2500	0	1	171	143	35	17	32	0	0	0	0	0	0	0	0	0	0	0	0	10792386	
222	1	A	4	N	2500	0	2	321	139	28	14	26	0	0	0	0	0	0	0	0	0	0	0	0	10792542	
223	1	B	4	N	2500	2	1	246	141	35	16	28	0	0	0	0	0	0	0	0	0	0	0	0	10801668	
224	1	B	4	N	2500	6	40	369	183	44	21	35	0	0	0	0	0	0	0	0	0	0	0	0	10802463	
225	1	B	4	N	2500	6	40	263	206	53	26	42	0	0	0	0	0	0	0	0	0	0	0	0	10803196	
226	1	B	4	N	2500	2	1	129	87	16	8	15	0	0	0	0	0	0	0	0	0	0	0	0	10805505	
227	1	B	4	N	2500	6	40	337	192	54	23	40	0	0	0	0	0	0	0	0	0	0	0	0	10807346	
228	1	C	4	N	2500	2	1	319	125	21	11	23	0	0	0	0	0	0	0	0	0	0	0	0	10815645	
229	1	C	4	N	2500	2	1	290	113	21	12	21	0	0	0	0	0	0	0	0	0	0	0	0	10819405	
230	1	D	4	N	2500	2	1	193	148	38	17	26	0	0	0	0	0	0	0	0	0	0	0	0	10829701	
231	1	D	4	N	2500	2	1	134	100	19	1	5	0	0	0	0	0	0	0	0	0	0	0	0	10830153	
232	1	D	4	N	2500	2	2	335	148	35	17	34	0	0	0	0	0	0	0	0	0	0	0	0	10831807	
233	1	D	4	N	2500	2	1	169	92	20	11	19	0	0	0	0	0	0	0	0	0	0	0	0	10833507	
234	1	D	4	N	2500	2	1	213	165	34	19	30	0	0	0	0	0	0	0	0	0	0	0	0	10833695	
235	1	D	4	N	2500	2	2	255	179	35	19	38	0	0	0	0	0	0	0	0	0	0	0	0	10834209	
236	1	D	4	N	2500	2	2	380	157	33	17	33	0	0	0	0	0	0	0	0	0	0	0	0	10834241	
237	1	D	4	N	2500	2	1	238	150	38	17	24	0	0	0	0	0	0	0	0	0	0	0	0	10834958	
238	1	D	4	N	2500	2	1	51	13	5	2	4	0	0	0	0	0	0	0	0	0	0	0	0	10835364	
239	1	D	4	N	2500	2	1	236	146	31	17	27	0	0	0	0	0	0	0	0	0	0	0	0	10835457	
240	1	D	4	N	2500	6	40	482	216	52	25	45	0	0	0	0	0	0	0	0	0	0	0	0	10836019	
241	1	E	4	N	2500	2	1	254	156	34	18	32	0	0	0	0	0	0	0	0	0	0	0	0	10845207	
242	1	E	4	N	2500	2	2	330	151	31	15	29	0	0	0	0	0	0	0	0	0	0	0	0	10846611	
243	1	E	4	N	2500	2	2	332	160	35	18	26	0	0	0	0	0	0	0	0	0	0	0	0	10847251	
244	1	E	4	N	2500	2	2	328	147	35	15	29	0	0	0	0	0	0	0	0	0	0	0	0	10847454	
245	1	E	4	N	2500	2	1	52	15	9	4	7	0	0	0	0	0	0	0	0	0	0	0	0	10848047	
246	1	E	4	N	2500	33	1	117	78	51	22	34	0	0	0	0	0	0	0	0	0	0	0	0	10848047	
247	1	E	4	N	2500	6	40	346	162	46	19	42	0	0	0	0	0	0	0	0	0	0	0	0	10848078	
248	1	E	4	N	2500	6	40	314	164	37	19	33	0	0	0	0	0	0	0	0	0	0	0	0	10848140	
249	1	E	4	N	2500	2	1	306	137	37	16	29	0	0	0	0	0	0	0	0	0	0	0	0	10848249	
250	1	E	4	N	2500	2	1	193	111	26	12	19	0	0	0	0	0	0	0	0	0	0	0	0	10848593	
251	1	E	4	N	2500	2	1	289	116	23	11	24	0	0	0	0	0	0	0	0	0	0	0	0	10848998	
252	1	E	4	N	2500	6	40	335	164	39	18	28	0	0	0	0	0	0	0	0	0	0	0	0	10849185	
253	1	E	4	N	2500	0	40	229	180	44	23	37	0	0	0	0	0	0	0	0	0	0	0	0	10849841	
254	1	E	4	N	2500	0	2	362	162	35	17	35	0	0	0	0	0	0	0	0	0	0	0	0	10849981	
255	1	E	4	N	2500	0	40	362	157	36	18	29	0	0	0	0	0	0	0	0	0	0	0	0	10850075	
256	1	F	4	N	2500	6	40	332	165	46	20	34	0	0	0	0	0	0	0	0	0	0	0	0	10859622	
257	1	F	4	N	2500	6	40	405	213	56	25	45	0	0	0	0	0	0	0	0	0	0	0	0	10860605	
258	1	F	4	N	2500	6	40	305	156	37	18	28	0	0	0	0	0	0	0	0	0	0	0	0	10861041	
259	1	F	4	N	2500	0	40	254	176	46	21	40	0	0	0	0	0	0	0	0	0	0	0	0	10861104	
260	1	F	4	N	2500	0	1	256	152	35	20	31	0	0	0	0	0	0	0	0	0	0	0	0	10861650	
261	1	F	4	N	2500	0	40	336	155	40	18	30	0	0	0	0	0	0	0	0	0	0	0	0	10861790	
262	1	F	4	N	2500	0	1	237	160	36	21	34	0	0	0	0	0	0	0	0	0	0	0	0	10862617	
263	1	F	4	N	2500	0	1	250	154	35	18	35	0	0	0	0	0	0	0	0	0	0	0	0	10862633	
264	1	F	4	N	2500	0	1	52	20	4	2	5	0	0	0	0	0	0	0	0	0	0	0	0	10863803	
265	1	F	4	N	2500	0	2	297	153	32	17	25	0	0	0	0	0	0	0	0	0	0	0	0	10863927	
266	1	F	4	N	2500	0	40	400	181	38	19	30	0	0	0	0	0	0	0	0	0	0	0	0	10864411	
267	1	G	4	N	2500	2	1	233	159	38	18	35	0	0	0	0	0	0	0	0	0	0	0	0	10871977	
268	1	G	4	N	2500	6	40	291	209	54	27	42	0	0	0	0	0	0	0	0	0	0	0	0	10872773	
269	1	G	4	N	2500	6	40	408	202	49	21	39	0	0	0	0	0	0	0	0	0	0	0	0	10874099	
270	1	G	4	N	2500	2	1	314	129	29	13	25	0	0	0	0	0	0	0	0	0	0	0	0	10874223	
271	1	G	4	N	2500	6	40	410	223	54	25	45	0	0	0	0	0	0	0	0	0	0	0	0	10875315	
272	1	G	4	N	2500	0	1	232	157	34	17	29	0	0	0	0	0	0	0	0	0	0	0	0	10875471	
273	1	G	4	N	2500	0	1	296	143	35	16	24	0	0	0	0	0	0	0	0	0	0	0	0	10875799	
274	1	G	4	N	2500	0	1	229	163	50	23	41	0	0	0	0	0	0	0	0	0	0	0	0	10876142	
275	1	G	4	N	2500	0	40	376	178	46	20	33	0	0	0	0	0	0	0	0	0	0	0	0	10876673	
276	1	G	4	N	2500	0	40	485	205	53	26	48	0	0	0	0	0	0	0	0	0	0	0	0	10876719	
277	1	G	4	N	2500	0	2	318	207	301	333	473	0	0	0	0	0	0	0	0	0	0	0	0	10878170	
278	1	G	4	N	2500	0	40	350	168	41	20	38	0	0	0	0	0	0	0	0	0	0	0	0	10878467	
279	1	G	4	N	2500	0	40	349	162	40	17	31	0	0	0	0	0	0	0	0	0	0	0	0	10878732	
280	1	A	5	N	2500	2	1	128	129	35	17	27	0	0	0	0	0	0	0	0	0	0	0	0	10901726	
281	1	A	5	N	2500	6	40	328	154	37	19	29	0	0	0	0	0	0	0	0	0	0	0	0	10902335	
282	1	A	5	N	2500	6	40	309	178	38	19	31	0	0	0	0	0	0	0	0	0	0	0	0	10902678	
283	1	A	5	N	2500	2	1	218	146	34	20	35	0	0	0	0	0	0	0	0	0	0	0	0	10903520	
284	1	A	5	N	2500	2	1	161	111	19	11	19	0	0	0	0	0	0	0	0	0	0	0	0	10903910	
285	1	A	5	N	2500	2	1	167	132	44	18	30	0	0	0	0	0	0	0	0	0	0	0	0	10904222	
286	1	A	5	N	2500	6	40	414	195	40	19	35	0	0	0	0	0	0	0	0	0	0	0	0	10904378	
287	1	A	5	N	2500	0	1	177	167	44	21	37	0	0	0	0	0	0	0	0	0	0	0	0	10904768	
288	1	A	5	N	2500	0	40	445	215	49	26	49	0	0	0	0	0	0	0	0	0	0	0	0	10905127	
289	1	A	5	N	2500	0	40	248	196	55	25	41	0	0	0	0	0	0	0	0	0	0	0	0	10905189	
290	1	A	5	N	2500	0	1	526	230	78	27	47	0	0	0	0	0	0	0	0	0	0	0	0	10906344	
291	1	A	5	N	2500	0	1	260	119	26	14	24	0	0	0	0	0	0	0	0	0	0	0	0	10906531	
292	1	A	5	N	2500	0	40	318	177	44	22	38	0	0	0	0	0	0	0	0	0	0	0	0	10906734	
293	1	A	5	N	2500	0	40	368	193	43	21	37	0	0	0	0	0	0	0	0	0	0	0	0	10907077	
294	1	A	5	N	2500	0	1	195	179	45	22	40	0	0	0	0	0	0	0	0	0	0	0	0	10907951	
295	1	A	5	N	2500	0	1	286	109	18	10	18	0	0	0	0	0	0	0	0	0	0	0	0	10908528	
296	1	A	5	N	2500	0	40	308	168	49	23	35	0	0	0	0	0	0	0	0	0	0	0	0	10908918	
297	1	B	5	N	2500	2	1	194	151	33	17	27	0	0	0	0	0	0	0	0	0	0	0	0	10916047	
298	1	B	5	N	2500	2	1	101	25	4	3	8	0	0	0	0	0	0	0	0	0	0	0	0	10916281	
299	1	B	5	N	2500	2	1	183	169	43	24	39	0	0	0	0	0	0	0	0	0	0	0	0	10917467	
300	1	B	5	N	2500	2	1	191	124	27	13	27	0	0	0	0	0	0	0	0	0	0	0	0	10918309	
301	1	B	5	N	2500	6	40	362	176	46	22	35	0	0	0	0	0	0	0	0	0	0	0	0	10918559	
302	1	B	5	N	2500	2	1	183	120	22	11	23	0	0	0	0	0	0	0	0	0	0	0	0	10919417	
303	1	B	5	N	2500	2	2	327	147	35	16	32	0	0	0	0	0	0	0	0	0	0	0	0	10919495	
304	1	B	5	N	2500	6	40	257	174	41	21	38	0	0	0	0	0	0	0	0	0	0	0	0	10919729	
305	1	B	5	N	2500	2	1	263	156	38	19	33	0	0	0	0	0	0	0	0	0	0	0	0	10919885	
306	1	B	5	N	2500	2	1	257	161	42	18	34	0	0	0	0	0	0	0	0	0	0	0	0	10919994	
307	1	B	5	N	2500	6	40	376	179	44	22	42	0	0	0	0	0	0	0	0	0	0	0	0	10920243	
308	1	B	5	N	2500	0	1	53	18	2	0	1	0	0	0	0	0	0	0	0	0	0	0	0	10920290	
309	1	B	5	N	2500	0	40	249	173	48	21	36	0	0	0	0	0	0	0	0	0	0	0	0	10920555	
310	1	B	5	N	2500	0	40	381	188	46	22	38	0	0	0	0	0	0	0	0	0	0	0	0	10921008	
311	1	B	5	N	2500	0	40	368	169	37	18	33	0	0	0	0	0	0	0	0	0	0	0	0	10921164	
312	1	B	5	N	2500	0	40	307	150	36	16	32	0	0	0	0	0	0	0	0	0	0	0	0	10921320	
313	1	B	5	N	2500	0	1	242	162	39	20	30	0	0	0	0	0	0	0	0	0	0	0	0	10921569	
314	1	B	5	N	2500	0	1	294	137	28	15	28	0	0	0	0	0	0	0	0	0	0	0	0	10921819	
315	1	B	5	N	2500	0	40	297	187	42	21	38	0	0	0	0	0	0	0	0	0	0	0	0	10922147	
316	1	B	5	N	2500	0	1	223	138	33	15	24	0	0	0	0	0	0	0	0	0	0	0	0	10922381	
317	1	B	5	N	2500	0	40	215	182	49	22	36	0	0	0	0	0	0	0	0	0	0	0	0	10922958	
318	1	C	5	N	2500	2	1	128	27	4	2	3	0	0	0	0	0	0	0	0	0	0	0	0	10930711	
319	1	C	5	N	2500	6	40	357	231	64	29	46	0	0	0	0	0	0	0	0	0	0	0	0	10931990	
320	1	C	5	N	2500	6	40	334	160	42	18	33	0	0	0	0	0	0	0	0	0	0	0	0	10932240	
321	1	C	5	N	2500	2	2	322	144	30	14	25	0	0	0	0	0	0	0	0	0	0	0	0	10932318	
322	1	C	5	N	2500	2	1	215	154	36	18	32	0	0	0	0	0	0	0	0	0	0	0	0	10932552	
323	1	C	5	N	2500	2	1	205	148	37	16	29	0	0	0	0	0	0	0	0	0	0	0	0	10932724	
324	1	C	5	N	2500	6	40	344	163	37	18	34	0	0	0	0	0	0	0	0	0	0	0	0	10933036	
325	1	C	5	N	2500	0	1	148	106	24	13	22	0	0	0	0	0	0	0	0	0	0	0	0	10933207	
326	1	C	5	N	2500	0	40	340	180	42	21	39	0	0	0	0	0	0	0	0	0	0	0	0	10933628	
327	1	C	5	N	2500	0	40	370	179	42	20	34	0	0	0	0	0	0	0	0	0	0	0	0	10933847	
328	1	C	5	N	2500	0	2	334	136	27	13	25	0	0	0	0	0	0	0	0	0	0	0	0	10934003	
329	1	C	5	N	2500	0	1	237	159	46	21	37	0	0	0	0	0	0	0	0	0	0	0	0	10934752	
330	1	C	5	N	2500	0	40	346	162	45	19	36	0	0	0	0	0	0	0	0	0	0	0	0	10935407	
331	1	C	5	N	2500	0	1	263	154	46	23	42	0	0	0	0	0	0	0	0	0	0	0	0	10935485	
332	1	C	5	N	2500	0	40	349	182	40	19	30	0	0	0	0	0	0	0	0	0	0	0	0	10935656	
333	1	C	5	N	2500	0	1	185	137	31	15	27	0	0	0	0	0	0	0	0	0	0	0	0	10936000	
334	1	C	5	N	2500	0	1	310	133	29	14	25	0	0	0	0	0	0	0	0	0	0	0	0	10936608	
335	1	C	5	N	2500	0	1	263	119	26	12	20	0	0	0	0	0	0	0	0	0	0	0	0	10937263	
336	1	D	5	N	2500	6	40	352	237	58	28	49	0	0	0	0	0	0	0	0	0	0	0	0	10944221	
337	1	D	5	N	2500	2	1	254	157	43	20	34	0	0	0	0	0	0	0	0	0	0	0	0	10947060	
338	1	D	5	N	2500	6	40	348	160	36	17	28	0	0	0	0	0	0	0	0	0	0	0	0	10947107	
339	1	D	5	N	2500	2	1	177	146	36	17	28	0	0	0	0	0	0	0	0	0	0	0	0	10947232	
340	1	D	5	N	2500	6	40	384	196	51	23	44	0	0	0	0	0	0	0	0	0	0	0	0	10947341	
341	1	D	5	N	2500	0	40	283	201	55	27	45	0	0	0	0	0	0	0	0	0	0	0	0	10947388	
342	1	D	5	N	2500	0	1	249	156	42	18	27	0	0	0	0	0	0	0	0	0	0	0	0	10947637	
343	1	D	5	N	2500	0	1	157	181	54	26	43	0	0	0	0	0	0	0	0	0	0	0	0	10947715	
344	1	D	5	N	2500	0	1	307	138	36	16	26	0	0	0	0	0	0	0	0	0	0	0	0	10947824	
345	1	D	5	N	2500	0	40	219	179	50	24	40	0	0	0	0	0	0	0	0	0	0	0	0	10947965	
346	1	D	5	N	2500	0	40	250	184	51	25	43	0	0	0	0	0	0	0	0	0	0	0	0	10948027	
347	1	D	5	N	2500	0	1	166	135	26	14	25	0	0	0	0	0	0	0	0	0	0	0	0	10948136	
348	1	D	5	N	2500	0	2	368	152	33	17	28	0	0	0	0	0	0	0	0	0	0	0	0	10948199	
349	1	D	5	N	2500	0	1	311	111	22	12	24	0	0	0	0	0	0	0	0	0	0	0	0	10948246	
350	1	D	5	N	2500	0	40	284	162	43	19	33	0	0	0	0	0	0	0	0	0	0	0	0	10949416	
351	1	D	5	N	2500	0	2	321	145	35	17	28	0	0	0	0	0	0	0	0	0	0	0	0	10949759	
352	1	D	5	N	2500	0	1	178	130	26	15	25	0	0	0	0	0	0	0	0	0	0	0	0	10950508	
353	1	E	5	N	2500	6	40	297	188	49	22	38	0	0	0	0	0	0	0	0	0	0	0	0	10959868	
354	1	E	5	N	2500	6	40	439	206	52	27	49	0	0	0	0	0	0	0	0	0	0	0	0	10960476	
355	1	E	5	N	2500	2	2	277	163	32	16	30	0	0	0	0	0	0	0	0	0	0	0	0	10961256	
356	1	E	5	N	2500	2	2	321	155	35	17	35	0	0	0	0	0	0	0	0	0	0	0	0	10961334	
357	1	E	5	N	2500	2	1	227	158	51	22	36	0	0	0	0	0	0	0	0	0	0	0	0	10961396	
358	1	E	5	N	2500	2	1	75	15	2	1	4	0	0	0	0	0	0	0	0	0	0	0	0	10961896	
359	1	E	5	N	2500	8	40	372	202	46	24	41	0	0	0	0	0	0	0	0	0	0	0	0	10961911	
360	1	E	5	N	2500	2	1	242	138	28	15	26	0	0	0	0	0	0	0	0	0	0	0	0	10962894	
361	1	E	5	N	2500	6	40	293	185	45	25	40	0	0	0	0	0	0	0	0	0	0	0	0	10963034	
362	1	E	5	N	2500	0	40	352	173	40	19	34	0	0	0	0	0	0	0	0	0	0	0	0	10963253	
363	1	E	5	N	2500	0	40	363	176	45	20	35	0	0	0	0	0	0	0	0	0	0	0	0	10963362	
364	1	E	5	N	2500	0	1	160	163	44	20	30	0	0	0	0	0	0	0	0	0	0	0	0	10963378	
365	1	E	5	N	2500	0	1	273	110	20	11	22	0	0	0	0	0	0	0	0	0	0	0	0	10963705	
366	1	E	5	N	2500	0	40	334	154	41	17	30	0	0	0	0	0	0	0	0	0	0	0	0	10964173	
367	1	E	5	N	2500	0	40	369	190	42	22	42	0	0	0	0	0	0	0	0	0	0	0	0	10964189	
368	1	E	5	N	2500	0	40	440	206	51	24	49	0	0	0	0	0	0	0	0	0	0	0	0	10964407	
369	1	E	5	N	2500	0	40	347	174	45	20	36	0	0	0	0	0	0	0	0	0	0	0	0	10965000	
370	1	F	5	N	2500	6	40	357	178	43	20	42	0	0	0	0	0	0	0	0	0	0	0	0	10972847	
371	1	F	5	N	2500	6	40	280	195	48	25	40	0	0	0	0	0	0	0	0	0	0	0	0	10973533	
372	1	F	5	N	2500	2	1	267	108	21	12	23	0	0	0	0	0	0	0	0	0	0	0	0	10973611	
373	1	F	5	N	2500	6	40	348	169	38	19	31	0	0	0	0	0	0	0	0	0	0	0	0	10973908	
374	1	F	5	N	2500	0	1	210	131	47	20	31	0	0	0	0	0	0	0	0	0	0	0	0	10974017	
375	1	F	5	N	2500	0	1	88	18	7	1	1	0	0	0	0	0	0	0	0	0	0	0	0	10974532	
376	1	F	5	N	2500	0	1	182	162	38	20	32	0	0	0	0	0	0	0	0	0	0	0	0	10975109	
377	1	F	5	N	2500	0	40	403	195	47	23	39	0	0	0	0	0	0	0	0	0	0	0	0	10975218	
378	1	F	5	N	2500	0	40	472	186	61	22	45	0	0	0	0	0	0	0	0	0	0	0	0	10975343	
379	1	F	5	N	2500	0	2	349	162	34	17	28	0	0	0	0	0	0	0	0	0	0	0	0	10975795	
380	1	F	5	N	2500	0	40	363	182	46	22	35	0	0	0	0	0	0	0	0	0	0	0	0	10976107	
381	1	F	5	N	2500	0	40	375	188	48	21	38	0	0	0	0	0	0	0	0	0	0	0	0	10976357	
382	1	F	5	N	2500	0	1	201	153	40	20	33	0	0	0	0	0	0	0	0	0	0	0	0	10976404	
383	1	F	5	N	2500	0	40	337	161	43	22	34	0	0	0	0	0	0	0	0	0	0	0	0	10976716	
384	1	F	5	N	2500	0	40	354	173	42	19	33	0	0	0	0	0	0	0	0	0	0	0	0	10976747	
385	1	F	5	N	2500	0	40	420	200	48	23	36	0	0	0	0	0	0	0	0	0	0	0	0	10977043	
386	1	F	5	N	2500	0	1	299	122	24	12	24	0	0	0	0	0	0	0	0	0	0	0	0	10977121	
387	1	F	5	N	2500	0	40	384	179	50	21	42	0	0	0	0	0	0	0	0	0	0	0	0	10977698	
388	1	F	5	N	2500	0	40	472	234	49	26	47	0	0	0	0	0	0	0	0	0	0	0	0	10978151	
389	1	F	5	N	2500	0	2	326	153	35	17	36	0	0	0	0	0	0	0	0	0	0	0	0	10978900	
390	1	F	5	N	2500	0	40	364	182	40	20	34	0	0	0	0	0	0	0	0	0	0	0	0	10978993	
391	1	G	5	N	2500	2	1	192	171	45	24	38	0	0	0	0	0	0	0	0	0	0	0	0	10987620	
392	1	G	5	N	2500	2	1	189	152	31	17	25	0	0	0	0	0	0	0	0	0	0	0	0	10987979	
393	1	G	5	N	2500	6	40	302	183	51	24	45	0	0	0	0	0	0	0	0	0	0	0	0	10988868	
394	1	G	5	N	2500	6	40	243	183	44	20	36	0	0	0	0	0	0	0	0	0	0	0	0	10988899	
395	1	G	5	N	2500	2	1	137	96	17	9	16	0	0	0	0	0	0	0	0	0	0	0	0	10989242	
396	1	G	5	N	2500	2	1	223	172	44	20	31	0	0	0	0	0	0	0	0	0	0	0	0	10989242	
397	1	G	5	N	2500	6	40	347	176	44	21	36	0	0	0	0	0	0	0	0	0	0	0	0	10989773	
398	1	G	5	N	2500	0	1	221	127	41	18	31	0	0	0	0	0	0	0	0	0	0	0	0	10989929	
399	1	G	5	N	2500	0	2	364	164	34	19	35	0	0	0	0	0	0	0	0	0	0	0	0	10990085	
400	1	G	5	N	2500	0	1	233	145	28	15	26	0	0	0	0	0	0	0	0	0	0	0	0	10990194	
401	1	G	5	N	2500	0	40	287	163	41	22	39	0	0	0	0	0	0	0	0	0	0	0	0	10990225	
402	1	G	5	N	2500	0	40	367	207	49	25	44	0	0	0	0	0	0	0	0	0	0	0	0	10990428	
403	1	G	5	N	2500	0	40	357	177	41	20	34	0	0	0	0	0	0	0	0	0	0	0	0	10990990	
404	1	G	5	N	2500	0	40	386	174	37	19	35	0	0	0	0	0	0	0	0	0	0	0	0	10991192	
405	1	G	5	N	2500	0	1	197	179	53	25	40	0	0	0	0	0	0	0	0	0	0	0	0	10991333	
406	1	G	5	N	2500	0	40	336	142	36	16	30	0	0	0	0	0	0	0	0	0	0	0	0	10991863	
407	1	G	5	N	2500	0	40	240	181	45	25	37	0	0	0	0	0	0	0	0	0	0	0	0	10991957	
408	1	G	5	N	2500	0	1	53	11	4	3	12	0	0	0	0	0	0	0	0	0	0	0	0	10992004	
409	1	G	5	N	2500	0	1	529	254	62	26	56	0	0	0	0	0	0	0	0	0	0	0	0	10992144	
410	1	G	5	N	2500	0	2	337	145	27	15	25	0	0	0	0	0	0	0	0	0	0	0	0	10992331	
411	1	G	5	N	2500	0	40	454	216	58	26	46	0	0	0	0	0	0	0	0	0	0	0	0	10992924	
412	1	G	5	N	2500	0	1	242	142	32	15	28	0	0	0	0	0	0	0	0	0	0	0	0	10993829	
413	1	G	5	N	2500	0	40	319	209	50	26	37	0	0	0	0	0	0	0	0	0	0	0	0	10993938	
414	1	G	5	N	2500	0	40	262	212	51	27	50	0	0	0	0	0	0	0	0	0	0	0	0	10994234	
415	1	A	6	N	2500	2	1	219	94	19	10	18	0	0	0	0	0	0	0	0	0	0	0	0	11018368	
416	1	A	6	N	2500	6	40	263	172	46	23	38	0	0	0	0	0	0	0	0	0	0	0	0	11018929	
417	1	A	6	N	2500	6	40	327	152	37	19	37	0	0	0	0	0	0	0	0	0	0	0	0	11019740	
418	1	A	6	N	2500	6	40	359	162	39	18	34	0	0	0	0	0	0	0	0	0	0	0	0	11019756	
419	1	A	6	N	2500	0	1	204	158	45	21	37	0	0	0	0	0	0	0	0	0	0	0	0	11021472	
420	1	A	6	N	2500	0	40	457	194	56	26	43	0	0	0	0	0	0	0	0	0	0	0	0	11021644	
421	1	A	6	N	2500	0	40	378	188	45	22	37	0	0	0	0	0	0	0	0	0	0	0	0	11021815	
422	1	A	6	N	2500	0	1	194	110	29	15	23	0	0	0	0	0	0	0	0	0	0	0	0	11022314	
423	1	A	6	N	2500	0	1	217	172	42	20	34	0	0	0	0	0	0	0	0	0	0	0	0	11022346	
424	1	A	6	N	2500	0	40	402	172	39	18	32	0	0	0	0	0	0	0	0	0	0	0	0	11022907	
425	1	A	6	N	2500	0	1	219	135	29	15	25	0	0	0	0	0	0	0	0	0	0	0	0	11023126	
426	1	A	6	N	2500	0	1	151	81	16	7	13	0	0	0	0	0	0	0	0	0	0	0	0	11023812	
427	1	B	6	N	2500	2	2	357	146	31	15	26	0	0	0	0	0	0	0	0	0	0	0	0	11030785	
428	1	B	6	N	2500	6	40	384	217	53	29	49	0	0	0	0	0	0	0	0	0	0	0	0	11031097	
429	1	B	6	N	2500	2	1	197	177	41	22	37	0	0	0	0	0	0	0	0	0	0	0	0	11031331	
430	1	B	6	N	2500	6	40	256	175	42	18	35	0	0	0	0	0	0	0	0	0	0	0	0	11031596	
431	1	B	6	N	2500	2	1	194	154	45	21	34	0	0	0	0	0	0	0	0	0	0	0	0	11031612	
432	1	B	6	N	2500	6	40	431	201	43	23	42	0	0	0	0	0	0	0	0	0	0	0	0	11031846	
433	1	B	6	N	2500	0	40	401	195	54	24	40	0	0	0	0	0	0	0	0	0	0	0	0	11031846	
434	1	B	6	N	2500	0	1	199	132	33	16	27	0	0	0	0	0	0	0	0	0	0	0	0	11032002	
435	1	B	6	N	2500	0	40	346	202	52	26	45	0	0	0	0	0	0	0	0	0	0	0	0	11032517	
436	1	B	6	N	2500	0	1	208	132	33	18	27	0	0	0	0	0	0	0	0	0	0	0	0	11032626	
437	1	B	6	N	2500	0	40	367	194	59	24	45	0	0	0	0	0	0	0	0	0	0	0	0	11032673	
438	1	B	6	N	2500	0	1	155	133	27	15	25	0	0	0	0	0	0	0	0	0	0	0	0	11032922	
439	1	B	6	N	2500	0	40	354	171	43	20	34	0	0	0	0	0	0	0	0	0	0	0	0	11033094	
440	1	B	6	N	2500	0	40	288	176	37	21	37	0	0	0	0	0	0	0	0	0	0	0	0	11033297	
441	1	B	6	N	2500	0	1	274	153	40	19	34	0	0	0	0	0	0	0	0	0	0	0	0	11033312	
442	1	B	6	N	2500	0	1	145	111	24	14	21	0	0	0	0	0	0	0	0	0	0	0	0	11033422	
443	1	B	6	N	2500	0	1	203	169	39	20	32	0	0	0	0	0	0	0	0	0	0	0	0	11033858	
444	1	B	6	N	2500	0	1	214	152	35	17	30	0	0	0	0	0	0	0	0	0	0	0	0	11034919	
445	1	B	6	N	2500	0	1	206	127	27	15	29	0	0	0	0	0	0	0	0	0	0	0	0	11035013	
446	1	B	6	N	2500	0	1	256	122	25	14	26	0	0	0	0	0	0	0	0	0	0	0	0	11035200	
447	1	B	6	N	2500	0	2	330	143	32	17	32	0	0	0	0	0	0	0	0	0	0	0	0	11035216	
448	1	B	6	N	2500	0	40	389	174	40	18	35	0	0	0	0	0	0	0	0	0	0	0	0	11035262	
449	1	B	6	N	2500	0	40	337	165	39	17	30	0	0	0	0	0	0	0	0	0	0	0	0	11035465	
450	1	B	6	N	2500	0	1	171	109	21	9	16	0	0	0	0	0	0	0	0	0	0	0	0	11035465	
451	1	B	6	N	2500	0	40	362	166	42	21	37	0	0	0	0	0	0	0	0	0	0	0	0	11035762	
452	1	B	6	N	2500	0	2	318	146	35	15	31	0	0	0	0	0	0	0	0	0	0	0	0	11035933	
453	1	B	6	N	2500	0	1	157	103	25	14	23	0	0	0	0	0	0	0	0	0	0	0	0	11036183	
454	1	B	6	N	2500	0	40	322	166	37	18	33	0	0	0	0	0	0	0	0	0	0	0	0	11036230	
455	1	B	6	N	2500	0	1	146	122	26	17	29	0	0	0	0	0	0	0	0	0	0	0	0	11036339	
456	1	B	6	N	2500	0	1	182	157	46	20	31	0	0	0	0	0	0	0	0	0	0	0	0	11036417	
457	1	B	6	N	2500	0	1	265	130	36	18	33	0	0	0	0	0	0	0	0	0	0	0	0	11037696	
458	1	B	6	N	2500	0	1	192	145	33	17	27	0	0	0	0	0	0	0	0	0	0	0	0	11037992	
459	1	B	6	N	2500	0	40	355	181	39	21	35	0	0	0	0	0	0	0	0	0	0	0	0	11038102	
460	1	C	6	N	2500	2	1	256	140	27	15	27	0	0	0	0	0	0	0	0	0	0	0	0	11045777	
461	1	C	6	N	2500	6	40	301	191	58	26	44	0	0	0	0	0	0	0	0	0	0	0	0	11046011	
462	1	C	6	N	2500	2	1	260	120	26	14	22	0	0	0	0	0	0	0	0	0	0	0	0	11046838	
463	1	C	6	N	2500	2	1	224	170	39	18	33	0	0	0	0	0	0	0	0	0	0	0	0	11047353	
464	1	C	6	N	2500	6	40	338	164	41	19	34	0	0	0	0	0	0	0	0	0	0	0	0	11047571	
465	1	C	6	N	2500	2	1	83	18	3	1	3	0	0	0	0	0	0	0	0	0	0	0	0	11047992	
466	1	C	6	N	2500	2	1	308	132	30	15	28	0	0	0	0	0	0	0	0	0	0	0	0	11047992	
467	1	C	6	N	2500	6	40	385	167	47	23	41	0	0	0	0	0	0	0	0	0	0	0	0	11048023	
468	1	C	6	N	2500	0	40	235	182	46	22	39	0	0	0	0	0	0	0	0	0	0	0	0	11048055	
469	1	C	6	N	2500	0	1	297	113	21	9	18	0	0	0	0	0	0	0	0	0	0	0	0	11048881	
470	1	C	6	N	2500	0	40	334	208	61	27	51	0	0	0	0	0	0	0	0	0	0	0	0	11049069	
471	1	C	6	N	2500	0	40	260	197	51	24	37	0	0	0	0	0	0	0	0	0	0	0	0	11049256	
472	1	C	6	N	2500	0	1	192	132	31	17	22	0	0	0	0	0	0	0	0	0	0	0	0	11049802	
473	1	C	6	N	2500	0	40	280	195	55	24	43	0	0	0	0	0	0	0	0	0	0	0	0	11049880	
474	1	C	6	N	2500	0	1	163	99	18	9	18	0	0	0	0	0	0	0	0	0	0	0	0	11050005	
475	1	C	6	N	2500	0	40	266	187	53	26	46	0	0	0	0	0	0	0	0	0	0	0	0	11050083	
476	1	C	6	N	2500	0	40	360	168	36	18	30	0	0	0	0	0	0	0	0	0	0	0	0	11050348	
477	1	C	6	N	2500	0	2	324	148	35	17	24	0	0	0	0	0	0	0	0	0	0	0	0	11050441	
478	1	C	6	N	2500	0	40	332	170	41	19	36	0	0	0	0	0	0	0	0	0	0	0	0	11050566	
479	1	C	6	N	2500	0	2	334	161	33	17	31	0	0	0	0	0	0	0	0	0	0	0	0	11050863	
480	1	C	6	N	2500	0	40	364	179	42	21	34	0	0	0	0	0	0	0	0	0	0	0	0	11051065	
481	1	C	6	N	2500	0	40	269	158	48	23	43	0	0	0	0	0	0	0	0	0	0	0	0	11051190	
482	1	C	6	N	2500	0	1	323	130	26	13	23	0	0	0	0	0	0	0	0	0	0	0	0	11051643	
483	1	D	6	N	2500	2	1	215	175	35	20	31	0	0	0	0	0	0	0	0	0	0	0	0	11060145	
484	1	D	6	N	2500	6	40	341	158	36	16	32	0	0	0	0	0	0	0	0	0	0	0	0	11060862	
485	1	D	6	N	2500	6	40	357	172	38	20	35	0	0	0	0	0	0	0	0	0	0	0	0	11061081	
486	1	D	6	N	2500	6	40	373	178	45	22	35	0	0	0	0	0	0	0	0	0	0	0	0	11061705	
487	1	D	6	N	2500	0	40	342	173	47	22	41	0	0	0	0	0	0	0	0	0	0	0	0	11062048	
488	1	D	6	N	2500	0	40	326	174	43	19	36	0	0	0	0	0	0	0	0	0	0	0	0	11062750	
489	1	D	6	N	2500	0	40	433	233	52	26	42	0	0	0	0	0	0	0	0	0	0	0	0	11063405	
490	1	D	6	N	2500	0	40	344	171	46	19	38	0	0	0	0	0	0	0	0	0	0	0	0	11063483	
491	1	D	6	N	2500	0	1	196	79	13	7	17	0	0	0	0	0	0	0	0	0	0	0	0	11064216	
492	1	D	6	N	2500	0	2	351	168	34	19	32	0	0	0	0	0	0	0	0	0	0	0	0	11064294	
493	1	D	6	N	2500	0	1	302	115	24	11	23	0	0	0	0	0	0	0	0	0	0	0	0	11066104	
494	1	D	6	N	2500	0	40	222	196	44	22	37	0	0	0	0	0	0	0	0	0	0	0	0	11066353	
495	1	E	6	N	2500	6	40	449	212	47	23	41	0	0	0	0	0	0	0	0	0	0	0	0	11073701	
496	1	E	6	N	2500	2	1	197	174	36	20	34	0	0	0	0	0	0	0	0	0	0	0	0	11074824	
497	1	E	6	N	2500	6	40	337	159	38	19	34	0	0	0	0	0	0	0	0	0	0	0	0	11075417	
498	1	E	6	N	2500	2	2	321	143	35	15	29	0	0	0	0	0	0	0	0	0	0	0	0	11076213	
499	1	E	6	N	2500	6	40	376	181	43	21	36	0	0	0	0	0	0	0	0	0	0	0	0	11076556	
500	1	E	6	N	2500	0	40	277	192	43	24	36	0	0	0	0	0	0	0	0	0	0	0	0	11077164	
501	1	E	6	N	2500	0	1	166	150	37	19	31	0	0	0	0	0	0	0	0	0	0	0	0	11077398	
502	1	E	6	N	2500	0	1	173	87	14	8	14	0	0	0	0	0	0	0	0	0	0	0	0	11077429	
503	1	E	6	N	2500	0	40	351	172	41	21	42	0	0	0	0	0	0	0	0	0	0	0	0	11077757	
504	1	E	6	N	2500	0	1	150	123	28	14	26	0	0	0	0	0	0	0	0	0	0	0	0	11078365	
505	1	E	6	N	2500	0	40	225	198	49	24	40	0	0	0	0	0	0	0	0	0	0	0	0	11078631	
506	1	E	6	N	2500	0	1	174	155	42	21	37	0	0	0	0	0	0	0	0	0	0	0	0	11078865	
507	1	E	6	N	2500	0	40	377	194	49	23	35	0	0	0	0	0	0	0	0	0	0	0	0	11079239	
508	1	E	6	N	2500	0	40	338	166	36	19	33	0	0	0	0	0	0	0	0	0	0	0	0	11079738	
509	1	E	6	N	2500	0	40	340	165	44	18	33	0	0	0	0	0	0	0	0	0	0	0	0	11079972	
510	1	E	6	N	2500	0	2	344	154	30	14	26	0	0	0	0	0	0	0	0	0	0	0	0	11080503	
511	1	F	6	N	2500	2	1	275	89	17	10	17	0	0	0	0	0	0	0	0	0	0	0	0	11088911	
512	1	F	6	N	2500	2	1	203	171	45	21	36	0	0	0	0	0	0	0	0	0	0	0	0	11089847	
513	1	F	6	N	2500	2	1	254	141	39	18	34	0	0	0	0	0	0	0	0	0	0	0	0	11090627	
514	1	F	6	N	2500	2	1	185	136	32	16	28	0	0	0	0	0	0	0	0	0	0	0	0	11090689	
515	1	F	6	N	2500	6	40	444	219	50	24	47	0	0	0	0	0	0	0	0	0	0	0	0	11091329	
516	1	F	6	N	2500	6	40	402	164	39	19	36	0	0	0	0	0	0	0	0	0	0	0	0	11091953	
517	1	F	6	N	2500	2	1	201	138	30	16	25	0	0	0	0	0	0	0	0	0	0	0	0	11092000	
518	1	F	6	N	2500	6	40	386	166	43	18	37	0	0	0	0	0	0	0	0	0	0	0	0	11093607	
519	1	F	6	N	2500	0	1	338	123	24	13	24	0	0	0	0	0	0	0	0	0	0	0	0	11094777	
520	1	G	6	N	2500	6	40	342	154	39	19	31	0	0	0	0	0	0	0	0	0	0	0	0	11101890	
521	1	G	6	N	2500	6	40	365	166	37	17	34	0	0	0	0	0	0	0	0	0	0	0	0	11106055	
522	1	G	6	N	2500	2	1	218	57	8	5	12	0	0	0	0	0	0	0	0	0	0	0	0	11106165	
523	1	G	6	N	2500	6	40	339	162	37	18	31	0	0	0	0	0	0	0	0	0	0	0	0	11106555	
524	1	G	6	N	2500	0	1	216	104	24	10	16	0	0	0	0	0	0	0	0	0	0	0	0	11106851	
525	1	G	6	N	2500	0	40	326	156	36	18	27	0	0	0	0	0	0	0	0	0	0	0	0	11107335	
526	1	G	6	N	2500	0	40	455	200	51	25	47	0	0	0	0	0	0	0	0	0	0	0	0	11108193	
527	1	G	6	N	2500	0	1	214	132	31	14	26	0	0	0	0	0	0	0	0	0	0	0	0	11108208	
528	1	A	7	N	2500	2	1	166	144	35	16	25	0	0	0	0	0	0	0	0	0	0	0	0	11131639	
529	1	A	7	N	2500	2	1	215	89	16	9	21	0	0	0	0	0	0	0	0	0	0	0	0	11131795	
530	1	A	7	N	2500	2	1	175	88	27	15	23	0	0	0	0	0	0	0	0	0	0	0	0	11132170	
531	1	A	7	N	2500	2	1	292	112	21	10	19	0	0	0	0	0	0	0	0	0	0	0	0	11132950	
532	1	A	7	N	2500	6	40	386	185	42	21	39	0	0	0	0	0	0	0	0	0	0	0	0	11133480	
533	1	A	7	N	2500	6	40	325	159	38	17	33	0	0	0	0	0	0	0	0	0	0	0	0	11133995	
534	1	A	7	N	2500	2	1	218	83	15	8	16	0	0	0	0	0	0	0	0	0	0	0	0	11134073	
535	1	A	7	N	2500	2	1	213	100	19	11	17	0	0	0	0	0	0	0	0	0	0	0	0	11134104	
536	1	A	7	N	2500	2	1	211	102	18	13	24	0	0	0	0	0	0	0	0	0	0	0	0	11134369	
537	1	A	7	N	2500	2	1	151	111	20	12	21	0	0	0	0	0	0	0	0	0	0	0	0	11134447	
538	1	A	7	N	2500	2	1	179	132	29	14	24	0	0	0	0	0	0	0	0	0	0	0	0	11135399	
539	1	A	7	N	2500	2	1	158	86	18	14	22	0	0	0	0	0	0	0	0	0	0	0	0	11135477	
540	1	A	7	N	2500	2	1	193	105	21	13	23	0	0	0	0	0	0	0	0	0	0	0	0	11135555	
541	1	A	7	N	2500	2	1	162	118	28	14	23	0	0	0	0	0	0	0	0	0	0	0	0	11135867	
542	1	A	7	N	2500	2	1	247	123	29	15	25	0	0	0	0	0	0	0	0	0	0	0	0	11135914	
543	1	A	7	N	2500	2	1	131	47	9	6	12	0	0	0	0	0	0	0	0	0	0	0	0	11136085	
544	1	A	7	N	2500	2	1	255	93	16	9	18	0	0	0	0	0	0	0	0	0	0	0	0	11136148	
545	1	A	7	N	2500	2	2	312	140	27	15	25	0	0	0	0	0	0	0	0	0	0	0	0	11136663	
546	1	A	7	N	2500	2	1	121	93	17	9	16	0	0	0	0	0	0	0	0	0	0	0	0	11136756	
547	1	A	7	N	2500	2	1	312	130	30	13	26	0	0	0	0	0	0	0	0	0	0	0	0	11136943	
548	1	A	7	N	2500	2	1	277	125	31	14	25	0	0	0	0	0	0	0	0	0	0	0	0	11137458	
549	1	A	7	N	2500	2	1	50	24	13	12	25	0	0	0	0	0	0	0	0	0	0	0	0	11137552	
550	1	A	7	N	2500	2	1	214	123	28	13	24	0	0	0	0	0	0	0	0	0	0	0	0	11137801	
551	1	A	7	N	2500	2	2	297	148	30	16	34	0	0	0	0	0	0	0	0	0	0	0	0	11138691	
552	1	B	7	N	2500	2	1	57	37	12	0	1	0	0	0	0	0	0	0	0	0	0	0	0	11146147	
553	1	B	7	N	2500	2	1	201	76	12	6	12	0	0	0	0	0	0	0	0	0	0	0	0	11146537	
554	1	B	7	N	2500	2	1	255	105	20	9	18	0	0	0	0	0	0	0	0	0	0	0	0	11146537	
555	1	B	7	N	2500	2	1	250	132	34	14	27	0	0	0	0	0	0	0	0	0	0	0	0	11147037	
556	1	B	7	N	2500	2	1	200	95	19	13	24	0	0	0	0	0	0	0	0	0	0	0	0	11147473	
557	1	B	7	N	2500	2	1	306	139	32	14	21	0	0	0	0	0	0	0	0	0	0	0	0	11148129	
558	1	B	7	N	2500	2	1	262	92	16	8	17	0	0	0	0	0	0	0	0	0	0	0	0	11148456	
559	1	B	7	N	2500	2	1	294	119	24	13	22	0	0	0	0	0	0	0	0	0	0	0	0	11149049	
560	1	B	7	N	2500	2	1	149	98	21	13	26	0	0	0	0	0	0	0	0	0	0	0	0	11149111	
561	1	B	7	N	2500	2	1	171	129	25	14	24	0	0	0	0	0	0	0	0	0	0	0	0	11149408	
562	1	B	7	N	2500	2	1	234	93	19	9	18	0	0	0	0	0	0	0	0	0	0	0	0	11149470	
563	1	B	7	N	2500	2	1	140	96	15	11	20	0	0	0	0	0	0	0	0	0	0	0	0	11149642	
564	1	B	7	N	2500	2	1	122	90	17	10	19	0	0	0	0	0	0	0	0	0	0	0	0	11149751	
565	1	B	7	N	2500	6	40	307	151	40	18	30	0	0	0	0	0	0	0	0	0	0	0	0	11150157	
566	1	B	7	N	2500	2	1	281	111	22	12	21	0	0	0	0	0	0	0	0	0	0	0	0	11150172	
567	1	B	7	N	2500	2	1	160	92	18	11	19	0	0	0	0	0	0	0	0	0	0	0	0	11150391	
568	1	B	7	N	2500	2	1	162	106	33	14	25	0	0	0	0	0	0	0	0	0	0	0	0	11150671	
569	1	B	7	N	2500	2	2	317	141	34	15	24	0	0	0	0	0	0	0	0	0	0	0	0	11150890	
570	1	B	7	N	2500	2	1	269	115	27	13	25	0	0	0	0	0	0	0	0	0	0	0	0	11150952	
571	1	B	7	N	2500	2	1	158	103	25	10	20	0	0	0	0	0	0	0	0	0	0	0	0	11151280	
572	1	B	7	N	2500	2	1	191	111	22	12	24	0	0	0	0	0	0	0	0	0	0	0	0	11151701	
573	1	B	7	N	2500	2	1	152	105	25	14	22	0	0	0	0	0	0	0	0	0	0	0	0	11151826	
574	1	B	7	N	2500	2	1	298	120	25	12	20	0	0	0	0	0	0	0	0	0	0	0	0	11152278	
575	1	B	7	N	2500	2	1	138	86	16	9	18	0	0	0	0	0	0	0	0	0	0	0	0	11152294	
576	1	B	7	N	2500	2	1	223	85	15	8	16	0	0	0	0	0	0	0	0	0	0	0	0	11153058	
577	1	B	7	N	2500	2	1	287	111	23	11	19	0	0	0	0	0	0	0	0	0	0	0	0	11153152	
578	1	C	7	N	2500	2	1	194	116	25	12	21	0	0	0	0	0	0	0	0	0	0	0	0	11161950	
579	1	C	7	N	2500	2	1	212	123	23	12	22	0	0	0	0	0	0	0	0	0	0	0	0	11162106	
580	1	C	7	N	2500	2	1	182	88	21	12	22	0	0	0	0	0	0	0	0	0	0	0	0	11162465	
581	1	C	7	N	2500	6	40	324	148	37	16	29	0	0	0	0	0	0	0	0	0	0	0	0	11162574	
582	1	C	7	N	2500	2	1	294	126	24	12	27	0	0	0	0	0	0	0	0	0	0	0	0	11162637	
583	1	C	7	N	2500	2	1	233	86	18	8	14	0	0	0	0	0	0	0	0	0	0	0	0	11163682	
584	1	C	7	N	2500	2	1	193	122	24	15	23	0	0	0	0	0	0	0	0	0	0	0	0	11163744	
585	1	C	7	N	2500	2	1	197	71	14	8	16	0	0	0	0	0	0	0	0	0	0	0	0	11163885	
586	1	C	7	N	2500	2	2	355	141	31	15	26	0	0	0	0	0	0	0	0	0	0	0	0	11165086	
587	1	C	7	N	2500	2	2	405	163	34	16	30	0	0	0	0	0	0	0	0	0	0	0	0	11165632	
588	1	C	7	N	2500	2	1	313	122	23	12	23	0	0	0	0	0	0	0	0	0	0	0	0	11165882	
589	1	C	7	N	2500	2	1	91	39	7	4	9	0	0	0	0	0	0	0	0	0	0	0	0	11166459	
590	1	C	7	N	2500	2	1	177	97	19	9	18	0	0	0	0	0	0	0	0	0	0	0	0	11167176	
591	1	C	7	N	2500	2	1	180	121	27	12	24	0	0	0	0	0	0	0	0	0	0	0	0	11168206	
592	1	D	7	N	2500	2	1	131	83	15	9	19	0	0	0	0	0	0	0	0	0	0	0	0	11176006	
593	1	D	7	N	2500	2	1	223	80	15	10	16	0	0	0	0	0	0	0	0	0	0	0	0	11176443	
594	1	D	7	N	2500	2	1	184	94	16	9	17	0	0	0	0	0	0	0	0	0	0	0	0	11178128	
595	1	D	7	N	2500	2	1	315	117	26	14	35	0	0	0	0	0	0	0	0	0	0	0	0	11178642	
596	1	D	7	N	2500	2	2	307	150	31	16	26	0	0	0	0	0	0	0	0	0	0	0	0	11178814	
597	1	D	7	N	2500	2	1	159	102	19	9	16	0	0	0	0	0	0	0	0	0	0	0	0	11179173	
598	1	D	7	N	2500	2	1	132	95	19	10	17	0	0	0	0	0	0	0	0	0	0	0	0	11179859	
599	1	D	7	N	2500	2	1	294	118	22	12	20	0	0	0	0	0	0	0	0	0	0	0	0	11180265	
600	1	D	7	N	2500	2	1	132	34	5	4	8	0	0	0	0	0	0	0	0	0	0	0	0	11181404	
601	1	D	7	N	2500	2	1	58	9	1	0	2	0	0	0	0	0	0	0	0	0	0	0	0	11181513	
602	1	D	7	N	2500	2	1	241	98	18	9	17	0	0	0	0	0	0	0	0	0	0	0	0	11182121	
603	1	D	7	N	2500	2	1	200	76	15	8	16	0	0	0	0	0	0	0	0	0	0	0	0	11182901	
604	1	E	7	N	2500	2	2	332	145	26	15	28	0	0	0	0	0	0	0	0	0	0	0	0	11191559	
605	1	E	7	N	2500	2	1	143	80	16	8	16	0	0	0	0	0	0	0	0	0	0	0	0	11192058	
606	1	E	7	N	2500	2	1	191	101	19	9	19	0	0	0	0	0	0	0	0	0	0	0	0	11192916	
607	1	E	7	N	2500	2	1	281	115	25	13	23	0	0	0	0	0	0	0	0	0	0	0	0	11193088	
608	1	E	7	N	2500	2	1	244	91	20	12	23	0	0	0	0	0	0	0	0	0	0	0	0	11193119	
609	1	E	7	N	2500	2	1	135	89	23	12	23	0	0	0	0	0	0	0	0	0	0	0	0	11193650	
610	1	E	7	N	2500	2	1	302	132	25	13	27	0	0	0	0	0	0	0	0	0	0	0	0	11194164	
611	1	E	7	N	2500	2	1	296	138	32	15	26	0	0	0	0	0	0	0	0	0	0	0	0	11194820	
612	1	E	7	N	2500	2	1	285	112	20	12	22	0	0	0	0	0	0	0	0	0	0	0	0	11194866	
613	1	E	7	N	2500	2	1	154	53	8	6	10	0	0	0	0	0	0	0	0	0	0	0	0	11195038	
614	1	E	7	N	2500	2	1	50	12	0	0	1	0	0	0	0	0	0	0	0	0	0	0	0	11195958	
615	1	E	7	N	2500	2	1	313	125	27	13	26	0	0	0	0	0	0	0	0	0	0	0	0	11196302	
616	1	E	7	N	2500	2	1	270	96	17	11	18	0	0	0	0	0	0	0	0	0	0	0	0	11197175	
617	1	F	7	N	2500	2	1	287	140	34	19	36	0	0	0	0	0	0	0	0	0	0	0	0	11205396	
618	1	F	7	N	2500	2	1	201	111	22	15	26	0	0	0	0	0	0	0	0	0	0	0	0	11205693	
619	1	F	7	N	2500	2	1	235	88	17	11	21	0	0	0	0	0	0	0	0	0	0	0	0	11205864	
620	1	F	7	N	2500	2	1	51	11	4	2	4	0	0	0	0	0	0	0	0	0	0	0	0	11206270	
621	1	F	7	N	2500	2	1	184	97	17	11	16	0	0	0	0	0	0	0	0	0	0	0	0	11206473	
622	1	F	7	N	2500	2	1	143	80	13	7	13	0	0	0	0	0	0	0	0	0	0	0	0	11206816	
623	1	F	7	N	2500	2	1	215	86	17	9	15	0	0	0	0	0	0	0	0	0	0	0	0	11207534	
624	1	F	7	N	2500	2	1	296	108	24	12	23	0	0	0	0	0	0	0	0	0	0	0	0	11207674	
625	1	F	7	N	2500	2	1	119	39	6	4	10	0	0	0	0	0	0	0	0	0	0	0	0	11207752	
626	1	F	7	N	2500	6	40	303	153	37	17	33	0	0	0	0	0	0	0	0	0	0	0	0	11208782	
627	1	F	7	N	2500	2	1	258	115	26	13	26	0	0	0	0	0	0	0	0	0	0	0	0	11209016	
628	1	F	7	N	2500	2	1	186	100	22	12	22	0	0	0	0	0	0	0	0	0	0	0	0	11209047	
629	1	F	7	N	2500	2	1	185	63	10	6	16	0	0	0	0	0	0	0	0	0	0	0	0	11209343	
630	1	F	7	N	2500	2	1	224	166	43	20	31	0	0	0	0	0	0	0	0	0	0	0	0	11209484	
631	1	F	7	N	2500	2	1	265	113	19	10	19	0	0	0	0	0	0	0	0	0	0	0	0	11210669	
632	1	F	7	N	2500	2	1	138	88	17	9	19	0	0	0	0	0	0	0	0	0	0	0	0	11210700	
633	1	G	7	N	2500	2	1	141	71	18	12	21	0	0	0	0	0	0	0	0	0	0	0	0	11220341	
634	1	G	7	N	2500	2	2	339	146	32	15	34	0	0	0	0	0	0	0	0	0	0	0	0	11220544	
635	1	G	7	N	2500	2	1	294	140	29	15	24	0	0	0	0	0	0	0	0	0	0	0	0	11221527	
636	1	G	7	N	2500	2	1	165	103	19	13	25	0	0	0	0	0	0	0	0	0	0	0	0	11221808	
637	1	G	7	N	2500	2	1	289	113	25	12	23	0	0	0	0	0	0	0	0	0	0	0	0	11221979	
638	1	G	7	N	2500	2	1	250	105	24	12	22	0	0	0	0	0	0	0	0	0	0	0	0	11222276	
639	1	G	7	N	2500	2	1	182	139	30	14	25	0	0	0	0	0	0	0	0	0	0	0	0	11222572	
640	1	G	7	N	2500	6	40	335	146	38	16	25	0	0	0	0	0	0	0	0	0	0	0	0	11222759	
641	1	G	7	N	2500	2	1	221	91	15	10	18	0	0	0	0	0	0	0	0	0	0	0	0	11223383	
642	1	G	7	N	2500	2	1	264	116	26	12	20	0	0	0	0	0	0	0	0	0	0	0	0	11224272	
643	1	G	7	N	2500	2	1	197	101	24	13	21	0	0	0	0	0	0	0	0	0	0	0	0	11226456	
644	1	G	7	N	2500	2	1	169	132	32	16	23	0	0	0	0	0	0	0	0	0	0	0	0	11226956	
645	1	H	7	N	2500	2	1	168	108	18	10	15	0	0	0	0	0	0	0	0	0	0	0	0	11241011	
646	1	A	8	N	2500	6	40	400	218	51	26	44	0	0	0	0	0	0	0	0	0	0	0	0	11250948	
647	1	A	8	N	2500	6	40	378	162	37	18	31	0	0	0	0	0	0	0	0	0	0	0	0	11251042	
648	1	A	8	N	2500	2	1	198	141	34	18	26	0	0	0	0	0	0	0	0	0	0	0	0	11251541	
649	1	A	8	N	2500	6	40	410	179	48	22	38	0	0	0	0	0	0	0	0	0	0	0	0	11253257	
650	1	A	8	N	2500	0	40	364	167	36	18	33	0	0	0	0	0	0	0	0	0	0	0	0	11253600	
651	1	A	8	N	2500	0	1	157	166	51	25	40	0	0	0	0	0	0	0	0	0	0	0	0	11253834	
652	1	A	8	N	2500	0	1	204	73	13	7	15	0	0	0	0	0	0	0	0	0	0	0	0	11253897	
653	1	A	8	N	2500	0	1	227	157	41	20	31	0	0	0	0	0	0	0	0	0	0	0	0	11253990	
654	1	A	8	N	2500	0	40	421	181	40	18	36	0	0	0	0	0	0	0	0	0	0	0	0	11254006	
655	1	A	8	N	2500	0	40	280	204	54	25	43	0	0	0	0	0	0	0	0	0	0	0	0	11254427	
656	1	A	8	N	2500	0	40	375	193	44	21	43	0	0	0	0	0	0	0	0	0	0	0	0	11255301	
657	1	A	8	N	2500	0	40	345	170	40	19	31	0	0	0	0	0	0	0	0	0	0	0	0	11256393	
658	1	A	8	N	2500	0	40	276	160	47	21	39	0	0	0	0	0	0	0	0	0	0	0	0	11257001	
659	1	B	8	N	2500	2	1	231	162	34	19	30	0	0	0	0	0	0	0	0	0	0	0	0	11266190	
660	1	B	8	N	2500	2	1	234	149	38	16	23	0	0	0	0	0	0	0	0	0	0	0	0	11266876	
661	1	B	8	N	2500	6	40	338	176	40	22	36	0	0	0	0	0	0	0	0	0	0	0	0	11267375	
662	1	B	8	N	2500	2	1	277	99	16	9	19	0	0	0	0	0	0	0	0	0	0	0	0	11268436	
663	1	B	8	N	2500	6	40	349	181	42	19	35	0	0	0	0	0	0	0	0	0	0	0	0	11268498	
664	1	B	8	N	2500	6	40	301	161	49	22	38	0	0	0	0	0	0	0	0	0	0	0	0	11269169	
665	1	B	8	N	2500	0	40	227	193	47	21	35	0	0	0	0	0	0	0	0	0	0	0	0	11269622	
666	1	B	8	N	2500	0	1	237	133	26	14	22	0	0	0	0	0	0	0	0	0	0	0	0	11269653	
667	1	B	8	N	2500	0	40	340	177	45	20	34	0	0	0	0	0	0	0	0	0	0	0	0	11269778	
668	1	B	8	N	2500	0	40	209	185	55	24	41	0	0	0	0	0	0	0	0	0	0	0	0	11269871	
669	1	B	8	N	2500	0	40	460	199	45	23	40	0	0	0	0	0	0	0	0	0	0	0	0	11270183	
670	1	B	8	N	2500	0	1	195	135	27	15	24	0	0	0	0	0	0	0	0	0	0	0	0	11270246	
671	1	B	8	N	2500	0	40	414	208	53	25	46	0	0	0	0	0	0	0	0	0	0	0	0	11270277	
672	1	B	8	N	2500	0	2	343	170	35	18	31	0	0	0	0	0	0	0	0	0	0	0	0	11271119	
673	1	C	8	N	2500	2	2	316	156	30	16	31	0	0	0	0	0	0	0	0	0	0	0	0	11282476	
674	1	C	8	N	2500	6	40	511	243	58	26	46	0	0	0	0	0	0	0	0	0	0	0	0	11282960	
675	1	C	8	N	2500	2	1	267	146	41	19	30	0	0	0	0	0	0	0	0	0	0	0	0	11283334	
676	1	C	8	N	2500	2	2	330	144	31	15	28	0	0	0	0	0	0	0	0	0	0	0	0	11283490	
677	1	C	8	N	2500	2	1	230	158	30	16	25	0	0	0	0	0	0	0	0	0	0	0	0	11283677	
678	1	C	8	N	2500	6	40	335	173	46	17	34	0	0	0	0	0	0	0	0	0	0	0	0	11284426	
679	1	D	8	N	2500	2	1	174	128	23	13	24	0	0	0	0	0	0	0	0	0	0	0	0	11293521	
680	1	D	8	N	2500	6	40	457	181	50	21	38	0	0	0	0	0	0	0	0	0	0	0	0	11293880	
681	1	D	8	N	2500	6	40	264	166	38	19	33	0	0	0	0	0	0	0	0	0	0	0	0	11295019	
682	1	D	8	N	2500	2	1	132	56	54	65	161	0	0	0	0	0	0	0	0	0	0	0	0	11295377	
683	1	D	8	N	2500	6	40	300	211	54	27	43	0	0	0	0	0	0	0	0	0	0	0	0	11296048	
684	1	D	8	N	2500	0	40	447	207	52	26	48	0	0	0	0	0	0	0	0	0	0	0	0	11296532	
685	1	D	8	N	2500	0	1	215	120	39	21	33	0	0	0	0	0	0	0	0	0	0	0	0	11296563	
686	1	D	8	N	2500	0	40	372	190	43	22	38	0	0	0	0	0	0	0	0	0	0	0	0	11296579	
687	1	D	8	N	2500	0	40	230	179	40	21	36	0	0	0	0	0	0	0	0	0	0	0	0	11296625	
688	1	D	8	N	2500	0	40	356	190	42	20	38	0	0	0	0	0	0	0	0	0	0	0	0	11298029	
689	1	D	8	N	2500	0	40	273	167	44	21	32	0	0	0	0	0	0	0	0	0	0	0	0	11298139	
690	1	D	8	N	2500	0	1	280	140	34	17	30	0	0	0	0	0	0	0	0	0	0	0	0	11299340	
691	1	D	8	N	2500	0	2	323	149	31	16	28	0	0	0	0	0	0	0	0	0	0	0	0	11299901	
692	1	D	8	N	2500	0	40	363	183	45	20	36	0	0	0	0	0	0	0	0	0	0	0	0	11300073	
693	1	E	8	N	2500	2	2	336	166	33	18	32	0	0	0	0	0	0	0	0	0	0	0	0	11307405	
694	1	E	8	N	2500	6	40	348	188	44	24	41	0	0	0	0	0	0	0	0	0	0	0	0	11307811	
695	1	E	8	N	2500	6	40	357	164	40	18	27	0	0	0	0	0	0	0	0	0	0	0	0	11308076	
696	1	E	8	N	2500	6	40	277	162	37	18	29	0	0	0	0	0	0	0	0	0	0	0	0	11308731	
697	1	E	8	N	2500	0	1	305	138	28	16	30	0	0	0	0	0	0	0	0	0	0	0	0	11310494	
698	1	E	8	N	2500	0	40	321	160	42	19	33	0	0	0	0	0	0	0	0	0	0	0	0	11311274	
699	1	E	8	N	2500	0	40	393	191	43	22	36	0	0	0	0	0	0	0	0	0	0	0	0	11311289	
700	1	E	8	N	2500	0	1	223	161	44	19	32	0	0	0	0	0	0	0	0	0	0	0	0	11311336	
701	1	E	8	N	2500	0	40	389	180	41	20	30	0	0	0	0	0	0	0	0	0	0	0	0	11312350	
702	1	E	8	N	2500	0	40	313	163	42	21	32	0	0	0	0	0	0	0	0	0	0	0	0	11313271	
703	1	E	8	N	2500	0	2	269	157	31	17	30	0	0	0	0	0	0	0	0	0	0	0	0	11313645	
704	1	E	8	N	2500	0	1	66	12	1	0	0	0	0	0	0	0	0	0	0	0	0	0	0	11314550	
705	1	F	8	N	2500	2	1	220	73	11	7	12	0	0	0	0	0	0	0	0	0	0	0	0	11321929	
706	1	F	8	N	2500	2	1	199	159	45	20	30	0	0	0	0	0	0	0	0	0	0	0	0	11322069	
707	1	F	8	N	2500	2	1	246	157	36	19	31	0	0	0	0	0	0	0	0	0	0	0	0	11324050	
708	1	F	8	N	2500	6	40	214	198	52	25	41	0	0	0	0	0	0	0	0	0	0	0	0	11324269	
709	1	F	8	N	2500	2	2	340	151	30	16	30	0	0	0	0	0	0	0	0	0	0	0	0	11324955	
710	1	F	8	N	2500	6	40	328	152	37	17	28	0	0	0	0	0	0	0	0	0	0	0	0	11326031	
711	1	F	8	N	2500	6	40	429	204	49	24	38	0	0	0	0	0	0	0	0	0	0	0	0	11326078	
712	1	F	8	N	2500	0	40	379	189	51	24	41	0	0	0	0	0	0	0	0	0	0	0	0	11326187	
713	1	F	8	N	2500	0	40	359	166	44	19	35	0	0	0	0	0	0	0	0	0	0	0	0	11326531	
714	1	F	8	N	2500	0	1	96	59	8	6	10	0	0	0	0	0	0	0	0	0	0	0	0	11326796	
715	1	F	8	N	2500	0	1	252	160	34	18	30	0	0	0	0	0	0	0	0	0	0	0	0	11327903	
716	1	G	8	N	2500	6	40	366	179	49	22	37	0	0	0	0	0	0	0	0	0	0	0	0	11335781	
717	1	G	8	N	2500	6	40	367	173	37	19	35	0	0	0	0	0	0	0	0	0	0	0	0	11337887	
718	1	G	8	N	2500	6	40	359	181	37	19	34	0	0	0	0	0	0	0	0	0	0	0	0	11341413	
719	1	G	8	N	2500	0	40	335	160	37	17	34	0	0	0	0	0	0	0	0	0	0	0	0	11341819	
720	1	G	8	N	2500	0	40	402	229	56	26	46	0	0	0	0	0	0	0	0	0	0	0	0	11343191	
721	1	H	8	N	2500	6	40	377	202	49	22	41	0	0	0	0	0	0	0	0	0	0	0	0	11357372	
722	1	A	9	N	2500	2	1	142	78	13	7	13	0	0	0	0	0	0	0	0	0	0	0	0	11365967	
723	1	A	9	N	2500	2	1	233	145	29	16	28	0	0	0	0	0	0	0	0	0	0	0	0	11367325	
724	1	A	9	N	2500	6	40	363	201	46	26	40	0	0	0	0	0	0	0	0	0	0	0	0	11368588	
725	1	A	9	N	2500	2	2	324	149	32	19	31	0	0	0	0	0	0	0	0	0	0	0	0	11368916	
726	1	A	9	N	2500	2	1	238	158	42	19	34	0	0	0	0	0	0	0	0	0	0	0	0	11369992	
727	1	A	9	N	2500	2	2	337	143	34	15	31	0	0	0	0	0	0	0	0	0	0	0	0	11371053	
728	1	A	9	N	2500	2	1	323	132	27	14	24	0	0	0	0	0	0	0	0	0	0	0	0	11371677	
729	1	B	9	N	2500	6	40	369	174	46	22	40	0	0	0	0	0	0	0	0	0	0	0	0	11386544	
730	1	B	9	N	2500	2	2	337	158	35	17	30	0	0	0	0	0	0	0	0	0	0	0	0	11386762	
731	1	C	9	N	2500	2	1	298	120	25	14	22	0	0	0	0	0	0	0	0	0	0	0	0	11395405	
732	1	C	9	N	2500	6	40	321	164	46	22	36	0	0	0	0	0	0	0	0	0	0	0	0	11395686	
733	1	C	9	N	2500	6	40	338	161	40	20	37	0	0	0	0	0	0	0	0	0	0	0	0	11397168	
734	1	C	9	N	2500	6	40	346	155	36	20	30	0	0	0	0	0	0	0	0	0	0	0	0	11397745	
735	1	C	9	N	2500	0	1	195	154	41	20	35	0	0	0	0	0	0	0	0	0	0	0	0	11400771	
736	1	D	9	N	2500	2	1	259	122	33	15	26	0	0	0	0	0	0	0	0	0	0	0	0	11412736	
737	1	D	9	N	2500	2	1	226	155	43	20	36	0	0	0	0	0	0	0	0	0	0	0	0	11413251	
738	1	D	9	N	2500	2	1	586	214	81	27	48	0	0	0	0	0	0	0	0	0	0	0	0	11414390	
739	1	D	9	N	2500	6	40	411	217	52	27	49	0	0	0	0	0	0	0	0	0	0	0	0	11414593	
740	1	D	9	N	2500	6	40	377	166	50	22	44	0	0	0	0	0	0	0	0	0	0	0	0	11414655	
741	1	D	9	N	2500	2	1	332	128	25	12	28	0	0	0	0	0	0	0	0	0	0	0	0	11415342	
742	1	D	9	N	2500	2	1	236	166	47	22	37	0	0	0	0	0	0	0	0	0	0	0	0	11416465	
743	1	E	9	N	2500	2	1	151	44	7	5	11	0	0	0	0	0	0	0	0	0	0	0	0	11423875	
744	1	E	9	N	2500	6	40	247	167	39	22	34	0	0	0	0	0	0	0	0	0	0	0	0	11424904	
745	1	E	9	N	2500	6	40	353	186	44	20	37	0	0	0	0	0	0	0	0	0	0	0	0	11426511	
746	1	E	9	N	2500	6	40	426	212	57	28	47	0	0	0	0	0	0	0	0	0	0	0	0	11428134	
747	1	E	9	N	2500	0	40	374	184	50	22	38	0	0	0	0	0	0	0	0	0	0	0	0	11428742	
748	1	E	9	N	2500	0	40	368	160	40	19	35	0	0	0	0	0	0	0	0	0	0	0	0	11430193	
749	1	F	9	N	2500	6	40	320	161	40	20	36	0	0	0	0	0	0	0	0	0	0	0	0	11441331	
750	1	F	9	N	2500	2	1	148	153	40	20	34	0	0	0	0	0	0	0	0	0	0	0	0	11441799	
751	1	F	9	N	2500	6	40	337	173	47	22	39	0	0	0	0	0	0	0	0	0	0	0	0	11442657	
752	1	F	9	N	2500	6	40	257	176	45	22	36	0	0	0	0	0	0	0	0	0	0	0	0	11442657	
753	1	F	9	N	2500	0	40	463	179	52	20	42	0	0	0	0	0	0	0	0	0	0	0	0	11442751	
754	1	G	9	N	2500	6	40	356	182	50	20	39	0	0	0	0	0	0	0	0	0	0	0	0	11452688	
755	1	G	9	N	2500	6	40	377	197	53	23	39	0	0	0	0	0	0	0	0	0	0	0	0	11453796	
756	1	G	9	N	2500	2	2	339	135	28	13	28	0	0	0	0	0	0	0	0	0	0	0	0	11456666	
757	1	G	9	N	2500	2	1	122	43	42	52	136	0	0	0	0	0	0	0	0	0	0	0	0	11458850	
758	1	G	9	N	2500	6	40	484	242	56	30	52	0	0	0	0	0	0	0	0	0	0	0	0	11459349	
759	1	A	10	N	2500	2	1	224	157	28	14	28	0	0	0	0	0	0	0	0	0	0	0	0	11481735	
760	1	A	10	N	2500	6	40	357	178	42	19	33	0	0	0	0	0	0	0	0	0	0	0	0	11482640	
761	1	A	10	N	2500	2	1	165	44	10	4	7	0	0	0	0	0	0	0	0	0	0	0	0	11482858	
762	1	A	10	N	2500	2	1	65	50	10	6	11	0	0	0	0	0	0	0	0	0	0	0	0	11482858	
763	1	A	10	N	2500	6	40	284	152	44	19	30	0	0	0	0	0	0	0	0	0	0	0	0	11483826	
764	1	A	10	N	2500	2	1	190	134	30	15	24	0	0	0	0	0	0	0	0	0	0	0	0	11483857	
765	1	A	10	N	2500	6	40	278	191	47	22	38	0	0	0	0	0	0	0	0	0	0	0	0	11485729	
766	1	A	10	N	2500	0	1	273	137	34	17	32	0	0	0	0	0	0	0	0	0	0	0	0	11485947	
767	1	A	10	N	2500	0	1	227	134	34	16	26	0	0	0	0	0	0	0	0	0	0	0	0	11486275	
768	1	A	10	N	2500	0	1	207	119	19	12	20	0	0	0	0	0	0	0	0	0	0	0	0	11486805	
769	1	A	10	N	2500	0	1	204	115	33	15	24	0	0	0	0	0	0	0	0	0	0	0	0	11488053	
770	1	A	10	N	2500	0	40	373	184	45	22	37	0	0	0	0	0	0	0	0	0	0	0	0	11488272	
771	1	A	10	N	2500	0	1	295	133	38	15	25	0	0	0	0	0	0	0	0	0	0	0	0	11488537	
772	1	A	10	N	2500	0	1	214	169	47	22	34	0	0	0	0	0	0	0	0	0	0	0	0	11488974	
773	1	B	10	N	2500	2	1	209	153	41	23	37	0	0	0	0	0	0	0	0	0	0	0	0	11495869	
774	1	B	10	N	2500	6	40	376	179	44	22	33	0	0	0	0	0	0	0	0	0	0	0	0	11496165	
775	1	B	10	N	2500	6	40	219	188	48	25	40	0	0	0	0	0	0	0	0	0	0	0	0	11498037	
776	1	B	10	N	2500	6	40	371	177	40	20	37	0	0	0	0	0	0	0	0	0	0	0	0	11498724	
777	1	B	10	N	2500	0	1	192	176	49	24	37	0	0	0	0	0	0	0	0	0	0	0	0	11499020	
778	1	B	10	N	2500	0	40	331	173	39	19	35	0	0	0	0	0	0	0	0	0	0	0	0	11499160	
779	1	B	10	N	2500	0	40	371	176	36	18	34	0	0	0	0	0	0	0	0	0	0	0	0	11499207	
780	1	B	10	N	2500	0	1	73	89	27	0	1	0	0	0	0	0	0	0	0	0	0	0	0	11499332	
781	1	B	10	N	2500	0	40	351	164	41	18	32	0	0	0	0	0	0	0	0	0	0	0	0	11500034	
782	1	B	10	N	2500	0	1	291	108	20	11	21	0	0	0	0	0	0	0	0	0	0	0	0	11500502	
783	1	B	10	N	2500	0	40	283	227	65	26	45	0	0	0	0	0	0	0	0	0	0	0	0	11500596	
784	1	B	10	N	2500	0	40	424	207	57	27	44	0	0	0	0	0	0	0	0	0	0	0	0	11500658	
785	1	B	10	N	2500	0	40	359	180	38	19	36	0	0	0	0	0	0	0	0	0	0	0	0	11500986	
786	1	B	10	N	2500	0	1	195	160	51	24	41	0	0	0	0	0	0	0	0	0	0	0	0	11501001	
787	1	B	10	N	2500	0	2	271	164	36	20	33	0	0	0	0	0	0	0	0	0	0	0	0	11501391	
788	1	B	10	N	2500	0	1	174	112	24	14	21	0	0	0	0	0	0	0	0	0	0	0	0	11501438	
789	1	B	10	N	2500	0	40	310	176	41	21	41	0	0	0	0	0	0	0	0	0	0	0	0	11501688	
790	1	B	10	N	2500	0	40	382	200	53	23	41	0	0	0	0	0	0	0	0	0	0	0	0	11502156	
791	1	B	10	N	2500	0	40	319	175	45	21	39	0	0	0	0	0	0	0	0	0	0	0	0	11502265	
792	1	B	10	N	2500	0	40	439	209	49	23	40	0	0	0	0	0	0	0	0	0	0	0	0	11502639	
793	1	B	10	N	2500	0	40	308	181	43	23	40	0	0	0	0	0	0	0	0	0	0	0	0	11502998	
794	1	C	10	N	2500	6	40	285	169	39	17	33	0	0	0	0	0	0	0	0	0	0	0	0	11510299	
795	1	C	10	N	2500	2	1	51	11	3	3	7	0	0	0	0	0	0	0	0	0	0	0	0	11510377	
796	1	C	10	N	2500	2	1	126	49	7	5	11	0	0	0	0	0	0	0	0	0	0	0	0	11511157	
797	1	C	10	N	2500	2	1	181	158	41	19	29	0	0	0	0	0	0	0	0	0	0	0	0	11511750	
798	1	C	10	N	2500	6	40	254	182	48	26	39	0	0	0	0	0	0	0	0	0	0	0	0	11511765	
799	1	C	10	N	2500	6	40	383	180	42	21	42	0	0	0	0	0	0	0	0	0	0	0	0	11511953	
800	1	C	10	N	2500	0	40	340	164	38	19	32	0	0	0	0	0	0	0	0	0	0	0	0	11512265	
801	1	C	10	N	2500	0	1	301	142	32	15	27	0	0	0	0	0	0	0	0	0	0	0	0	11512686	
802	1	C	10	N	2500	0	40	426	193	55	25	50	0	0	0	0	0	0	0	0	0	0	0	0	11512826	
803	1	C	10	N	2500	0	1	160	131	30	15	23	0	0	0	0	0	0	0	0	0	0	0	0	11513013	
804	1	C	10	N	2500	0	40	305	179	54	26	42	0	0	0	0	0	0	0	0	0	0	0	0	11514402	
805	1	C	10	N	2500	0	1	222	174	43	19	36	0	0	0	0	0	0	0	0	0	0	0	0	11514495	
806	1	C	10	N	2500	0	1	195	160	41	19	29	0	0	0	0	0	0	0	0	0	0	0	0	11514558	
807	1	C	10	N	2500	0	1	53	21	4	4	11	0	0	0	0	0	0	0	0	0	0	0	0	11515509	
808	1	C	10	N	2500	0	40	411	151	35	16	31	0	0	0	0	0	0	0	0	0	0	0	0	11516149	
809	1	C	10	N	2500	0	1	313	131	32	14	25	0	0	0	0	0	0	0	0	0	0	0	0	11516804	
810	1	C	10	N	2500	0	40	392	159	48	20	39	0	0	0	0	0	0	0	0	0	0	0	0	11517303	
811	1	C	10	N	2500	0	2	368	154	33	16	30	0	0	0	0	0	0	0	0	0	0	0	0	11517459	
812	1	D	10	N	2500	6	40	336	170	42	20	35	0	0	0	0	0	0	0	0	0	0	0	0	11524682	
813	1	D	10	N	2500	6	40	225	183	51	23	42	0	0	0	0	0	0	0	0	0	0	0	0	11526117	
814	1	D	10	N	2500	6	40	404	198	48	23	36	0	0	0	0	0	0	0	0	0	0	0	0	11526632	
815	1	D	10	N	2500	0	1	222	120	24	13	22	0	0	0	0	0	0	0	0	0	0	0	0	11526851	
816	1	D	10	N	2500	0	2	355	151	33	17	31	0	0	0	0	0	0	0	0	0	0	0	0	11526991	
817	1	D	10	N	2500	0	1	260	158	39	19	34	0	0	0	0	0	0	0	0	0	0	0	0	11527116	
818	1	D	10	N	2500	0	1	175	149	44	20	32	0	0	0	0	0	0	0	0	0	0	0	0	11527506	
819	1	D	10	N	2500	0	1	187	152	45	20	30	0	0	0	0	0	0	0	0	0	0	0	0	11527568	
820	1	D	10	N	2500	0	40	351	168	39	20	36	0	0	0	0	0	0	0	0	0	0	0	0	11527740	
821	1	D	10	N	2500	0	1	219	105	18	10	19	0	0	0	0	0	0	0	0	0	0	0	0	11529035	
822	1	D	10	N	2500	0	40	466	223	63	26	44	0	0	0	0	0	0	0	0	0	0	0	0	11529315	
823	1	D	10	N	2500	0	1	258	134	31	14	25	0	0	0	0	0	0	0	0	0	0	0	0	11529315	
824	1	D	10	N	2500	0	40	393	183	40	19	38	0	0	0	0	0	0	0	0	0	0	0	0	11529518	
825	1	D	10	N	2500	0	40	354	193	50	21	39	0	0	0	0	0	0	0	0	0	0	0	0	11529924	
826	1	D	10	N	2500	0	2	406	155	31	16	26	0	0	0	0	0	0	0	0	0	0	0	0	11530049	
827	1	D	10	N	2500	0	40	344	186	51	24	40	0	0	0	0	0	0	0	0	0	0	0	0	11530829	
828	1	D	10	N	2500	0	1	279	114	23	13	21	0	0	0	0	0	0	0	0	0	0	0	0	11531031	
829	1	D	10	N	2500	0	2	328	139	28	15	27	0	0	0	0	0	0	0	0	0	0	0	0	11531702	
830	1	E	10	N	2500	2	1	189	150	37	20	34	0	0	0	0	0	0	0	0	0	0	0	0	11539050	
831	1	E	10	N	2500	2	1	217	127	32	15	23	0	0	0	0	0	0	0	0	0	0	0	0	11539346	
832	1	E	10	N	2500	6	40	456	200	44	23	35	0	0	0	0	0	0	0	0	0	0	0	0	11540345	
833	1	E	10	N	2500	6	40	384	183	42	20	36	0	0	0	0	0	0	0	0	0	0	0	0	11540563	
834	1	E	10	N	2500	2	2	334	149	32	18	28	0	0	0	0	0	0	0	0	0	0	0	0	11540953	
835	1	E	10	N	2500	2	1	218	156	37	18	33	0	0	0	0	0	0	0	0	0	0	0	0	11540969	
836	1	E	10	N	2500	6	40	400	170	45	19	35	0	0	0	0	0	0	0	0	0	0	0	0	11541608	
837	1	E	10	N	2500	0	40	318	151	41	17	29	0	0	0	0	0	0	0	0	0	0	0	0	11542092	
838	1	E	10	N	2500	0	1	215	147	38	16	29	0	0	0	0	0	0	0	0	0	0	0	0	11542248	
839	1	E	10	N	2500	0	1	228	153	35	18	30	0	0	0	0	0	0	0	0	0	0	0	0	11542700	
840	1	E	10	N	2500	0	40	278	183	48	24	42	0	0	0	0	0	0	0	0	0	0	0	0	11542950	
841	1	E	10	N	2500	0	40	351	171	49	21	30	0	0	0	0	0	0	0	0	0	0	0	0	11543075	
842	1	E	10	N	2500	0	1	234	157	36	19	29	0	0	0	0	0	0	0	0	0	0	0	0	11543106	
843	1	E	10	N	2500	0	40	277	167	37	20	36	0	0	0	0	0	0	0	0	0	0	0	0	11543527	
844	1	E	10	N	2500	0	1	219	166	40	19	32	0	0	0	0	0	0	0	0	0	0	0	0	11544057	
845	1	E	10	N	2500	0	1	304	131	25	12	20	0	0	0	0	0	0	0	0	0	0	0	0	11544104	
846	1	E	10	N	2500	0	1	300	124	29	11	23	0	0	0	0	0	0	0	0	0	0	0	0	11544401	
847	1	E	10	N	2500	0	1	200	135	41	19	34	0	0	0	0	0	0	0	0	0	0	0	0	11545165	
848	1	E	10	N	2500	0	1	212	105	20	10	19	0	0	0	0	0	0	0	0	0	0	0	0	11545181	
849	1	E	10	N	2500	0	1	207	176	48	23	36	0	0	0	0	0	0	0	0	0	0	0	0	11545368	
850	1	E	10	N	2500	0	40	356	175	38	20	35	0	0	0	0	0	0	0	0	0	0	0	0	11546132	
851	1	F	10	N	2500	2	1	192	174	50	24	43	0	0	0	0	0	0	0	0	0	0	0	0	11553230	
852	1	F	10	N	2500	2	1	169	111	22	11	20	0	0	0	0	0	0	0	0	0	0	0	0	11553901	
853	1	F	10	N	2500	6	40	347	175	41	20	35	0	0	0	0	0	0	0	0	0	0	0	0	11554041	
854	1	F	10	N	2500	6	40	263	161	50	20	35	0	0	0	0	0	0	0	0	0	0	0	0	11554525	
855	1	F	10	N	2500	6	40	253	181	44	21	35	0	0	0	0	0	0	0	0	0	0	0	0	11554712	
856	1	F	10	N	2500	0	1	181	112	23	11	20	0	0	0	0	0	0	0	0	0	0	0	0	11554728	
857	1	F	10	N	2500	0	2	335	138	29	18	36	0	0	0	0	0	0	0	0	0	0	0	0	11555071	
858	1	F	10	N	2500	0	40	278	191	51	26	43	0	0	0	0	0	0	0	0	0	0	0	0	11555102	
859	1	F	10	N	2500	0	1	178	124	27	13	24	0	0	0	0	0	0	0	0	0	0	0	0	11556007	
860	1	F	10	N	2500	0	40	422	174	37	18	30	0	0	0	0	0	0	0	0	0	0	0	0	11557520	
861	1	F	10	N	2500	0	1	212	169	43	20	34	0	0	0	0	0	0	0	0	0	0	0	0	11557645	
862	1	F	10	N	2500	0	40	352	162	36	19	32	0	0	0	0	0	0	0	0	0	0	0	0	11557879	
863	1	F	10	N	2500	0	40	343	173	46	19	35	0	0	0	0	0	0	0	0	0	0	0	0	11558612	
864	1	F	10	N	2500	0	40	448	224	56	24	43	0	0	0	0	0	0	0	0	0	0	0	0	11558799	
865	1	F	10	N	2500	0	1	138	97	27	12	20	0	0	0	0	0	0	0	0	0	0	0	0	11558799	
866	1	F	10	N	2500	0	40	266	173	37	19	33	0	0	0	0	0	0	0	0	0	0	0	0	11559096	
867	1	F	10	N	2500	0	40	368	190	45	20	37	0	0	0	0	0	0	0	0	0	0	0	0	11559236	
868	1	F	10	N	2500	0	1	281	101	17	10	20	0	0	0	0	0	0	0	0	0	0	0	0	11559283	
869	1	F	10	N	2500	0	40	371	196	45	21	37	0	0	0	0	0	0	0	0	0	0	0	0	11559392	
870	1	F	10	N	2500	0	40	335	162	39	18	33	0	0	0	0	0	0	0	0	0	0	0	0	11559408	
871	1	F	10	N	2500	0	40	301	163	48	21	34	0	0	0	0	0	0	0	0	0	0	0	0	11559533	
872	1	F	10	N	2500	0	40	263	185	43	23	37	0	0	0	0	0	0	0	0	0	0	0	0	11559595	
873	1	F	10	N	2500	0	1	236	156	49	21	35	0	0	0	0	0	0	0	0	0	0	0	0	11559751	
874	1	F	10	N	2500	0	1	270	124	30	15	26	0	0	0	0	0	0	0	0	0	0	0	0	11560032	
875	1	G	10	N	2500	2	1	189	145	34	17	30	0	0	0	0	0	0	0	0	0	0	0	0	11567145	
876	1	G	10	N	2500	2	2	326	143	33	16	27	0	0	0	0	0	0	0	0	0	0	0	0	11568253	
877	1	G	10	N	2500	6	40	497	224	62	27	47	0	0	0	0	0	0	0	0	0	0	0	0	11568409	
878	1	G	10	N	2500	2	1	193	184	43	23	36	0	0	0	0	0	0	0	0	0	0	0	0	11568596	
879	1	G	10	N	2500	6	40	362	163	37	17	32	0	0	0	0	0	0	0	0	0	0	0	0	11568643	
880	1	G	10	N	2500	2	1	293	115	23	12	26	0	0	0	0	0	0	0	0	0	0	0	0	11568939	
881	1	G	10	N	2500	2	2	377	162	33	20	35	0	0	0	0	0	0	0	0	0	0	0	0	11569251	
882	1	G	10	N	2500	6	40	356	183	44	20	37	0	0	0	0	0	0	0	0	0	0	0	0	11569704	
883	1	G	10	N	2500	0	40	336	168	40	20	37	0	0	0	0	0	0	0	0	0	0	0	0	11569907	
884	1	G	10	N	2500	0	40	325	178	47	21	38	0	0	0	0	0	0	0	0	0	0	0	0	11570687	
885	1	G	10	N	2500	0	40	398	196	44	24	39	0	0	0	0	0	0	0	0	0	0	0	0	11571404	
886	1	G	10	N	2500	0	1	177	125	27	14	23	0	0	0	0	0	0	0	0	0	0	0	0	11571420	
887	1	G	10	N	2500	0	2	321	153	32	16	30	0	0	0	0	0	0	0	0	0	0	0	0	11572746	
888	1	G	10	N	2500	0	40	230	192	46	25	40	0	0	0	0	0	0	0	0	0	0	0	0	11572761	
889	1	G	10	N	2500	0	40	340	173	46	21	39	0	0	0	0	0	0	0	0	0	0	0	0	11572902	
890	1	G	10	N	2500	0	1	223	144	34	16	30	0	0	0	0	0	0	0	0	0	0	0	0	11573058	
891	1	G	10	N	2500	0	1	114	58	75	87	146	0	0	0	0	0	0	0	0	0	0	0	0	11573073	
892	1	G	10	N	2500	0	2	359	145	31	14	22	0	0	0	0	0	0	0	0	0	0	0	0	11573073	
893	1	G	10	N	2500	0	1	192	120	27	12	23	0	0	0	0	0	0	0	0	0	0	0	0	11573635	
894	1	G	10	N	2500	0	2	315	152	32	15	30	0	0	0	0	0	0	0	0	0	0	0	0	11573697	
895	1	G	10	N	2500	0	1	205	149	36	17	28	0	0	0	0	0	0	0	0	0	0	0	0	11573760	
896	1	G	10	N	2500	0	1	258	140	33	16	23	0	0	0	0	0	0	0	0	0	0	0	0	11574072	
897	1	G	10	N	2500	0	1	190	174	51	23	41	0	0	0	0	0	0	0	0	0	0	0	0	11574134	
898	1	H	10	N	2500	6	40	313	200	53	25	45	0	0	0	0	0	0	0	0	0	0	0	0	11582433	
899	1	H	10	N	2500	6	40	325	158	39	17	31	0	0	0	0	0	0	0	0	0	0	0	0	11586645	
900	1	A	11	N	2500	6	40	375	174	42	20	39	0	0	0	0	0	0	0	0	0	0	0	0	11598143	
901	1	A	11	N	2500	6	40	297	201	54	28	47	0	0	0	0	0	0	0	0	0	0	0	0	11598455	
902	1	A	11	N	2500	6	40	385	208	58	27	44	0	0	0	0	0	0	0	0	0	0	0	0	11598704	
903	1	A	11	N	2500	0	40	337	177	45	22	39	0	0	0	0	0	0	0	0	0	0	0	0	11599593	
904	1	A	11	N	2500	0	40	377	203	45	21	40	0	0	0	0	0	0	0	0	0	0	0	0	11600202	
905	1	A	11	N	2500	0	2	328	148	33	16	31	0	0	0	0	0	0	0	0	0	0	0	0	11601403	
906	1	A	11	N	2500	0	1	177	115	33	16	27	0	0	0	0	0	0	0	0	0	0	0	0	11601419	
907	1	A	11	N	2500	0	40	336	164	37	19	29	0	0	0	0	0	0	0	0	0	0	0	0	11601746	
908	1	A	11	N	2500	0	40	303	189	45	22	44	0	0	0	0	0	0	0	0	0	0	0	0	11602760	
909	1	A	11	N	2500	0	40	315	147	37	18	32	0	0	0	0	0	0	0	0	0	0	0	0	11602823	
910	1	A	11	N	2500	0	1	245	97	15	10	21	0	0	0	0	0	0	0	0	0	0	0	0	11603088	
911	1	A	11	N	2500	0	40	345	189	42	22	36	0	0	0	0	0	0	0	0	0	0	0	0	11603493	
912	1	A	11	N	2500	0	40	374	203	43	23	38	0	0	0	0	0	0	0	0	0	0	0	0	11603493	
913	1	A	11	N	2500	0	1	101	50	8	12	72	0	0	0	0	0	0	0	0	0	0	0	0	11604086	
914	1	B	11	N	2500	6	40	372	189	42	20	35	0	0	0	0	0	0	0	0	0	0	0	0	11612292	
915	1	B	11	N	2500	2	2	330	164	34	19	35	0	0	0	0	0	0	0	0	0	0	0	0	11613384	
916	1	B	11	N	2500	6	40	350	164	36	17	31	0	0	0	0	0	0	0	0	0	0	0	0	11613477	
917	1	B	11	N	2500	2	1	239	129	28	14	19	0	0	0	0	0	0	0	0	0	0	0	0	11613743	
918	1	B	11	N	2500	2	1	217	143	41	17	28	0	0	0	0	0	0	0	0	0	0	0	0	11614179	
919	1	B	11	N	2500	6	40	290	182	54	23	41	0	0	0	0	0	0	0	0	0	0	0	0	11615193	
920	1	B	11	N	2500	0	1	195	160	40	17	30	0	0	0	0	0	0	0	0	0	0	0	0	11616644	
921	1	B	11	N	2500	0	40	265	192	48	24	39	0	0	0	0	0	0	0	0	0	0	0	0	11617518	
922	1	B	11	N	2500	0	1	249	155	38	18	28	0	0	0	0	0	0	0	0	0	0	0	0	11617580	
923	1	B	11	N	2500	0	2	342	152	28	16	29	0	0	0	0	0	0	0	0	0	0	0	0	11617830	
924	1	B	11	N	2500	0	1	537	185	53	23	42	0	0	0	0	0	0	0	0	0	0	0	0	11617908	
925	1	B	11	N	2500	0	2	348	152	26	15	26	0	0	0	0	0	0	0	0	0	0	0	0	11618158	
926	1	C	11	N	2500	6	40	361	214	49	27	45	0	0	0	0	0	0	0	0	0	0	0	0	11626285	
927	1	C	11	N	2500	6	40	277	217	52	25	41	0	0	0	0	0	0	0	0	0	0	0	0	11627362	
928	1	C	11	N	2500	2	1	330	131	29	13	18	0	0	0	0	0	0	0	0	0	0	0	0	11628048	
929	1	C	11	N	2500	6	40	335	154	36	16	30	0	0	0	0	0	0	0	0	0	0	0	0	11628220	
930	1	C	11	N	2500	0	40	253	173	43	23	37	0	0	0	0	0	0	0	0	0	0	0	0	11628937	
931	1	C	11	N	2500	0	40	365	177	46	20	37	0	0	0	0	0	0	0	0	0	0	0	0	11628968	
932	1	C	11	N	2500	0	1	305	133	31	13	24	0	0	0	0	0	0	0	0	0	0	0	0	11629156	
933	1	C	11	N	2500	0	1	177	182	54	23	40	0	0	0	0	0	0	0	0	0	0	0	0	11629655	
934	1	C	11	N	2500	0	40	327	175	41	22	39	0	0	0	0	0	0	0	0	0	0	0	0	11630279	
935	1	C	11	N	2500	0	40	307	150	40	17	32	0	0	0	0	0	0	0	0	0	0	0	0	11630357	
936	1	C	11	N	2500	0	40	235	189	51	23	40	0	0	0	0	0	0	0	0	0	0	0	0	11631324	
937	1	C	11	N	2500	0	40	302	153	42	21	36	0	0	0	0	0	0	0	0	0	0	0	0	11631527	
938	1	C	11	N	2500	0	2	322	136	29	13	26	0	0	0	0	0	0	0	0	0	0	0	0	11631605	
939	1	D	11	N	2500	2	1	207	168	40	20	34	0	0	0	0	0	0	0	0	0	0	0	0	11639561	
940	1	D	11	N	2500	2	1	192	126	24	13	26	0	0	0	0	0	0	0	0	0	0	0	0	11640091	
941	1	D	11	N	2500	6	40	259	189	45	23	39	0	0	0	0	0	0	0	0	0	0	0	0	11642057	
942	1	D	11	N	2500	6	40	308	210	57	27	43	0	0	0	0	0	0	0	0	0	0	0	0	11642306	
943	1	D	11	N	2500	6	40	261	175	48	23	38	0	0	0	0	0	0	0	0	0	0	0	0	11642525	
944	1	D	11	N	2500	0	1	207	141	32	17	24	0	0	0	0	0	0	0	0	0	0	0	0	11642618	
945	1	D	11	N	2500	0	2	344	147	29	15	29	0	0	0	0	0	0	0	0	0	0	0	0	11643024	
946	1	D	11	N	2500	0	40	476	196	48	25	44	0	0	0	0	0	0	0	0	0	0	0	0	11643274	
947	1	D	11	N	2500	0	40	407	195	50	23	38	0	0	0	0	0	0	0	0	0	0	0	0	11644631	
948	1	D	11	N	2500	0	1	108	27	6	2	5	0	0	0	0	0	0	0	0	0	0	0	0	11644709	
949	1	D	11	N	2500	0	40	300	166	36	19	33	0	0	0	0	0	0	0	0	0	0	0	0	11644709	
950	1	D	11	N	2500	0	1	255	117	27	16	23	0	0	0	0	0	0	0	0	0	0	0	0	11644724	
951	1	D	11	N	2500	0	1	288	111	22	11	18	0	0	0	0	0	0	0	0	0	0	0	0	11644740	
952	1	D	11	N	2500	0	40	331	149	36	16	32	0	0	0	0	0	0	0	0	0	0	0	0	11644756	
953	1	D	11	N	2500	0	40	285	174	39	20	31	0	0	0	0	0	0	0	0	0	0	0	0	11644818	
954	1	D	11	N	2500	0	40	361	200	44	22	39	0	0	0	0	0	0	0	0	0	0	0	0	11645036	
955	1	D	11	N	2500	0	40	368	196	51	23	37	0	0	0	0	0	0	0	0	0	0	0	0	11645114	
956	1	D	11	N	2500	0	1	240	135	33	18	32	0	0	0	0	0	0	0	0	0	0	0	0	11645364	
957	1	D	11	N	2500	0	40	277	192	48	22	42	0	0	0	0	0	0	0	0	0	0	0	0	11645614	
958	1	D	11	N	2500	0	1	287	104	20	8	17	0	0	0	0	0	0	0	0	0	0	0	0	11645770	
959	1	D	11	N	2500	0	40	420	206	41	22	39	0	0	0	0	0	0	0	0	0	0	0	0	11647064	
960	1	E	11	N	2500	2	1	179	104	30	16	27	0	0	0	0	0	0	0	0	0	0	0	0	11653975	
961	1	E	11	N	2500	2	1	245	131	24	15	28	0	0	0	0	0	0	0	0	0	0	0	0	11654474	
962	1	E	11	N	2500	2	1	197	131	43	21	33	0	0	0	0	0	0	0	0	0	0	0	0	11654708	
963	1	E	11	N	2500	2	1	314	132	26	13	25	0	0	0	0	0	0	0	0	0	0	0	0	11655098	
964	1	E	11	N	2500	2	1	247	151	36	18	28	0	0	0	0	0	0	0	0	0	0	0	0	11655473	
965	1	E	11	N	2500	6	40	264	169	46	24	42	0	0	0	0	0	0	0	0	0	0	0	0	11656721	
966	1	E	11	N	2500	6	40	341	190	46	23	37	0	0	0	0	0	0	0	0	0	0	0	0	11656955	
967	1	E	11	N	2500	2	1	214	129	25	13	22	0	0	0	0	0	0	0	0	0	0	0	0	11657220	
968	1	E	11	N	2500	6	40	332	143	36	15	26	0	0	0	0	0	0	0	0	0	0	0	0	11657236	
969	1	E	11	N	2500	0	2	324	142	27	14	23	0	0	0	0	0	0	0	0	0	0	0	0	11657594	
970	1	E	11	N	2500	0	1	194	177	44	22	36	0	0	0	0	0	0	0	0	0	0	0	0	11657672	
971	1	E	11	N	2500	0	2	361	164	34	16	30	0	0	0	0	0	0	0	0	0	0	0	0	11657860	
972	1	E	11	N	2500	0	40	358	204	52	25	37	0	0	0	0	0	0	0	0	0	0	0	0	11659560	
973	1	E	11	N	2500	0	40	361	179	45	22	38	0	0	0	0	0	0	0	0	0	0	0	0	11659607	
974	1	E	11	N	2500	0	1	111	80	47	47	108	0	0	0	0	0	0	0	0	0	0	0	0	11659763	
975	1	E	11	N	2500	0	40	330	205	48	23	45	0	0	0	0	0	0	0	0	0	0	0	0	11660340	
976	1	E	11	N	2500	0	1	269	96	17	10	15	0	0	0	0	0	0	0	0	0	0	0	0	11660808	
977	1	F	11	N	2500	2	1	209	147	42	21	34	0	0	0	0	0	0	0	0	0	0	0	0	11668577	
978	1	F	11	N	2500	6	40	208	190	59	27	41	0	0	0	0	0	0	0	0	0	0	0	0	11669700	
979	1	F	11	N	2500	2	1	254	95	19	11	19	0	0	0	0	0	0	0	0	0	0	0	0	11670464	
980	1	F	11	N	2500	6	40	444	216	47	25	43	0	0	0	0	0	0	0	0	0	0	0	0	11670854	
981	1	F	11	N	2500	2	2	302	153	34	17	29	0	0	0	0	0	0	0	0	0	0	0	0	11671759	
982	1	F	11	N	2500	2	1	280	146	40	18	31	0	0	0	0	0	0	0	0	0	0	0	0	11672368	
983	1	F	11	N	2500	2	1	219	132	26	13	23	0	0	0	0	0	0	0	0	0	0	0	0	11672477	
984	1	F	11	N	2500	6	40	386	192	47	21	34	0	0	0	0	0	0	0	0	0	0	0	0	11673023	
985	1	F	11	N	2500	0	40	354	170	37	17	27	0	0	0	0	0	0	0	0	0	0	0	0	11673756	
986	1	F	11	N	2500	0	40	295	173	38	18	30	0	0	0	0	0	0	0	0	0	0	0	0	11673850	
987	1	F	11	N	2500	0	40	230	202	49	25	40	0	0	0	0	0	0	0	0	0	0	0	0	11673881	
988	1	F	11	N	2500	0	1	208	165	34	20	35	0	0	0	0	0	0	0	0	0	0	0	0	11674817	
989	1	G	11	N	2500	6	40	284	186	43	23	37	0	0	0	0	0	0	0	0	0	0	0	0	11682227	
990	1	G	11	N	2500	2	1	65	37	10	0	1	0	0	0	0	0	0	0	0	0	0	0	0	11682476	
991	1	G	11	N	2500	6	40	394	167	38	19	31	0	0	0	0	0	0	0	0	0	0	0	0	11683100	
992	1	G	11	N	2500	6	40	334	155	37	17	27	0	0	0	0	0	0	0	0	0	0	0	0	11685050	
993	1	G	11	N	2500	0	1	320	122	22	12	20	0	0	0	0	0	0	0	0	0	0	0	0	11685082	
994	1	G	11	N	2500	0	40	274	175	44	20	34	0	0	0	0	0	0	0	0	0	0	0	0	11685643	
995	1	G	11	N	2500	0	1	157	95	20	12	20	0	0	0	0	0	0	0	0	0	0	0	0	11685986	
996	1	G	11	N	2500	0	1	296	128	29	15	28	0	0	0	0	0	0	0	0	0	0	0	0	11686080	
997	1	G	11	N	2500	0	1	225	147	32	17	29	0	0	0	0	0	0	0	0	0	0	0	0	11686314	
998	1	G	11	N	2500	0	40	392	209	45	23	43	0	0	0	0	0	0	0	0	0	0	0	0	11686610	
999	1	G	11	N	2500	0	40	278	172	53	22	38	0	0	0	0	0	0	0	0	0	0	0	0	11687406	
1000	1	G	11	N	2500	0	1	212	161	38	19	32	0	0	0	0	0	0	0	0	0	0	0	0	11688420	
1001	1	G	11	N	2500	0	40	353	171	44	19	30	0	0	0	0	0	0	0	0	0	0	0	0	11688748	
1002	1	G	11	N	2500	0	40	294	171	54	25	42	0	0	0	0	0	0	0	0	0	0	0	0	11688794	
