Id	Plate	Row	Column	Clog	Scan rate	Status sort	Status sel	TOF	EXT	Green	Yellow	Red	PH Ext	PW Ext	PC Ext	PH Green	PW Green	PCGreen	PH Yellow	PW Yellow	PCYellow	PH Red	PW Red	PCRed	Time Stamp	
0	1	A	1	N	2500	6	40	252	193	67	28	49	0	0	0	0	0	0	0	0	0	0	0	0	11845403	
1	1	A	1	N	2500	6	40	352	167	36	18	29	0	0	0	0	0	0	0	0	0	0	0	0	11845918	
2	1	A	1	N	2500	6	40	402	196	49	20	34	0	0	0	0	0	0	0	0	0	0	0	0	11846979	
3	1	A	1	N	2500	0	40	366	196	49	22	40	0	0	0	0	0	0	0	0	0	0	0	0	11847135	
4	1	A	1	N	2500	0	1	156	103	20	11	17	0	0	0	0	0	0	0	0	0	0	0	0	11848024	
5	1	A	1	N	2500	0	40	309	178	50	24	42	0	0	0	0	0	0	0	0	0	0	0	0	11848274	
6	1	A	1	N	2500	0	1	209	179	42	21	36	0	0	0	0	0	0	0	0	0	0	0	0	11848414	
7	1	A	1	N	2500	0	40	314	179	49	22	38	0	0	0	0	0	0	0	0	0	0	0	0	11848414	
8	1	A	1	N	2500	0	40	405	185	39	19	33	0	0	0	0	0	0	0	0	0	0	0	0	11848742	
9	1	A	1	N	2500	0	40	320	142	37	16	28	0	0	0	0	0	0	0	0	0	0	0	0	11849631	
10	1	A	1	N	2500	0	1	245	162	40	19	33	0	0	0	0	0	0	0	0	0	0	0	0	11849724	
11	1	A	1	N	2500	0	2	274	162	34	17	27	0	0	0	0	0	0	0	0	0	0	0	0	11849724	
12	1	A	1	N	2500	0	1	287	59	17	9	27	0	0	0	0	0	0	0	0	0	0	0	0	11849787	
13	1	A	1	N	2500	0	40	326	206	56	23	42	0	0	0	0	0	0	0	0	0	0	0	0	11850832	
14	1	A	1	N	2500	0	40	370	193	51	23	36	0	0	0	0	0	0	0	0	0	0	0	0	11851082	
15	1	A	1	N	2500	0	2	343	154	30	15	28	0	0	0	0	0	0	0	0	0	0	0	0	11851113	
16	1	A	1	N	2500	0	40	317	210	52	25	45	0	0	0	0	0	0	0	0	0	0	0	0	11851550	
17	1	A	1	N	2500	0	40	309	186	42	21	38	0	0	0	0	0	0	0	0	0	0	0	0	11851940	
18	1	A	1	N	2500	0	40	388	188	49	21	40	0	0	0	0	0	0	0	0	0	0	0	0	11852189	
19	1	A	1	N	2500	0	40	335	198	48	22	41	0	0	0	0	0	0	0	0	0	0	0	0	11852564	
20	1	A	1	N	2500	0	1	111	78	17	9	17	0	0	0	0	0	0	0	0	0	0	0	0	11852626	
21	1	B	1	N	2500	6	40	365	187	44	20	36	0	0	0	0	0	0	0	0	0	0	0	0	11860379	
22	1	B	1	N	2500	2	1	202	117	20	11	23	0	0	0	0	0	0	0	0	0	0	0	0	11860816	
23	1	B	1	N	2500	6	40	357	171	40	18	30	0	0	0	0	0	0	0	0	0	0	0	0	11860863	
24	1	B	1	N	2500	6	40	341	193	53	25	38	0	0	0	0	0	0	0	0	0	0	0	0	11861534	
25	1	B	1	N	2500	0	1	221	156	39	19	35	0	0	0	0	0	0	0	0	0	0	0	0	11862033	
26	1	B	1	N	2500	0	40	233	205	56	23	39	0	0	0	0	0	0	0	0	0	0	0	0	11862095	
27	1	B	1	N	2500	0	40	357	179	45	20	36	0	0	0	0	0	0	0	0	0	0	0	0	11862142	
28	1	B	1	N	2500	0	40	361	181	48	21	35	0	0	0	0	0	0	0	0	0	0	0	0	11862220	
29	1	B	1	N	2500	0	2	337	149	32	16	27	0	0	0	0	0	0	0	0	0	0	0	0	11862360	
30	1	B	1	N	2500	0	1	269	108	18	9	16	0	0	0	0	0	0	0	0	0	0	0	0	11862548	
31	1	B	1	N	2500	0	2	311	153	35	18	31	0	0	0	0	0	0	0	0	0	0	0	0	11863031	
32	1	B	1	N	2500	0	40	377	176	38	19	32	0	0	0	0	0	0	0	0	0	0	0	0	11863125	
33	1	B	1	N	2500	0	40	300	170	43	20	33	0	0	0	0	0	0	0	0	0	0	0	0	11863437	
34	1	B	1	N	2500	0	40	214	220	68	28	44	0	0	0	0	0	0	0	0	0	0	0	0	11863718	
35	1	B	1	N	2500	0	40	288	207	56	25	41	0	0	0	0	0	0	0	0	0	0	0	0	11863764	
36	1	B	1	N	2500	0	40	215	189	44	23	39	0	0	0	0	0	0	0	0	0	0	0	0	11864404	
37	1	B	1	N	2500	0	1	237	160	31	18	27	0	0	0	0	0	0	0	0	0	0	0	0	11864685	
38	1	B	1	N	2500	0	40	360	171	42	17	34	0	0	0	0	0	0	0	0	0	0	0	0	11864700	
39	1	B	1	N	2500	0	40	306	159	38	18	30	0	0	0	0	0	0	0	0	0	0	0	0	11865059	
40	1	B	1	N	2500	0	40	377	175	48	20	36	0	0	0	0	0	0	0	0	0	0	0	0	11865090	
41	1	B	1	N	2500	0	1	292	114	21	11	21	0	0	0	0	0	0	0	0	0	0	0	0	11865122	
42	1	B	1	N	2500	0	40	367	169	42	18	37	0	0	0	0	0	0	0	0	0	0	0	0	11866338	
43	1	C	1	N	2500	6	40	400	196	43	21	38	0	0	0	0	0	0	0	0	0	0	0	0	11873748	
44	1	C	1	N	2500	6	40	430	189	50	21	39	0	0	0	0	0	0	0	0	0	0	0	0	11873842	
45	1	C	1	N	2500	6	40	411	183	46	19	30	0	0	0	0	0	0	0	0	0	0	0	0	11874794	
46	1	C	1	N	2500	0	1	264	142	35	16	28	0	0	0	0	0	0	0	0	0	0	0	0	11874950	
47	1	C	1	N	2500	0	1	188	149	30	14	26	0	0	0	0	0	0	0	0	0	0	0	0	11875184	
48	1	C	1	N	2500	0	2	365	158	33	16	33	0	0	0	0	0	0	0	0	0	0	0	0	11875402	
49	1	C	1	N	2500	0	40	369	224	52	27	49	0	0	0	0	0	0	0	0	0	0	0	0	11876276	
50	1	C	1	N	2500	0	40	201	220	60	27	45	0	0	0	0	0	0	0	0	0	0	0	0	11876993	
51	1	C	1	N	2500	0	40	451	186	48	22	40	0	0	0	0	0	0	0	0	0	0	0	0	11877477	
52	1	C	1	N	2500	0	40	373	182	47	21	36	0	0	0	0	0	0	0	0	0	0	0	0	11877711	
53	1	C	1	N	2500	0	40	403	173	43	17	33	0	0	0	0	0	0	0	0	0	0	0	0	11878226	
54	1	C	1	N	2500	0	40	455	196	43	23	37	0	0	0	0	0	0	0	0	0	0	0	0	11878272	
55	1	C	1	N	2500	0	40	226	177	46	21	36	0	0	0	0	0	0	0	0	0	0	0	0	11878709	
56	1	C	1	N	2500	0	40	336	178	39	20	32	0	0	0	0	0	0	0	0	0	0	0	0	11878834	
57	1	C	1	N	2500	0	40	266	216	60	28	46	0	0	0	0	0	0	0	0	0	0	0	0	11880644	
58	1	C	1	N	2500	0	40	372	198	59	23	41	0	0	0	0	0	0	0	0	0	0	0	0	11880753	
59	1	C	1	N	2500	0	40	329	201	47	22	36	0	0	0	0	0	0	0	0	0	0	0	0	11881283	
60	1	D	1	N	2500	6	40	269	214	55	26	44	0	0	0	0	0	0	0	0	0	0	0	0	11888116	
61	1	D	1	N	2500	6	40	283	165	43	20	32	0	0	0	0	0	0	0	0	0	0	0	0	11888896	
62	1	D	1	N	2500	2	1	214	161	47	21	34	0	0	0	0	0	0	0	0	0	0	0	0	11889130	
63	1	D	1	N	2500	2	1	158	100	18	11	18	0	0	0	0	0	0	0	0	0	0	0	0	11889255	
64	1	D	1	N	2500	2	1	226	161	35	19	30	0	0	0	0	0	0	0	0	0	0	0	0	11889567	
65	1	D	1	N	2500	6	40	380	212	51	23	39	0	0	0	0	0	0	0	0	0	0	0	0	11890222	
66	1	D	1	N	2500	0	1	195	148	36	18	29	0	0	0	0	0	0	0	0	0	0	0	0	11890378	
67	1	D	1	N	2500	0	40	300	221	62	26	47	0	0	0	0	0	0	0	0	0	0	0	0	11890378	
68	1	D	1	N	2500	0	40	333	207	48	22	41	0	0	0	0	0	0	0	0	0	0	0	0	11890690	
69	1	D	1	N	2500	0	1	274	154	37	18	33	0	0	0	0	0	0	0	0	0	0	0	0	11890893	
70	1	D	1	N	2500	0	40	256	162	44	23	42	0	0	0	0	0	0	0	0	0	0	0	0	11890908	
71	1	D	1	N	2500	0	1	310	127	28	13	27	0	0	0	0	0	0	0	0	0	0	0	0	11891345	
72	1	D	1	N	2500	0	2	346	151	31	14	27	0	0	0	0	0	0	0	0	0	0	0	0	11892219	
73	1	D	1	N	2500	0	1	211	133	40	20	31	0	0	0	0	0	0	0	0	0	0	0	0	11892375	
74	1	D	1	N	2500	0	1	220	175	34	19	33	0	0	0	0	0	0	0	0	0	0	0	0	11892531	
75	1	D	1	N	2500	0	40	450	259	68	31	55	0	0	0	0	0	0	0	0	0	0	0	0	11892858	
76	1	D	1	N	2500	0	40	351	220	53	26	42	0	0	0	0	0	0	0	0	0	0	0	0	11893264	
77	1	D	1	N	2500	0	1	222	149	34	18	30	0	0	0	0	0	0	0	0	0	0	0	0	11893264	
78	1	D	1	N	2500	0	1	298	114	19	10	21	0	0	0	0	0	0	0	0	0	0	0	0	11893373	
79	1	D	1	N	2500	0	40	388	198	45	21	35	0	0	0	0	0	0	0	0	0	0	0	0	11894138	
80	1	D	1	N	2500	0	40	333	193	55	23	41	0	0	0	0	0	0	0	0	0	0	0	0	11894138	
81	1	D	1	N	2500	0	1	149	85	16	8	15	0	0	0	0	0	0	0	0	0	0	0	0	11894231	
82	1	D	1	N	2500	0	40	394	183	47	21	33	0	0	0	0	0	0	0	0	0	0	0	0	11894684	
83	1	D	1	N	2500	0	40	336	155	40	18	27	0	0	0	0	0	0	0	0	0	0	0	0	11895074	
84	1	E	1	N	2500	2	1	258	84	25	10	17	0	0	0	0	0	0	0	0	0	0	0	0	11902499	
85	1	E	1	N	2500	2	1	142	66	14	7	14	0	0	0	0	0	0	0	0	0	0	0	0	11902499	
86	1	E	1	N	2500	6	40	258	215	60	27	42	0	0	0	0	0	0	0	0	0	0	0	0	11902686	
87	1	E	1	N	2500	6	40	342	160	36	18	28	0	0	0	0	0	0	0	0	0	0	0	0	11903420	
88	1	E	1	N	2500	6	40	491	229	66	28	50	0	0	0	0	0	0	0	0	0	0	0	0	11903763	
89	1	E	1	N	2500	0	1	174	143	31	16	28	0	0	0	0	0	0	0	0	0	0	0	0	11903841	
90	1	E	1	N	2500	0	2	357	157	34	17	29	0	0	0	0	0	0	0	0	0	0	0	0	11904699	
91	1	E	1	N	2500	0	40	274	194	56	24	40	0	0	0	0	0	0	0	0	0	0	0	0	11904839	
92	1	E	1	N	2500	0	40	369	178	40	19	35	0	0	0	0	0	0	0	0	0	0	0	0	11905198	
93	1	E	1	N	2500	0	40	401	183	41	21	36	0	0	0	0	0	0	0	0	0	0	0	0	11906493	
94	1	E	1	N	2500	0	40	233	177	39	22	40	0	0	0	0	0	0	0	0	0	0	0	0	11906508	
95	1	E	1	N	2500	0	1	199	169	51	23	39	0	0	0	0	0	0	0	0	0	0	0	0	11906836	
96	1	E	1	N	2500	0	40	453	175	39	21	44	0	0	0	0	0	0	0	0	0	0	0	0	11906883	
97	1	E	1	N	2500	0	2	329	133	29	14	24	0	0	0	0	0	0	0	0	0	0	0	0	11907164	
98	1	E	1	N	2500	0	40	271	192	53	25	41	0	0	0	0	0	0	0	0	0	0	0	0	11907491	
99	1	E	1	N	2500	0	40	240	168	43	19	31	0	0	0	0	0	0	0	0	0	0	0	0	11907569	
100	1	E	1	N	2500	0	40	370	193	48	23	40	0	0	0	0	0	0	0	0	0	0	0	0	11907741	
101	1	E	1	N	2500	0	40	375	189	45	21	39	0	0	0	0	0	0	0	0	0	0	0	0	11908240	
102	1	E	1	N	2500	0	40	267	195	52	24	38	0	0	0	0	0	0	0	0	0	0	0	0	11908334	
103	1	E	1	N	2500	0	40	370	176	42	20	35	0	0	0	0	0	0	0	0	0	0	0	0	11908958	
104	1	E	1	N	2500	0	40	380	190	44	22	35	0	0	0	0	0	0	0	0	0	0	0	0	11909223	
105	1	E	1	N	2500	0	40	208	195	48	25	40	0	0	0	0	0	0	0	0	0	0	0	0	11909394	
106	1	E	1	N	2500	0	1	530	249	58	29	49	0	0	0	0	0	0	0	0	0	0	0	0	11909504	
107	1	F	1	N	2500	6	40	441	230	64	28	52	0	0	0	0	0	0	0	0	0	0	0	0	11916945	
108	1	F	1	N	2500	6	40	277	176	43	20	33	0	0	0	0	0	0	0	0	0	0	0	0	11917304	
109	1	F	1	N	2500	2	1	231	147	44	22	36	0	0	0	0	0	0	0	0	0	0	0	0	11919285	
110	1	F	1	N	2500	2	1	191	187	51	24	39	0	0	0	0	0	0	0	0	0	0	0	0	11920268	
111	1	F	1	N	2500	6	40	345	178	41	20	36	0	0	0	0	0	0	0	0	0	0	0	0	11920470	
112	1	F	1	N	2500	0	40	456	230	58	24	41	0	0	0	0	0	0	0	0	0	0	0	0	11920517	
113	1	F	1	N	2500	0	1	221	164	36	17	27	0	0	0	0	0	0	0	0	0	0	0	0	11920580	
114	1	F	1	N	2500	0	1	128	42	8	5	11	0	0	0	0	0	0	0	0	0	0	0	0	11920580	
115	1	F	1	N	2500	0	1	196	119	24	13	22	0	0	0	0	0	0	0	0	0	0	0	0	11920580	
116	1	F	1	N	2500	0	1	215	161	41	20	30	0	0	0	0	0	0	0	0	0	0	0	0	11920954	
117	1	F	1	N	2500	0	40	277	210	51	24	39	0	0	0	0	0	0	0	0	0	0	0	0	11920985	
118	1	F	1	N	2500	0	40	376	180	40	19	33	0	0	0	0	0	0	0	0	0	0	0	0	11923434	
119	1	G	1	N	2500	6	40	295	191	55	24	41	0	0	0	0	0	0	0	0	0	0	0	0	11931843	
120	1	G	1	N	2500	6	40	381	188	46	20	36	0	0	0	0	0	0	0	0	0	0	0	0	11931890	
121	1	G	1	N	2500	6	40	393	198	44	22	38	0	0	0	0	0	0	0	0	0	0	0	0	11933075	
122	1	G	1	N	2500	0	40	379	204	50	22	42	0	0	0	0	0	0	0	0	0	0	0	0	11933325	
123	1	G	1	N	2500	0	40	374	191	53	22	39	0	0	0	0	0	0	0	0	0	0	0	0	11933512	
124	1	G	1	N	2500	0	40	324	204	50	23	45	0	0	0	0	0	0	0	0	0	0	0	0	11934105	
125	1	G	1	N	2500	0	40	257	168	47	23	42	0	0	0	0	0	0	0	0	0	0	0	0	11934308	
126	1	G	1	N	2500	0	40	362	208	52	25	43	0	0	0	0	0	0	0	0	0	0	0	0	11934588	
127	1	G	1	N	2500	0	1	237	160	39	19	34	0	0	0	0	0	0	0	0	0	0	0	0	11934698	
128	1	G	1	N	2500	0	40	311	160	40	18	30	0	0	0	0	0	0	0	0	0	0	0	0	11934947	
129	1	G	1	N	2500	0	40	396	209	55	25	39	0	0	0	0	0	0	0	0	0	0	0	0	11935353	
130	1	G	1	N	2500	0	40	222	209	59	27	46	0	0	0	0	0	0	0	0	0	0	0	0	11935556	
131	1	G	1	N	2500	0	40	258	186	51	23	35	0	0	0	0	0	0	0	0	0	0	0	0	11935696	
132	1	G	1	N	2500	0	1	455	157	48	21	34	0	0	0	0	0	0	0	0	0	0	0	0	11935758	
133	1	G	1	N	2500	0	40	299	187	43	21	32	0	0	0	0	0	0	0	0	0	0	0	0	11936008	
134	1	G	1	N	2500	0	40	278	195	47	22	35	0	0	0	0	0	0	0	0	0	0	0	0	11936195	
135	1	G	1	N	2500	0	40	386	186	61	26	47	0	0	0	0	0	0	0	0	0	0	0	0	11936414	
136	1	G	1	N	2500	0	40	220	185	46	22	37	0	0	0	0	0	0	0	0	0	0	0	0	11936445	
137	1	G	1	N	2500	0	40	348	169	37	18	29	0	0	0	0	0	0	0	0	0	0	0	0	11936772	
138	1	G	1	N	2500	0	40	364	175	42	19	34	0	0	0	0	0	0	0	0	0	0	0	0	11937162	
139	1	G	1	N	2500	0	40	255	183	48	22	39	0	0	0	0	0	0	0	0	0	0	0	0	11937194	
140	1	G	1	N	2500	0	40	255	226	55	25	47	0	0	0	0	0	0	0	0	0	0	0	0	11937474	
141	1	G	1	N	2500	0	40	425	207	57	24	40	0	0	0	0	0	0	0	0	0	0	0	0	11937849	
142	1	H	1	N	2500	2	1	234	168	46	24	36	0	0	0	0	0	0	0	0	0	0	0	0	11948972	
143	1	H	1	N	2500	2	1	91	19	2	0	1	0	0	0	0	0	0	0	0	0	0	0	0	11951998	
144	1	B	2	N	2500	6	40	508	238	56	29	45	0	0	0	0	0	0	0	0	0	0	0	0	11979080	
145	1	B	2	N	2500	6	40	349	183	49	21	39	0	0	0	0	0	0	0	0	0	0	0	0	11981716	
146	1	B	2	N	2500	2	1	217	138	30	16	23	0	0	0	0	0	0	0	0	0	0	0	0	11982371	
147	1	C	2	N	2500	6	40	380	195	47	23	37	0	0	0	0	0	0	0	0	0	0	0	0	11991419	
148	1	C	2	N	2500	2	1	181	141	31	17	29	0	0	0	0	0	0	0	0	0	0	0	0	11992761	
149	1	C	2	N	2500	6	40	279	193	51	20	39	0	0	0	0	0	0	0	0	0	0	0	0	11995257	
150	1	D	2	N	2500	2	1	525	248	68	26	49	0	0	0	0	0	0	0	0	0	0	0	0	12004633	
151	1	D	2	N	2500	6	40	401	181	42	21	35	0	0	0	0	0	0	0	0	0	0	0	0	12008751	
152	1	D	2	N	2500	6	40	242	205	52	26	48	0	0	0	0	0	0	0	0	0	0	0	0	12009422	
153	1	D	2	N	2500	2	2	276	157	33	17	29	0	0	0	0	0	0	0	0	0	0	0	0	12010966	
154	1	D	2	N	2500	2	1	215	151	33	17	26	0	0	0	0	0	0	0	0	0	0	0	0	12011543	
155	1	D	2	N	2500	6	40	350	161	36	18	29	0	0	0	0	0	0	0	0	0	0	0	0	12011731	
156	1	D	2	N	2500	0	40	379	200	49	22	35	0	0	0	0	0	0	0	0	0	0	0	0	12011855	
157	1	E	2	N	2500	2	1	69	12	2	1	2	0	0	0	0	0	0	0	0	0	0	0	0	12020311	
158	1	E	2	N	2500	6	40	276	165	46	22	34	0	0	0	0	0	0	0	0	0	0	0	0	12022791	
159	1	E	2	N	2500	6	40	307	172	43	21	38	0	0	0	0	0	0	0	0	0	0	0	0	12024367	
160	1	E	2	N	2500	6	40	355	171	38	18	32	0	0	0	0	0	0	0	0	0	0	0	0	12024445	
161	1	F	2	N	2500	6	40	358	195	48	23	35	0	0	0	0	0	0	0	0	0	0	0	0	12033961	
162	1	F	2	N	2500	2	1	198	163	41	19	32	0	0	0	0	0	0	0	0	0	0	0	0	12036737	
163	1	F	2	N	2500	6	40	359	180	45	21	34	0	0	0	0	0	0	0	0	0	0	0	0	12038578	
164	1	F	2	N	2500	2	1	245	88	16	8	15	0	0	0	0	0	0	0	0	0	0	0	0	12038875	
165	1	F	2	N	2500	6	40	387	182	46	20	36	0	0	0	0	0	0	0	0	0	0	0	0	12039374	
166	1	F	2	N	2500	0	2	322	161	34	18	32	0	0	0	0	0	0	0	0	0	0	0	0	12039686	
167	1	G	2	N	2500	6	40	342	178	41	20	35	0	0	0	0	0	0	0	0	0	0	0	0	12047891	
168	1	G	2	N	2500	2	1	187	181	49	23	38	0	0	0	0	0	0	0	0	0	0	0	0	12049077	
169	1	G	2	N	2500	6	40	239	177	45	22	40	0	0	0	0	0	0	0	0	0	0	0	0	12050247	
170	1	G	2	N	2500	2	1	260	153	42	18	33	0	0	0	0	0	0	0	0	0	0	0	0	12051729	
171	1	G	2	N	2500	6	40	317	184	50	22	43	0	0	0	0	0	0	0	0	0	0	0	0	12053929	
172	1	G	2	N	2500	0	40	217	185	51	25	41	0	0	0	0	0	0	0	0	0	0	0	0	12054397	
173	1	H	2	N	2500	2	1	343	121	23	11	20	0	0	0	0	0	0	0	0	0	0	0	0	12062680	
174	1	H	2	N	2500	2	1	76	26	6	0	2	0	0	0	0	0	0	0	0	0	0	0	0	12067282	
175	1	A	3	N	2500	6	40	379	186	47	22	39	0	0	0	0	0	0	0	0	0	0	0	0	12078093	
176	1	A	3	N	2500	6	40	306	199	50	24	40	0	0	0	0	0	0	0	0	0	0	0	0	12079778	
177	1	A	3	N	2500	2	1	280	130	28	13	27	0	0	0	0	0	0	0	0	0	0	0	0	12080932	
178	1	A	3	N	2500	2	2	284	162	35	20	33	0	0	0	0	0	0	0	0	0	0	0	0	12082820	
179	1	A	3	N	2500	6	40	343	164	38	18	27	0	0	0	0	0	0	0	0	0	0	0	0	12083600	
180	1	A	3	N	2500	0	40	238	178	46	21	33	0	0	0	0	0	0	0	0	0	0	0	0	12083974	
181	1	B	3	N	2500	2	1	170	162	42	21	34	0	0	0	0	0	0	0	0	0	0	0	0	12092149	
182	1	B	3	N	2500	6	40	255	170	43	22	36	0	0	0	0	0	0	0	0	0	0	0	0	12095269	
183	1	B	3	N	2500	2	1	177	159	39	21	31	0	0	0	0	0	0	0	0	0	0	0	0	12095378	
184	1	B	3	N	2500	6	40	318	166	48	21	36	0	0	0	0	0	0	0	0	0	0	0	0	12095518	
185	1	B	3	N	2500	2	1	311	126	28	13	26	0	0	0	0	0	0	0	0	0	0	0	0	12096080	
186	1	B	3	N	2500	6	40	349	171	53	20	36	0	0	0	0	0	0	0	0	0	0	0	0	12096236	
187	1	B	3	N	2500	0	40	254	188	48	23	38	0	0	0	0	0	0	0	0	0	0	0	0	12096267	
188	1	C	3	N	2500	6	40	426	186	47	21	34	0	0	0	0	0	0	0	0	0	0	0	0	12108326	
189	1	C	3	N	2500	6	40	271	164	41	19	32	0	0	0	0	0	0	0	0	0	0	0	0	12108934	
190	1	C	3	N	2500	6	40	342	176	41	20	34	0	0	0	0	0	0	0	0	0	0	0	0	12111274	
191	1	D	3	N	2500	2	1	204	163	46	23	38	0	0	0	0	0	0	0	0	0	0	0	0	12120135	
192	1	D	3	N	2500	6	40	218	180	55	25	41	0	0	0	0	0	0	0	0	0	0	0	0	12121430	
193	1	D	3	N	2500	6	40	378	176	44	20	32	0	0	0	0	0	0	0	0	0	0	0	0	12121633	
194	1	D	3	N	2500	6	40	350	180	53	22	39	0	0	0	0	0	0	0	0	0	0	0	0	12122413	
195	1	D	3	N	2500	0	40	202	191	47	25	41	0	0	0	0	0	0	0	0	0	0	0	0	12122912	
196	1	D	3	N	2500	0	40	352	179	53	21	38	0	0	0	0	0	0	0	0	0	0	0	0	12122990	
197	1	D	3	N	2500	0	40	417	193	51	22	42	0	0	0	0	0	0	0	0	0	0	0	0	12123489	
198	1	D	3	N	2500	0	1	205	141	39	20	29	0	0	0	0	0	0	0	0	0	0	0	0	12125158	
199	1	E	3	N	2500	2	1	232	130	30	16	27	0	0	0	0	0	0	0	0	0	0	0	0	12134955	
200	1	E	3	N	2500	2	1	133	128	34	16	30	0	0	0	0	0	0	0	0	0	0	0	0	12135142	
201	1	E	3	N	2500	2	2	331	147	31	17	29	0	0	0	0	0	0	0	0	0	0	0	0	12135361	
202	1	E	3	N	2500	6	40	365	152	36	19	28	0	0	0	0	0	0	0	0	0	0	0	0	12136281	
203	1	E	3	N	2500	2	1	229	156	43	20	29	0	0	0	0	0	0	0	0	0	0	0	0	12137014	
204	1	E	3	N	2500	2	1	322	132	29	15	26	0	0	0	0	0	0	0	0	0	0	0	0	12138372	
205	1	E	3	N	2500	2	1	217	129	27	15	27	0	0	0	0	0	0	0	0	0	0	0	0	12138684	
206	1	E	3	N	2500	2	1	167	100	19	10	15	0	0	0	0	0	0	0	0	0	0	0	0	12138762	
207	1	E	3	N	2500	2	1	84	55	10	5	11	0	0	0	0	0	0	0	0	0	0	0	0	12139401	
208	1	E	3	N	2500	2	1	315	122	25	13	25	0	0	0	0	0	0	0	0	0	0	0	0	12140103	
209	1	E	3	N	2500	2	1	207	110	25	12	21	0	0	0	0	0	0	0	0	0	0	0	0	12140181	
210	1	E	3	N	2500	2	2	308	150	33	18	27	0	0	0	0	0	0	0	0	0	0	0	0	12141180	
211	1	E	3	N	2500	2	1	188	125	29	14	26	0	0	0	0	0	0	0	0	0	0	0	0	12141211	
212	1	F	3	N	2500	2	1	295	120	21	12	21	0	0	0	0	0	0	0	0	0	0	0	0	12149167	
213	1	F	3	N	2500	6	40	383	209	62	26	50	0	0	0	0	0	0	0	0	0	0	0	0	12151273	
214	1	F	3	N	2500	6	40	339	168	39	20	35	0	0	0	0	0	0	0	0	0	0	0	0	12151413	
215	1	F	3	N	2500	6	40	346	177	41	20	35	0	0	0	0	0	0	0	0	0	0	0	0	12151678	
216	1	F	3	N	2500	0	1	211	181	44	22	41	0	0	0	0	0	0	0	0	0	0	0	0	12152240	
217	1	F	3	N	2500	0	40	364	181	43	20	35	0	0	0	0	0	0	0	0	0	0	0	0	12152677	
218	1	F	3	N	2500	0	1	236	127	25	14	25	0	0	0	0	0	0	0	0	0	0	0	0	12152708	
219	1	F	3	N	2500	0	40	400	188	49	21	36	0	0	0	0	0	0	0	0	0	0	0	0	12153145	
220	1	F	3	N	2500	0	40	352	163	41	17	33	0	0	0	0	0	0	0	0	0	0	0	0	12153207	
221	1	F	3	N	2500	0	40	246	169	45	23	36	0	0	0	0	0	0	0	0	0	0	0	0	12153301	
222	1	F	3	N	2500	0	40	302	175	49	21	39	0	0	0	0	0	0	0	0	0	0	0	0	12153894	
223	1	F	3	N	2500	0	1	305	127	22	13	21	0	0	0	0	0	0	0	0	0	0	0	0	12154143	
224	1	F	3	N	2500	0	1	242	157	33	19	30	0	0	0	0	0	0	0	0	0	0	0	0	12154346	
225	1	F	3	N	2500	0	40	225	189	44	24	40	0	0	0	0	0	0	0	0	0	0	0	0	12155110	
226	1	F	3	N	2500	0	1	302	135	29	15	25	0	0	0	0	0	0	0	0	0	0	0	0	12155485	
227	1	G	3	N	2500	2	2	326	159	34	18	31	0	0	0	0	0	0	0	0	0	0	0	0	12163846	
228	1	G	3	N	2500	6	40	329	203	54	29	49	0	0	0	0	0	0	0	0	0	0	0	0	12164346	
229	1	G	3	N	2500	6	40	335	154	37	18	26	0	0	0	0	0	0	0	0	0	0	0	0	12165843	
230	1	G	3	N	2500	6	40	311	193	46	23	36	0	0	0	0	0	0	0	0	0	0	0	0	12166077	
231	1	G	3	N	2500	0	40	218	178	42	23	40	0	0	0	0	0	0	0	0	0	0	0	0	12166171	
232	1	G	3	N	2500	0	1	79	29	3	1	3	0	0	0	0	0	0	0	0	0	0	0	0	12166202	
233	1	G	3	N	2500	0	40	395	199	51	24	37	0	0	0	0	0	0	0	0	0	0	0	0	12166202	
234	1	G	3	N	2500	0	2	343	137	27	14	23	0	0	0	0	0	0	0	0	0	0	0	0	12166374	
235	1	G	3	N	2500	0	40	331	152	41	19	33	0	0	0	0	0	0	0	0	0	0	0	0	12166701	
236	1	G	3	N	2500	0	1	78	64	42	35	79	0	0	0	0	0	0	0	0	0	0	0	0	12166748	
237	1	G	3	N	2500	0	40	338	151	38	18	30	0	0	0	0	0	0	0	0	0	0	0	0	12167107	
238	1	G	3	N	2500	0	40	247	187	42	20	36	0	0	0	0	0	0	0	0	0	0	0	0	12167247	
239	1	G	3	N	2500	0	40	365	200	55	27	45	0	0	0	0	0	0	0	0	0	0	0	0	12167356	
240	1	G	3	N	2500	0	1	227	164	42	20	37	0	0	0	0	0	0	0	0	0	0	0	0	12167372	
241	1	G	3	N	2500	0	40	234	192	46	23	43	0	0	0	0	0	0	0	0	0	0	0	0	12167871	
242	1	G	3	N	2500	0	40	290	225	57	29	49	0	0	0	0	0	0	0	0	0	0	0	0	12168885	
243	1	G	3	N	2500	0	1	563	227	61	27	54	0	0	0	0	0	0	0	0	0	0	0	0	12169010	
244	1	G	3	N	2500	0	1	302	138	27	14	28	0	0	0	0	0	0	0	0	0	0	0	0	12169556	
245	1	A	4	N	2500	2	1	160	117	26	14	28	0	0	0	0	0	0	0	0	0	0	0	0	12195078	
246	1	A	4	N	2500	6	40	258	162	37	19	31	0	0	0	0	0	0	0	0	0	0	0	0	12195546	
247	1	A	4	N	2500	6	40	292	155	42	19	33	0	0	0	0	0	0	0	0	0	0	0	0	12195593	
248	1	A	4	N	2500	2	1	215	137	36	16	28	0	0	0	0	0	0	0	0	0	0	0	0	12197574	
249	1	A	4	N	2500	2	2	324	147	32	16	27	0	0	0	0	0	0	0	0	0	0	0	0	12197964	
250	1	A	4	N	2500	2	1	204	130	29	15	25	0	0	0	0	0	0	0	0	0	0	0	0	12198198	
251	1	A	4	N	2500	8	40	331	150	40	17	31	0	0	0	0	0	0	0	0	0	0	0	0	12198213	
252	1	A	4	N	2500	6	40	342	168	41	20	38	0	0	0	0	0	0	0	0	0	0	0	0	12198588	
253	1	A	4	N	2500	0	1	199	131	29	15	25	0	0	0	0	0	0	0	0	0	0	0	0	12199446	
254	1	B	4	N	2500	2	1	281	118	25	12	19	0	0	0	0	0	0	0	0	0	0	0	0	12206466	
255	1	B	4	N	2500	6	40	402	188	47	22	38	0	0	0	0	0	0	0	0	0	0	0	0	12207683	
256	1	B	4	N	2500	2	2	378	156	31	17	31	0	0	0	0	0	0	0	0	0	0	0	0	12209243	
257	1	B	4	N	2500	2	1	160	139	33	16	27	0	0	0	0	0	0	0	0	0	0	0	0	12209991	
258	1	B	4	N	2500	2	1	183	132	32	17	27	0	0	0	0	0	0	0	0	0	0	0	0	12210584	
259	1	B	4	N	2500	2	1	233	124	26	12	22	0	0	0	0	0	0	0	0	0	0	0	0	12210662	
260	1	B	4	N	2500	2	1	233	134	27	15	26	0	0	0	0	0	0	0	0	0	0	0	0	12210959	
261	1	B	4	N	2500	2	2	333	132	28	14	23	0	0	0	0	0	0	0	0	0	0	0	0	12211239	
262	1	B	4	N	2500	6	40	282	161	41	19	36	0	0	0	0	0	0	0	0	0	0	0	0	12211895	
263	1	B	4	N	2500	2	1	188	174	57	25	43	0	0	0	0	0	0	0	0	0	0	0	0	12212082	
264	1	C	4	N	2500	2	1	212	153	34	19	33	0	0	0	0	0	0	0	0	0	0	0	0	12222596	
265	1	C	4	N	2500	2	2	319	136	27	13	22	0	0	0	0	0	0	0	0	0	0	0	0	12223501	
266	1	C	4	N	2500	6	40	289	158	37	18	30	0	0	0	0	0	0	0	0	0	0	0	0	12223673	
267	1	C	4	N	2500	2	1	255	146	34	19	33	0	0	0	0	0	0	0	0	0	0	0	0	12225201	
268	1	C	4	N	2500	2	1	206	128	28	14	26	0	0	0	0	0	0	0	0	0	0	0	0	12225326	
269	1	C	4	N	2500	2	2	326	147	32	16	28	0	0	0	0	0	0	0	0	0	0	0	0	12227027	
270	1	C	4	N	2500	2	2	322	137	28	14	24	0	0	0	0	0	0	0	0	0	0	0	0	12228243	
271	1	D	4	N	2500	2	1	197	140	38	18	29	0	0	0	0	0	0	0	0	0	0	0	0	12236839	
272	1	D	4	N	2500	2	1	187	83	25	12	20	0	0	0	0	0	0	0	0	0	0	0	0	12237666	
273	1	D	4	N	2500	2	1	294	119	25	13	22	0	0	0	0	0	0	0	0	0	0	0	0	12238103	
274	1	D	4	N	2500	2	1	298	129	27	14	24	0	0	0	0	0	0	0	0	0	0	0	0	12239054	
275	1	D	4	N	2500	2	1	207	125	31	16	24	0	0	0	0	0	0	0	0	0	0	0	0	12239741	
276	1	D	4	N	2500	6	40	275	171	44	19	38	0	0	0	0	0	0	0	0	0	0	0	0	12240099	
277	1	D	4	N	2500	6	40	323	153	41	19	32	0	0	0	0	0	0	0	0	0	0	0	0	12240333	
278	1	D	4	N	2500	6	40	358	161	38	20	38	0	0	0	0	0	0	0	0	0	0	0	0	12240739	
279	1	D	4	N	2500	0	40	361	176	39	19	38	0	0	0	0	0	0	0	0	0	0	0	0	12241067	
280	1	D	4	N	2500	0	1	257	110	21	10	20	0	0	0	0	0	0	0	0	0	0	0	0	12241800	
281	1	D	4	N	2500	0	40	286	181	49	23	40	0	0	0	0	0	0	0	0	0	0	0	0	12242814	
282	1	E	4	N	2500	2	1	225	126	23	15	23	0	0	0	0	0	0	0	0	0	0	0	0	12251082	
283	1	E	4	N	2500	6	40	285	168	47	20	31	0	0	0	0	0	0	0	0	0	0	0	0	12251706	
284	1	E	4	N	2500	2	1	251	111	25	12	22	0	0	0	0	0	0	0	0	0	0	0	0	12253001	
285	1	E	4	N	2500	2	2	334	146	33	18	30	0	0	0	0	0	0	0	0	0	0	0	0	12253391	
286	1	E	4	N	2500	6	40	326	189	42	22	39	0	0	0	0	0	0	0	0	0	0	0	0	12253827	
287	1	E	4	N	2500	2	2	322	139	33	15	27	0	0	0	0	0	0	0	0	0	0	0	0	12254046	
288	1	E	4	N	2500	2	1	312	133	26	14	24	0	0	0	0	0	0	0	0	0	0	0	0	12254451	
289	1	E	4	N	2500	2	1	168	111	27	12	22	0	0	0	0	0	0	0	0	0	0	0	0	12255543	
290	1	E	4	N	2500	2	1	62	65	22	0	1	0	0	0	0	0	0	0	0	0	0	0	0	12255637	
291	1	E	4	N	2500	6	40	361	171	36	17	30	0	0	0	0	0	0	0	0	0	0	0	0	12256183	
292	1	F	4	N	2500	2	1	137	126	38	19	37	0	0	0	0	0	0	0	0	0	0	0	0	12265449	
293	1	F	4	N	2500	2	1	305	135	28	15	26	0	0	0	0	0	0	0	0	0	0	0	0	12267555	
294	1	F	4	N	2500	2	1	211	132	28	15	24	0	0	0	0	0	0	0	0	0	0	0	0	12267914	
295	1	F	4	N	2500	6	40	367	182	41	20	42	0	0	0	0	0	0	0	0	0	0	0	0	12268117	
296	1	F	4	N	2500	2	2	334	143	30	15	27	0	0	0	0	0	0	0	0	0	0	0	0	12268148	
297	1	F	4	N	2500	6	40	351	154	40	19	42	0	0	0	0	0	0	0	0	0	0	0	0	12269240	
298	1	F	4	N	2500	2	1	317	130	25	12	25	0	0	0	0	0	0	0	0	0	0	0	0	12269880	
299	1	F	4	N	2500	2	1	211	157	40	18	30	0	0	0	0	0	0	0	0	0	0	0	0	12271752	
300	1	G	4	N	2500	6	40	396	204	57	25	41	0	0	0	0	0	0	0	0	0	0	0	0	12280488	
301	1	A	5	N	2500	2	1	153	142	46	23	35	0	0	0	0	0	0	0	0	0	0	0	0	12310159	
302	1	A	5	N	2500	6	40	404	198	49	20	37	0	0	0	0	0	0	0	0	0	0	0	0	12310736	
303	1	A	5	N	2500	2	2	338	148	29	16	27	0	0	0	0	0	0	0	0	0	0	0	0	12310768	
304	1	A	5	N	2500	6	40	393	177	48	22	43	0	0	0	0	0	0	0	0	0	0	0	0	12311158	
305	1	A	5	N	2500	2	1	166	127	34	15	24	0	0	0	0	0	0	0	0	0	0	0	0	12311189	
306	1	A	5	N	2500	6	40	341	161	47	18	34	0	0	0	0	0	0	0	0	0	0	0	0	12312281	
307	1	A	5	N	2500	0	1	197	155	36	17	33	0	0	0	0	0	0	0	0	0	0	0	0	12312390	
308	1	A	5	N	2500	0	40	354	169	41	20	36	0	0	0	0	0	0	0	0	0	0	0	0	12313388	
309	1	A	5	N	2500	0	2	368	157	31	17	27	0	0	0	0	0	0	0	0	0	0	0	0	12313934	
310	1	A	5	N	2500	0	40	309	172	54	23	38	0	0	0	0	0	0	0	0	0	0	0	0	12313997	
311	1	A	5	N	2500	0	40	351	170	39	20	32	0	0	0	0	0	0	0	0	0	0	0	0	12314122	
312	1	A	5	N	2500	0	40	386	162	37	18	32	0	0	0	0	0	0	0	0	0	0	0	0	12314231	
313	1	A	5	N	2500	0	40	311	179	45	21	36	0	0	0	0	0	0	0	0	0	0	0	0	12314730	
314	1	A	5	N	2500	0	1	236	150	37	18	27	0	0	0	0	0	0	0	0	0	0	0	0	12314839	
315	1	A	5	N	2500	0	40	259	185	50	23	37	0	0	0	0	0	0	0	0	0	0	0	0	12314964	
316	1	A	5	N	2500	0	40	349	181	50	22	44	0	0	0	0	0	0	0	0	0	0	0	0	12315245	
317	1	A	5	N	2500	0	40	338	160	44	17	33	0	0	0	0	0	0	0	0	0	0	0	0	12315744	
318	1	A	5	N	2500	0	40	353	180	46	21	37	0	0	0	0	0	0	0	0	0	0	0	0	12316352	
319	1	B	5	N	2500	2	1	230	90	16	9	18	0	0	0	0	0	0	0	0	0	0	0	0	12323294	
320	1	B	5	N	2500	6	40	310	185	49	23	40	0	0	0	0	0	0	0	0	0	0	0	0	12323497	
321	1	B	5	N	2500	6	40	367	187	54	23	47	0	0	0	0	0	0	0	0	0	0	0	0	12323872	
322	1	B	5	N	2500	2	1	255	139	29	16	30	0	0	0	0	0	0	0	0	0	0	0	0	12324184	
323	1	B	5	N	2500	2	1	60	28	2	1	4	0	0	0	0	0	0	0	0	0	0	0	0	12324184	
324	1	B	5	N	2500	6	40	274	175	39	19	35	0	0	0	0	0	0	0	0	0	0	0	0	12325073	
325	1	B	5	N	2500	0	1	98	21	2	1	3	0	0	0	0	0	0	0	0	0	0	0	0	12325276	
326	1	B	5	N	2500	0	40	352	167	42	19	37	0	0	0	0	0	0	0	0	0	0	0	0	12325666	
327	1	B	5	N	2500	0	1	240	133	28	15	29	0	0	0	0	0	0	0	0	0	0	0	0	12325993	
328	1	B	5	N	2500	0	1	212	160	36	17	31	0	0	0	0	0	0	0	0	0	0	0	0	12326524	
329	1	B	5	N	2500	0	40	238	221	58	28	56	0	0	0	0	0	0	0	0	0	0	0	0	12326695	
330	1	B	5	N	2500	0	40	246	198	55	26	44	0	0	0	0	0	0	0	0	0	0	0	0	12326882	
331	1	B	5	N	2500	0	40	357	210	55	26	47	0	0	0	0	0	0	0	0	0	0	0	0	12326945	
332	1	B	5	N	2500	0	40	227	195	47	24	40	0	0	0	0	0	0	0	0	0	0	0	0	12327787	
333	1	B	5	N	2500	0	1	258	139	40	21	35	0	0	0	0	0	0	0	0	0	0	0	0	12327787	
334	1	B	5	N	2500	0	40	385	182	52	21	35	0	0	0	0	0	0	0	0	0	0	0	0	12328458	
335	1	B	5	N	2500	0	40	352	190	53	22	37	0	0	0	0	0	0	0	0	0	0	0	0	12328598	
336	1	B	5	N	2500	0	40	391	200	60	25	46	0	0	0	0	0	0	0	0	0	0	0	0	12328739	
337	1	B	5	N	2500	0	40	351	176	44	21	37	0	0	0	0	0	0	0	0	0	0	0	0	12329425	
338	1	B	5	N	2500	0	40	306	180	48	24	42	0	0	0	0	0	0	0	0	0	0	0	0	12329644	
339	1	B	5	N	2500	0	1	202	150	40	20	31	0	0	0	0	0	0	0	0	0	0	0	0	12329768	
340	1	B	5	N	2500	0	40	365	175	48	23	40	0	0	0	0	0	0	0	0	0	0	0	0	12330424	
341	1	C	5	N	2500	6	40	346	172	50	22	46	0	0	0	0	0	0	0	0	0	0	0	0	12338161	
342	1	C	5	N	2500	6	40	383	201	49	23	41	0	0	0	0	0	0	0	0	0	0	0	0	12338473	
343	1	C	5	N	2500	6	40	392	182	43	20	33	0	0	0	0	0	0	0	0	0	0	0	0	12338551	
344	1	C	5	N	2500	0	40	307	178	44	24	40	0	0	0	0	0	0	0	0	0	0	0	0	12339128	
345	1	C	5	N	2500	0	40	344	157	37	18	31	0	0	0	0	0	0	0	0	0	0	0	0	12340314	
346	1	C	5	N	2500	0	40	392	177	45	20	34	0	0	0	0	0	0	0	0	0	0	0	0	12340517	
347	1	C	5	N	2500	0	1	165	166	41	22	37	0	0	0	0	0	0	0	0	0	0	0	0	12340720	
348	1	C	5	N	2500	0	40	238	220	66	26	49	0	0	0	0	0	0	0	0	0	0	0	0	12341312	
349	1	C	5	N	2500	0	40	340	158	38	17	33	0	0	0	0	0	0	0	0	0	0	0	0	12341609	
350	1	C	5	N	2500	0	40	429	210	58	27	43	0	0	0	0	0	0	0	0	0	0	0	0	12342092	
351	1	C	5	N	2500	0	1	132	136	33	18	28	0	0	0	0	0	0	0	0	0	0	0	0	12342810	
352	1	C	5	N	2500	0	40	400	186	45	21	38	0	0	0	0	0	0	0	0	0	0	0	0	12342966	
353	1	C	5	N	2500	0	40	279	167	45	20	35	0	0	0	0	0	0	0	0	0	0	0	0	12342966	
354	1	C	5	N	2500	0	40	321	199	51	27	40	0	0	0	0	0	0	0	0	0	0	0	0	12342982	
355	1	C	5	N	2500	0	40	257	172	47	20	37	0	0	0	0	0	0	0	0	0	0	0	0	12343169	
356	1	C	5	N	2500	0	40	332	203	57	25	46	0	0	0	0	0	0	0	0	0	0	0	0	12343496	
357	1	C	5	N	2500	0	40	351	168	40	18	32	0	0	0	0	0	0	0	0	0	0	0	0	12343559	
358	1	C	5	N	2500	0	1	226	135	33	17	28	0	0	0	0	0	0	0	0	0	0	0	0	12343964	
359	1	C	5	N	2500	0	1	128	146	51	23	37	0	0	0	0	0	0	0	0	0	0	0	0	12344495	
360	1	C	5	N	2500	0	40	362	184	49	21	36	0	0	0	0	0	0	0	0	0	0	0	0	12344666	
361	1	C	5	N	2500	0	40	479	207	50	24	48	0	0	0	0	0	0	0	0	0	0	0	0	12344744	
362	1	D	5	N	2500	6	40	278	194	57	25	40	0	0	0	0	0	0	0	0	0	0	0	0	12353153	
363	1	D	5	N	2500	2	2	363	162	33	15	28	0	0	0	0	0	0	0	0	0	0	0	0	12353309	
364	1	D	5	N	2500	2	1	238	141	55	22	38	0	0	0	0	0	0	0	0	0	0	0	0	12353792	
365	1	D	5	N	2500	6	40	331	156	41	18	36	0	0	0	0	0	0	0	0	0	0	0	0	12354276	
366	1	D	5	N	2500	6	40	305	168	40	19	28	0	0	0	0	0	0	0	0	0	0	0	0	12354916	
367	1	D	5	N	2500	0	1	161	95	20	9	18	0	0	0	0	0	0	0	0	0	0	0	0	12356273	
368	1	D	5	N	2500	0	2	336	164	34	19	33	0	0	0	0	0	0	0	0	0	0	0	0	12356288	
369	1	D	5	N	2500	0	1	283	96	18	9	19	0	0	0	0	0	0	0	0	0	0	0	0	12356335	
370	1	D	5	N	2500	0	1	74	45	8	4	7	0	0	0	0	0	0	0	0	0	0	0	0	12356351	
371	1	D	5	N	2500	0	1	163	67	14	9	20	0	0	0	0	0	0	0	0	0	0	0	0	12356351	
372	1	D	5	N	2500	0	40	384	200	45	24	40	0	0	0	0	0	0	0	0	0	0	0	0	12356366	
373	1	D	5	N	2500	0	40	266	184	47	24	40	0	0	0	0	0	0	0	0	0	0	0	0	12356803	
374	1	D	5	N	2500	0	40	395	180	46	21	36	0	0	0	0	0	0	0	0	0	0	0	0	12357396	
375	1	D	5	N	2500	0	40	368	180	46	20	40	0	0	0	0	0	0	0	0	0	0	0	0	12357474	
376	1	D	5	N	2500	0	40	362	161	42	19	32	0	0	0	0	0	0	0	0	0	0	0	0	12358098	
377	1	D	5	N	2500	0	1	247	155	46	24	36	0	0	0	0	0	0	0	0	0	0	0	0	12358238	
378	1	D	5	N	2500	0	40	315	167	44	23	40	0	0	0	0	0	0	0	0	0	0	0	0	12359174	
379	1	D	5	N	2500	0	40	354	171	41	21	35	0	0	0	0	0	0	0	0	0	0	0	0	12359190	
380	1	E	5	N	2500	2	1	221	145	32	17	27	0	0	0	0	0	0	0	0	0	0	0	0	12367255	
381	1	E	5	N	2500	6	40	282	158	39	19	34	0	0	0	0	0	0	0	0	0	0	0	0	12368004	
382	1	E	5	N	2500	2	1	195	154	46	22	38	0	0	0	0	0	0	0	0	0	0	0	0	12368566	
383	1	E	5	N	2500	2	1	223	160	43	21	35	0	0	0	0	0	0	0	0	0	0	0	0	12368706	
384	1	E	5	N	2500	2	1	203	160	41	20	32	0	0	0	0	0	0	0	0	0	0	0	0	12368831	
385	1	E	5	N	2500	8	40	462	216	61	27	49	0	0	0	0	0	0	0	0	0	0	0	0	12369034	
386	1	E	5	N	2500	6	40	280	173	38	20	37	0	0	0	0	0	0	0	0	0	0	0	0	12369923	
387	1	E	5	N	2500	6	40	386	198	50	25	46	0	0	0	0	0	0	0	0	0	0	0	0	12370968	
388	1	E	5	N	2500	0	40	254	171	44	20	32	0	0	0	0	0	0	0	0	0	0	0	0	12371264	
389	1	E	5	N	2500	0	40	261	184	45	24	42	0	0	0	0	0	0	0	0	0	0	0	0	12371592	
390	1	E	5	N	2500	0	40	322	188	48	23	41	0	0	0	0	0	0	0	0	0	0	0	0	12371654	
391	1	E	5	N	2500	0	40	337	158	39	17	30	0	0	0	0	0	0	0	0	0	0	0	0	12371701	
392	1	E	5	N	2500	0	40	367	188	45	20	39	0	0	0	0	0	0	0	0	0	0	0	0	12371810	
393	1	E	5	N	2500	0	1	248	105	21	11	17	0	0	0	0	0	0	0	0	0	0	0	0	12371904	
394	1	E	5	N	2500	0	40	242	175	41	22	39	0	0	0	0	0	0	0	0	0	0	0	0	12372060	
395	1	E	5	N	2500	0	40	361	177	37	18	38	0	0	0	0	0	0	0	0	0	0	0	0	12372403	
396	1	E	5	N	2500	0	2	316	142	28	15	28	0	0	0	0	0	0	0	0	0	0	0	0	12372559	
397	1	E	5	N	2500	0	40	314	181	45	19	32	0	0	0	0	0	0	0	0	0	0	0	0	12373074	
398	1	E	5	N	2500	0	1	187	187	60	26	44	0	0	0	0	0	0	0	0	0	0	0	0	12373136	
399	1	E	5	N	2500	0	1	224	172	45	24	36	0	0	0	0	0	0	0	0	0	0	0	0	12373199	
400	1	F	5	N	2500	6	40	382	177	47	23	37	0	0	0	0	0	0	0	0	0	0	0	0	12381794	
401	1	F	5	N	2500	6	40	290	186	47	24	46	0	0	0	0	0	0	0	0	0	0	0	0	12382278	
402	1	F	5	N	2500	2	1	289	121	27	14	28	0	0	0	0	0	0	0	0	0	0	0	0	12382418	
403	1	F	5	N	2500	2	1	161	110	20	11	19	0	0	0	0	0	0	0	0	0	0	0	0	12382840	
404	1	F	5	N	2500	2	1	196	161	45	21	38	0	0	0	0	0	0	0	0	0	0	0	0	12383167	
405	1	F	5	N	2500	6	40	275	218	62	27	44	0	0	0	0	0	0	0	0	0	0	0	0	12383214	
406	1	F	5	N	2500	0	40	370	151	38	16	32	0	0	0	0	0	0	0	0	0	0	0	0	12383245	
407	1	F	5	N	2500	0	40	343	168	40	20	32	0	0	0	0	0	0	0	0	0	0	0	0	12383386	
408	1	F	5	N	2500	0	2	325	152	30	16	32	0	0	0	0	0	0	0	0	0	0	0	0	12384244	
409	1	F	5	N	2500	0	2	343	163	35	21	40	0	0	0	0	0	0	0	0	0	0	0	0	12384259	
410	1	F	5	N	2500	0	40	292	186	42	22	38	0	0	0	0	0	0	0	0	0	0	0	0	12384275	
411	1	F	5	N	2500	0	2	343	150	31	15	28	0	0	0	0	0	0	0	0	0	0	0	0	12384634	
412	1	F	5	N	2500	0	1	298	113	19	11	20	0	0	0	0	0	0	0	0	0	0	0	0	12385086	
413	1	F	5	N	2500	0	1	156	124	37	20	30	0	0	0	0	0	0	0	0	0	0	0	0	12385102	
414	1	F	5	N	2500	0	40	391	177	50	24	39	0	0	0	0	0	0	0	0	0	0	0	0	12385320	
415	1	F	5	N	2500	0	40	341	162	38	19	34	0	0	0	0	0	0	0	0	0	0	0	0	12385460	
416	1	F	5	N	2500	0	1	222	155	33	18	30	0	0	0	0	0	0	0	0	0	0	0	0	12385726	
417	1	F	5	N	2500	0	2	272	158	35	18	33	0	0	0	0	0	0	0	0	0	0	0	0	12385741	
418	1	F	5	N	2500	0	40	394	179	46	23	34	0	0	0	0	0	0	0	0	0	0	0	0	12385772	
419	1	F	5	N	2500	0	40	393	206	53	24	40	0	0	0	0	0	0	0	0	0	0	0	0	12386006	
420	1	F	5	N	2500	0	1	201	127	30	14	22	0	0	0	0	0	0	0	0	0	0	0	0	12386069	
421	1	F	5	N	2500	0	40	297	188	48	25	41	0	0	0	0	0	0	0	0	0	0	0	0	12386287	
422	1	F	5	N	2500	0	1	200	161	38	19	29	0	0	0	0	0	0	0	0	0	0	0	0	12386568	
423	1	F	5	N	2500	0	40	348	187	46	21	39	0	0	0	0	0	0	0	0	0	0	0	0	12386584	
424	1	F	5	N	2500	0	40	274	181	51	24	43	0	0	0	0	0	0	0	0	0	0	0	0	12386771	
425	1	F	5	N	2500	0	40	335	158	37	18	30	0	0	0	0	0	0	0	0	0	0	0	0	12386911	
426	1	F	5	N	2500	0	40	363	174	39	19	38	0	0	0	0	0	0	0	0	0	0	0	0	12386927	
427	1	G	5	N	2500	6	40	348	171	40	19	33	0	0	0	0	0	0	0	0	0	0	0	0	12394446	
428	1	G	5	N	2500	6	40	234	188	42	20	34	0	0	0	0	0	0	0	0	0	0	0	0	12395273	
429	1	G	5	N	2500	2	1	180	143	31	16	25	0	0	0	0	0	0	0	0	0	0	0	0	12396193	
430	1	G	5	N	2500	2	1	229	119	26	13	23	0	0	0	0	0	0	0	0	0	0	0	0	12396443	
431	1	G	5	N	2500	6	40	340	169	37	18	33	0	0	0	0	0	0	0	0	0	0	0	0	12396490	
432	1	G	5	N	2500	0	40	278	197	50	26	41	0	0	0	0	0	0	0	0	0	0	0	0	12396724	
433	1	G	5	N	2500	0	40	368	169	39	17	32	0	0	0	0	0	0	0	0	0	0	0	0	12397192	
434	1	G	5	N	2500	0	2	316	146	32	17	28	0	0	0	0	0	0	0	0	0	0	0	0	12397706	
435	1	G	5	N	2500	0	1	165	118	27	12	22	0	0	0	0	0	0	0	0	0	0	0	0	12398050	
436	1	G	5	N	2500	0	40	384	200	49	23	44	0	0	0	0	0	0	0	0	0	0	0	0	12398096	
437	1	G	5	N	2500	0	40	248	183	48	22	37	0	0	0	0	0	0	0	0	0	0	0	0	12398861	
438	1	G	5	N	2500	0	1	220	150	36	16	28	0	0	0	0	0	0	0	0	0	0	0	0	12399142	
439	1	G	5	N	2500	0	1	166	141	35	19	33	0	0	0	0	0	0	0	0	0	0	0	0	12399407	
440	1	G	5	N	2500	0	1	221	125	33	16	26	0	0	0	0	0	0	0	0	0	0	0	0	12399422	
441	1	G	5	N	2500	0	40	386	170	45	19	38	0	0	0	0	0	0	0	0	0	0	0	0	12399563	
442	1	G	5	N	2500	0	1	242	160	49	23	38	0	0	0	0	0	0	0	0	0	0	0	0	12400124	
443	1	G	5	N	2500	0	1	245	163	33	19	33	0	0	0	0	0	0	0	0	0	0	0	0	12400670	
444	1	G	5	N	2500	0	2	359	152	35	15	27	0	0	0	0	0	0	0	0	0	0	0	0	12400951	
445	1	G	5	N	2500	0	40	293	205	52	26	39	0	0	0	0	0	0	0	0	0	0	0	0	12401185	
446	1	H	5	N	2500	6	40	209	229	82	72	242	0	0	0	0	0	0	0	0	0	0	0	0	12414555	
447	1	A	6	N	2500	6	40	340	161	43	18	35	0	0	0	0	0	0	0	0	0	0	0	0	12424819	
448	1	A	6	N	2500	2	1	118	88	15	9	15	0	0	0	0	0	0	0	0	0	0	0	0	12424897	
449	1	A	6	N	2500	2	1	175	101	24	13	25	0	0	0	0	0	0	0	0	0	0	0	0	12425209	
450	1	A	6	N	2500	2	1	199	129	30	15	26	0	0	0	0	0	0	0	0	0	0	0	0	12425740	
451	1	A	6	N	2500	6	40	363	175	39	20	41	0	0	0	0	0	0	0	0	0	0	0	0	12426255	
452	1	A	6	N	2500	2	1	244	57	14	12	26	0	0	0	0	0	0	0	0	0	0	0	0	12427035	
453	1	A	6	N	2500	6	40	293	170	44	19	31	0	0	0	0	0	0	0	0	0	0	0	0	12427456	
454	1	A	6	N	2500	0	1	240	118	21	11	21	0	0	0	0	0	0	0	0	0	0	0	0	12427861	
455	1	A	6	N	2500	0	1	260	101	17	10	21	0	0	0	0	0	0	0	0	0	0	0	0	12427908	
456	1	A	6	N	2500	0	1	209	161	41	23	37	0	0	0	0	0	0	0	0	0	0	0	0	12428251	
457	1	A	6	N	2500	0	2	322	143	35	15	23	0	0	0	0	0	0	0	0	0	0	0	0	12428454	
458	1	A	6	N	2500	0	40	331	160	45	19	34	0	0	0	0	0	0	0	0	0	0	0	0	12428501	
459	1	A	6	N	2500	0	1	259	96	19	10	18	0	0	0	0	0	0	0	0	0	0	0	0	12428860	
460	1	A	6	N	2500	0	1	168	136	29	14	26	0	0	0	0	0	0	0	0	0	0	0	0	12428953	
461	1	A	6	N	2500	0	1	281	103	17	10	20	0	0	0	0	0	0	0	0	0	0	0	0	12429047	
462	1	A	6	N	2500	0	1	241	87	16	9	17	0	0	0	0	0	0	0	0	0	0	0	0	12429562	
463	1	A	6	N	2500	0	1	272	100	22	10	18	0	0	0	0	0	0	0	0	0	0	0	0	12429671	
464	1	A	6	N	2500	0	40	322	163	46	19	33	0	0	0	0	0	0	0	0	0	0	0	0	12429718	
465	1	A	6	N	2500	0	1	299	112	23	11	19	0	0	0	0	0	0	0	0	0	0	0	0	12429999	
466	1	A	6	N	2500	0	40	323	144	38	15	25	0	0	0	0	0	0	0	0	0	0	0	0	12430217	
467	1	A	6	N	2500	0	1	229	144	36	18	32	0	0	0	0	0	0	0	0	0	0	0	0	12430732	
468	1	A	6	N	2500	0	1	272	138	39	18	35	0	0	0	0	0	0	0	0	0	0	0	0	12430919	
469	1	A	6	N	2500	0	1	259	143	32	14	27	0	0	0	0	0	0	0	0	0	0	0	0	12430950	
470	1	A	6	N	2500	0	1	296	68	19	7	28	0	0	0	0	0	0	0	0	0	0	0	0	12430981	
471	1	A	6	N	2500	0	1	221	170	42	19	29	0	0	0	0	0	0	0	0	0	0	0	0	12431434	
472	1	B	6	N	2500	2	1	252	138	38	20	34	0	0	0	0	0	0	0	0	0	0	0	0	12438298	
473	1	B	6	N	2500	6	40	278	170	41	21	37	0	0	0	0	0	0	0	0	0	0	0	0	12439203	
474	1	B	6	N	2500	2	1	250	154	33	17	32	0	0	0	0	0	0	0	0	0	0	0	0	12439624	
475	1	B	6	N	2500	2	1	302	116	19	10	19	0	0	0	0	0	0	0	0	0	0	0	0	12439905	
476	1	B	6	N	2500	6	40	344	178	40	21	35	0	0	0	0	0	0	0	0	0	0	0	0	12439951	
477	1	B	6	N	2500	6	40	365	174	39	19	34	0	0	0	0	0	0	0	0	0	0	0	0	12440170	
478	1	B	6	N	2500	0	1	132	142	43	24	33	0	0	0	0	0	0	0	0	0	0	0	0	12440341	
479	1	B	6	N	2500	0	1	207	144	38	19	35	0	0	0	0	0	0	0	0	0	0	0	0	12440341	
480	1	B	6	N	2500	0	40	381	166	37	19	34	0	0	0	0	0	0	0	0	0	0	0	0	12440388	
481	1	B	6	N	2500	0	40	339	199	62	28	46	0	0	0	0	0	0	0	0	0	0	0	0	12440435	
482	1	B	6	N	2500	0	1	229	154	45	20	36	0	0	0	0	0	0	0	0	0	0	0	0	12440997	
483	1	B	6	N	2500	0	40	264	159	41	20	37	0	0	0	0	0	0	0	0	0	0	0	0	12441028	
484	1	B	6	N	2500	0	40	479	222	50	26	45	0	0	0	0	0	0	0	0	0	0	0	0	12441262	
485	1	B	6	N	2500	0	1	210	149	42	20	38	0	0	0	0	0	0	0	0	0	0	0	0	12442167	
486	1	B	6	N	2500	0	1	212	130	26	13	21	0	0	0	0	0	0	0	0	0	0	0	0	12443321	
487	1	B	6	N	2500	0	40	352	172	40	20	32	0	0	0	0	0	0	0	0	0	0	0	0	12443399	
488	1	B	6	N	2500	0	2	360	150	33	16	29	0	0	0	0	0	0	0	0	0	0	0	0	12444366	
489	1	B	6	N	2500	0	40	389	182	38	20	35	0	0	0	0	0	0	0	0	0	0	0	0	12444569	
490	1	B	6	N	2500	0	40	289	176	53	24	39	0	0	0	0	0	0	0	0	0	0	0	0	12444725	
491	1	C	6	N	2500	6	40	263	169	39	20	33	0	0	0	0	0	0	0	0	0	0	0	0	12453851	
492	1	C	6	N	2500	6	40	230	192	53	25	45	0	0	0	0	0	0	0	0	0	0	0	0	12453913	
493	1	C	6	N	2500	6	40	280	161	39	21	33	0	0	0	0	0	0	0	0	0	0	0	0	12454475	
494	1	C	6	N	2500	0	40	283	181	42	22	38	0	0	0	0	0	0	0	0	0	0	0	0	12455146	
495	1	C	6	N	2500	0	1	234	119	31	16	30	0	0	0	0	0	0	0	0	0	0	0	0	12456222	
496	1	C	6	N	2500	0	1	272	111	19	13	22	0	0	0	0	0	0	0	0	0	0	0	0	12456706	
497	1	C	6	N	2500	0	40	393	197	56	25	47	0	0	0	0	0	0	0	0	0	0	0	0	12456815	
498	1	C	6	N	2500	0	40	426	167	50	19	31	0	0	0	0	0	0	0	0	0	0	0	0	12457689	
499	1	C	6	N	2500	0	40	334	184	47	22	37	0	0	0	0	0	0	0	0	0	0	0	0	12457891	
500	1	C	6	N	2500	0	1	189	127	28	13	21	0	0	0	0	0	0	0	0	0	0	0	0	12458313	
501	1	C	6	N	2500	0	40	356	163	41	18	34	0	0	0	0	0	0	0	0	0	0	0	0	12458437	
502	1	C	6	N	2500	0	1	204	98	23	13	26	0	0	0	0	0	0	0	0	0	0	0	0	12458671	
503	1	C	6	N	2500	0	40	440	212	42	22	40	0	0	0	0	0	0	0	0	0	0	0	0	12459155	
504	1	C	6	N	2500	0	1	158	158	42	20	31	0	0	0	0	0	0	0	0	0	0	0	0	12459389	
505	1	C	6	N	2500	0	1	172	48	11	5	13	0	0	0	0	0	0	0	0	0	0	0	0	12459717	
506	1	C	6	N	2500	0	1	74	68	15	8	14	0	0	0	0	0	0	0	0	0	0	0	0	12459717	
507	1	D	6	N	2500	6	40	411	192	45	21	37	0	0	0	0	0	0	0	0	0	0	0	0	12466908	
508	1	D	6	N	2500	6	40	335	194	53	28	46	0	0	0	0	0	0	0	0	0	0	0	0	12466971	
509	1	D	6	N	2500	6	40	267	189	55	28	45	0	0	0	0	0	0	0	0	0	0	0	0	12467080	
510	1	D	6	N	2500	0	1	192	166	44	21	35	0	0	0	0	0	0	0	0	0	0	0	0	12467267	
511	1	D	6	N	2500	0	2	335	152	32	16	30	0	0	0	0	0	0	0	0	0	0	0	0	12468016	
512	1	D	6	N	2500	0	1	144	90	19	11	16	0	0	0	0	0	0	0	0	0	0	0	0	12468063	
513	1	D	6	N	2500	0	1	156	123	29	15	25	0	0	0	0	0	0	0	0	0	0	0	0	12468156	
514	1	D	6	N	2500	0	1	209	175	49	25	44	0	0	0	0	0	0	0	0	0	0	0	0	12468905	
515	1	D	6	N	2500	0	1	219	158	45	21	33	0	0	0	0	0	0	0	0	0	0	0	0	12469108	
516	1	D	6	N	2500	0	40	405	178	41	21	39	0	0	0	0	0	0	0	0	0	0	0	0	12470137	
517	1	D	6	N	2500	0	1	211	160	40	21	34	0	0	0	0	0	0	0	0	0	0	0	0	12470371	
518	1	D	6	N	2500	0	40	287	181	39	20	38	0	0	0	0	0	0	0	0	0	0	0	0	12470637	
519	1	D	6	N	2500	0	2	360	144	26	16	28	0	0	0	0	0	0	0	0	0	0	0	0	12471058	
520	1	D	6	N	2500	0	40	278	155	42	19	32	0	0	0	0	0	0	0	0	0	0	0	0	12471307	
521	1	D	6	N	2500	0	40	303	168	38	20	36	0	0	0	0	0	0	0	0	0	0	0	0	12471417	
522	1	D	6	N	2500	0	1	204	162	36	17	28	0	0	0	0	0	0	0	0	0	0	0	0	12471744	
523	1	D	6	N	2500	0	40	341	164	36	20	31	0	0	0	0	0	0	0	0	0	0	0	0	12471775	
524	1	D	6	N	2500	0	1	137	144	35	18	29	0	0	0	0	0	0	0	0	0	0	0	0	12472009	
525	1	D	6	N	2500	0	40	244	169	47	23	40	0	0	0	0	0	0	0	0	0	0	0	0	12472290	
526	1	D	6	N	2500	0	40	337	170	52	26	42	0	0	0	0	0	0	0	0	0	0	0	0	12472337	
527	1	D	6	N	2500	0	40	360	172	41	19	36	0	0	0	0	0	0	0	0	0	0	0	0	12472415	
528	1	D	6	N	2500	0	40	318	153	43	17	33	0	0	0	0	0	0	0	0	0	0	0	0	12473039	
529	1	D	6	N	2500	0	2	325	139	31	14	26	0	0	0	0	0	0	0	0	0	0	0	0	12473398	
530	1	D	6	N	2500	0	1	222	152	32	17	29	0	0	0	0	0	0	0	0	0	0	0	0	12473491	
531	1	D	6	N	2500	0	1	217	74	16	8	14	0	0	0	0	0	0	0	0	0	0	0	0	12473616	
532	1	E	6	N	2500	6	40	370	153	36	15	28	0	0	0	0	0	0	0	0	0	0	0	0	12480964	
533	1	E	6	N	2500	2	1	303	125	32	13	23	0	0	0	0	0	0	0	0	0	0	0	0	12481057	
534	1	E	6	N	2500	2	1	309	139	31	15	27	0	0	0	0	0	0	0	0	0	0	0	0	12482134	
535	1	E	6	N	2500	2	1	271	119	28	13	26	0	0	0	0	0	0	0	0	0	0	0	0	12482602	
536	1	E	6	N	2500	2	2	333	158	33	17	33	0	0	0	0	0	0	0	0	0	0	0	0	12483085	
537	1	E	6	N	2500	6	40	465	236	49	25	43	0	0	0	0	0	0	0	0	0	0	0	0	12483553	
538	1	E	6	N	2500	2	2	317	139	27	15	25	0	0	0	0	0	0	0	0	0	0	0	0	12483585	
539	1	E	6	N	2500	2	1	315	133	25	14	24	0	0	0	0	0	0	0	0	0	0	0	0	12484739	
540	1	E	6	N	2500	6	40	340	151	38	16	27	0	0	0	0	0	0	0	0	0	0	0	0	12484770	
541	1	E	6	N	2500	0	40	275	184	50	23	40	0	0	0	0	0	0	0	0	0	0	0	0	12484801	
542	1	E	6	N	2500	0	1	218	144	35	17	26	0	0	0	0	0	0	0	0	0	0	0	0	12484864	
543	1	E	6	N	2500	0	1	315	125	28	13	25	0	0	0	0	0	0	0	0	0	0	0	0	12485269	
544	1	E	6	N	2500	0	1	188	130	34	18	30	0	0	0	0	0	0	0	0	0	0	0	0	12485441	
545	1	E	6	N	2500	0	40	320	176	41	20	34	0	0	0	0	0	0	0	0	0	0	0	0	12485909	
546	1	E	6	N	2500	0	40	410	190	43	19	37	0	0	0	0	0	0	0	0	0	0	0	0	12486377	
547	1	E	6	N	2500	0	1	260	139	30	15	24	0	0	0	0	0	0	0	0	0	0	0	0	12486486	
548	1	E	6	N	2500	0	2	305	169	35	19	31	0	0	0	0	0	0	0	0	0	0	0	0	12486736	
549	1	E	6	N	2500	0	40	419	210	50	25	42	0	0	0	0	0	0	0	0	0	0	0	0	12486845	
550	1	E	6	N	2500	0	40	253	179	43	22	36	0	0	0	0	0	0	0	0	0	0	0	0	12486939	
551	1	E	6	N	2500	0	40	287	179	47	22	40	0	0	0	0	0	0	0	0	0	0	0	0	12487422	
552	1	E	6	N	2500	0	40	369	180	42	21	40	0	0	0	0	0	0	0	0	0	0	0	0	12487765	
553	1	E	6	N	2500	0	1	172	98	17	10	19	0	0	0	0	0	0	0	0	0	0	0	0	12488405	
554	1	F	6	N	2500	2	1	211	129	32	15	25	0	0	0	0	0	0	0	0	0	0	0	0	12495191	
555	1	F	6	N	2500	2	1	316	124	24	13	24	0	0	0	0	0	0	0	0	0	0	0	0	12495877	
556	1	F	6	N	2500	6	40	310	149	36	18	29	0	0	0	0	0	0	0	0	0	0	0	0	12496314	
557	1	F	6	N	2500	2	1	254	149	43	19	36	0	0	0	0	0	0	0	0	0	0	0	0	12496938	
558	1	F	6	N	2500	6	40	244	192	49	25	40	0	0	0	0	0	0	0	0	0	0	0	0	12497562	
559	1	F	6	N	2500	2	1	223	170	48	24	44	0	0	0	0	0	0	0	0	0	0	0	0	12497578	
560	1	F	6	N	2500	6	40	237	191	57	26	45	0	0	0	0	0	0	0	0	0	0	0	0	12498077	
561	1	F	6	N	2500	0	2	307	147	30	16	28	0	0	0	0	0	0	0	0	0	0	0	0	12498639	
562	1	F	6	N	2500	0	1	523	223	61	26	47	0	0	0	0	0	0	0	0	0	0	0	0	12498966	
563	1	F	6	N	2500	0	40	353	177	41	21	33	0	0	0	0	0	0	0	0	0	0	0	0	12499309	
564	1	F	6	N	2500	0	2	349	145	29	15	28	0	0	0	0	0	0	0	0	0	0	0	0	12499559	
565	1	F	6	N	2500	0	1	181	137	33	17	28	0	0	0	0	0	0	0	0	0	0	0	0	12499653	
566	1	F	6	N	2500	0	2	308	147	31	16	33	0	0	0	0	0	0	0	0	0	0	0	0	12499746	
567	1	F	6	N	2500	0	40	354	167	39	19	35	0	0	0	0	0	0	0	0	0	0	0	0	12499902	
568	1	F	6	N	2500	0	1	174	100	18	10	16	0	0	0	0	0	0	0	0	0	0	0	0	12500152	
569	1	F	6	N	2500	0	40	302	176	49	23	41	0	0	0	0	0	0	0	0	0	0	0	0	12500339	
570	1	F	6	N	2500	0	40	381	176	38	19	35	0	0	0	0	0	0	0	0	0	0	0	0	12500526	
571	1	F	6	N	2500	0	40	332	155	41	16	28	0	0	0	0	0	0	0	0	0	0	0	0	12501119	
572	1	F	6	N	2500	0	1	198	150	39	20	30	0	0	0	0	0	0	0	0	0	0	0	0	12501478	
573	1	G	6	N	2500	2	2	331	156	32	17	28	0	0	0	0	0	0	0	0	0	0	0	0	12509808	
574	1	G	6	N	2500	2	1	151	136	38	17	28	0	0	0	0	0	0	0	0	0	0	0	0	12510885	
575	1	G	6	N	2500	2	1	85	16	2	1	3	0	0	0	0	0	0	0	0	0	0	0	0	12511290	
576	1	G	6	N	2500	2	1	227	95	22	12	21	0	0	0	0	0	0	0	0	0	0	0	0	12512195	
577	1	G	6	N	2500	6	40	298	187	45	23	39	0	0	0	0	0	0	0	0	0	0	0	0	12512554	
578	1	G	6	N	2500	2	1	174	169	43	22	39	0	0	0	0	0	0	0	0	0	0	0	0	12513084	
579	1	G	6	N	2500	6	40	229	180	45	22	31	0	0	0	0	0	0	0	0	0	0	0	0	12513630	
580	1	G	6	N	2500	2	1	199	160	42	22	37	0	0	0	0	0	0	0	0	0	0	0	0	12513677	
581	1	G	6	N	2500	6	40	263	165	44	21	33	0	0	0	0	0	0	0	0	0	0	0	0	12513927	
582	1	G	6	N	2500	0	40	369	161	40	18	31	0	0	0	0	0	0	0	0	0	0	0	0	12513958	
583	1	G	6	N	2500	0	2	346	138	33	14	26	0	0	0	0	0	0	0	0	0	0	0	0	12513989	
584	1	G	6	N	2500	0	40	380	182	52	22	40	0	0	0	0	0	0	0	0	0	0	0	0	12514098	
585	1	G	6	N	2500	0	1	181	132	29	14	25	0	0	0	0	0	0	0	0	0	0	0	0	12514457	
586	1	G	6	N	2500	0	40	287	173	49	22	33	0	0	0	0	0	0	0	0	0	0	0	0	12514722	
587	1	G	6	N	2500	0	40	363	177	42	20	34	0	0	0	0	0	0	0	0	0	0	0	0	12514800	
588	1	G	6	N	2500	0	40	353	168	43	20	35	0	0	0	0	0	0	0	0	0	0	0	0	12515253	
589	1	G	6	N	2500	0	40	251	178	49	24	43	0	0	0	0	0	0	0	0	0	0	0	0	12515424	
590	1	G	6	N	2500	0	1	317	102	18	8	22	0	0	0	0	0	0	0	0	0	0	0	0	12515580	
591	1	A	7	N	2500	2	1	195	79	15	7	15	0	0	0	0	0	0	0	0	0	0	0	0	12539121	
592	1	A	7	N	2500	2	1	211	90	20	10	19	0	0	0	0	0	0	0	0	0	0	0	0	12539526	
593	1	A	7	N	2500	2	1	166	168	45	20	38	0	0	0	0	0	0	0	0	0	0	0	0	12539916	
594	1	A	7	N	2500	2	1	233	87	18	8	15	0	0	0	0	0	0	0	0	0	0	0	0	12540057	
595	1	A	7	N	2500	2	1	191	112	19	12	21	0	0	0	0	0	0	0	0	0	0	0	0	12540494	
596	1	A	7	N	2500	2	1	173	93	18	11	16	0	0	0	0	0	0	0	0	0	0	0	0	12540587	
597	1	A	7	N	2500	2	1	279	109	26	11	21	0	0	0	0	0	0	0	0	0	0	0	0	12541024	
598	1	A	7	N	2500	2	1	302	141	32	15	26	0	0	0	0	0	0	0	0	0	0	0	0	12542007	
599	1	A	7	N	2500	2	1	281	144	37	17	28	0	0	0	0	0	0	0	0	0	0	0	0	12542225	
600	1	A	7	N	2500	2	1	181	54	11	5	12	0	0	0	0	0	0	0	0	0	0	0	0	12542412	
601	1	A	7	N	2500	2	1	261	99	19	13	22	0	0	0	0	0	0	0	0	0	0	0	0	12542537	
602	1	A	7	N	2500	2	1	285	133	28	15	24	0	0	0	0	0	0	0	0	0	0	0	0	12542880	
603	1	A	7	N	2500	2	1	263	107	19	11	22	0	0	0	0	0	0	0	0	0	0	0	0	12542974	
604	1	A	7	N	2500	2	1	177	108	22	11	20	0	0	0	0	0	0	0	0	0	0	0	0	12543130	
605	1	A	7	N	2500	2	1	223	86	14	9	17	0	0	0	0	0	0	0	0	0	0	0	0	12543224	
606	1	A	7	N	2500	2	1	196	79	14	7	13	0	0	0	0	0	0	0	0	0	0	0	0	12543380	
607	1	A	7	N	2500	2	1	235	99	19	10	19	0	0	0	0	0	0	0	0	0	0	0	0	12543395	
608	1	A	7	N	2500	2	1	220	135	30	15	27	0	0	0	0	0	0	0	0	0	0	0	0	12543754	
609	1	A	7	N	2500	2	1	119	50	8	4	9	0	0	0	0	0	0	0	0	0	0	0	0	12544643	
610	1	A	7	N	2500	2	1	300	132	25	14	23	0	0	0	0	0	0	0	0	0	0	0	0	12544643	
611	1	A	7	N	2500	2	1	81	18	3	2	5	0	0	0	0	0	0	0	0	0	0	0	0	12544690	
612	1	A	7	N	2500	2	1	129	87	20	13	24	0	0	0	0	0	0	0	0	0	0	0	0	12544768	
613	1	A	7	N	2500	2	1	270	125	23	12	23	0	0	0	0	0	0	0	0	0	0	0	0	12544784	
614	1	A	7	N	2500	2	1	308	127	26	13	23	0	0	0	0	0	0	0	0	0	0	0	0	12545111	
615	1	A	7	N	2500	2	1	189	103	19	13	24	0	0	0	0	0	0	0	0	0	0	0	0	12545283	
616	1	A	7	N	2500	2	1	212	128	30	15	25	0	0	0	0	0	0	0	0	0	0	0	0	12545907	
617	1	A	7	N	2500	33	1	50	12	4	3	9	0	0	0	0	0	0	0	0	0	0	0	0	12545907	
618	1	A	7	N	2500	6	40	325	150	36	16	28	0	0	0	0	0	0	0	0	0	0	0	0	12546141	
619	1	B	7	N	2500	2	1	200	131	26	14	23	0	0	0	0	0	0	0	0	0	0	0	0	12554159	
620	1	B	7	N	2500	2	1	156	89	18	8	15	0	0	0	0	0	0	0	0	0	0	0	0	12554284	
621	1	B	7	N	2500	2	1	256	114	23	13	25	0	0	0	0	0	0	0	0	0	0	0	0	12554970	
622	1	B	7	N	2500	2	1	157	96	18	11	20	0	0	0	0	0	0	0	0	0	0	0	0	12555782	
623	1	B	7	N	2500	2	1	236	133	26	14	23	0	0	0	0	0	0	0	0	0	0	0	0	12556952	
624	1	B	7	N	2500	2	1	234	95	21	12	22	0	0	0	0	0	0	0	0	0	0	0	0	12557295	
625	1	B	7	N	2500	6	40	355	184	44	22	41	0	0	0	0	0	0	0	0	0	0	0	0	12557544	
626	1	B	7	N	2500	2	1	291	129	32	16	28	0	0	0	0	0	0	0	0	0	0	0	0	12557560	
627	1	B	7	N	2500	2	1	298	121	24	12	26	0	0	0	0	0	0	0	0	0	0	0	0	12558012	
628	1	B	7	N	2500	2	1	223	84	17	8	18	0	0	0	0	0	0	0	0	0	0	0	0	12558028	
629	1	B	7	N	2500	2	1	173	122	35	16	28	0	0	0	0	0	0	0	0	0	0	0	0	12558449	
630	1	B	7	N	2500	2	1	161	96	16	10	18	0	0	0	0	0	0	0	0	0	0	0	0	12558605	
631	1	B	7	N	2500	2	1	153	84	27	15	27	0	0	0	0	0	0	0	0	0	0	0	0	12558948	
632	1	B	7	N	2500	2	1	304	135	26	13	26	0	0	0	0	0	0	0	0	0	0	0	0	12559073	
633	1	B	7	N	2500	2	1	169	84	18	11	18	0	0	0	0	0	0	0	0	0	0	0	0	12559198	
634	1	B	7	N	2500	2	1	231	92	22	13	23	0	0	0	0	0	0	0	0	0	0	0	0	12559666	
635	1	B	7	N	2500	2	1	221	138	36	16	30	0	0	0	0	0	0	0	0	0	0	0	0	12559994	
636	1	B	7	N	2500	2	1	117	42	8	4	6	0	0	0	0	0	0	0	0	0	0	0	0	12560883	
637	1	B	7	N	2500	2	1	100	52	8	6	13	0	0	0	0	0	0	0	0	0	0	0	0	12561210	
638	1	C	7	N	2500	2	1	245	113	24	12	21	0	0	0	0	0	0	0	0	0	0	0	0	12568464	
639	1	C	7	N	2500	2	1	279	109	21	11	20	0	0	0	0	0	0	0	0	0	0	0	0	12569588	
640	1	C	7	N	2500	6	40	289	156	37	19	35	0	0	0	0	0	0	0	0	0	0	0	0	12571288	
641	1	C	7	N	2500	2	1	245	88	17	9	14	0	0	0	0	0	0	0	0	0	0	0	0	12571382	
642	1	C	7	N	2500	2	1	286	110	25	12	25	0	0	0	0	0	0	0	0	0	0	0	0	12571787	
643	1	C	7	N	2500	2	1	206	140	29	16	28	0	0	0	0	0	0	0	0	0	0	0	0	12572162	
644	1	C	7	N	2500	2	1	299	112	20	12	27	0	0	0	0	0	0	0	0	0	0	0	0	12573051	
645	1	C	7	N	2500	2	1	161	92	21	9	14	0	0	0	0	0	0	0	0	0	0	0	0	12573144	
646	1	C	7	N	2500	2	1	255	102	24	14	27	0	0	0	0	0	0	0	0	0	0	0	0	12573410	
647	1	C	7	N	2500	2	1	243	90	15	9	16	0	0	0	0	0	0	0	0	0	0	0	0	12573831	
648	1	C	7	N	2500	2	2	329	142	31	16	29	0	0	0	0	0	0	0	0	0	0	0	0	12573862	
649	1	C	7	N	2500	2	1	205	93	16	9	16	0	0	0	0	0	0	0	0	0	0	0	0	12573878	
650	1	C	7	N	2500	2	1	155	81	16	10	15	0	0	0	0	0	0	0	0	0	0	0	0	12573987	
651	1	C	7	N	2500	2	1	212	110	20	11	18	0	0	0	0	0	0	0	0	0	0	0	0	12574704	
652	1	C	7	N	2500	2	1	188	107	26	13	28	0	0	0	0	0	0	0	0	0	0	0	0	12575562	
653	1	D	7	N	2500	2	1	268	118	27	11	23	0	0	0	0	0	0	0	0	0	0	0	0	12584657	
654	1	D	7	N	2500	2	1	114	81	26	14	24	0	0	0	0	0	0	0	0	0	0	0	0	12585063	
655	1	D	7	N	2500	2	1	232	67	16	6	13	0	0	0	0	0	0	0	0	0	0	0	0	12585328	
656	1	D	7	N	2500	2	1	154	90	16	9	15	0	0	0	0	0	0	0	0	0	0	0	0	12585390	
657	1	D	7	N	2500	2	1	109	40	8	4	8	0	0	0	0	0	0	0	0	0	0	0	0	12585656	
658	1	D	7	N	2500	2	2	330	142	30	19	40	0	0	0	0	0	0	0	0	0	0	0	0	12585921	
659	1	D	7	N	2500	2	1	225	106	29	16	29	0	0	0	0	0	0	0	0	0	0	0	0	12586014	
660	1	D	7	N	2500	2	1	223	82	17	10	16	0	0	0	0	0	0	0	0	0	0	0	0	12586748	
661	1	D	7	N	2500	2	1	97	89	24	16	27	0	0	0	0	0	0	0	0	0	0	0	0	12586857	
662	1	D	7	N	2500	2	1	85	34	8	5	7	0	0	0	0	0	0	0	0	0	0	0	0	12587200	
663	1	D	7	N	2500	2	1	149	99	18	12	23	0	0	0	0	0	0	0	0	0	0	0	0	12587746	
664	1	D	7	N	2500	2	1	59	10	0	0	1	0	0	0	0	0	0	0	0	0	0	0	0	12588105	
665	1	D	7	N	2500	2	1	687	573	64	39	78	0	0	0	0	0	0	0	0	0	0	0	0	12588105	
666	1	D	7	N	2500	2	2	312	139	28	14	28	0	0	0	0	0	0	0	0	0	0	0	0	12588136	
667	1	D	7	N	2500	2	1	180	56	8	4	11	0	0	0	0	0	0	0	0	0	0	0	0	12588230	
668	1	D	7	N	2500	2	1	267	105	18	10	22	0	0	0	0	0	0	0	0	0	0	0	0	12588386	
669	1	D	7	N	2500	2	1	299	129	24	13	23	0	0	0	0	0	0	0	0	0	0	0	0	12588417	
670	1	D	7	N	2500	2	1	235	90	17	9	22	0	0	0	0	0	0	0	0	0	0	0	0	12588916	
671	1	D	7	N	2500	2	2	309	151	33	16	33	0	0	0	0	0	0	0	0	0	0	0	0	12589103	
672	1	D	7	N	2500	6	40	377	169	38	20	36	0	0	0	0	0	0	0	0	0	0	0	0	12589181	
673	1	D	7	N	2500	2	1	180	102	22	11	17	0	0	0	0	0	0	0	0	0	0	0	0	12589478	
674	1	D	7	N	2500	2	1	235	106	26	15	26	0	0	0	0	0	0	0	0	0	0	0	0	12589634	
675	1	D	7	N	2500	2	1	192	119	32	14	27	0	0	0	0	0	0	0	0	0	0	0	0	12590320	
676	1	E	7	N	2500	2	1	288	129	25	13	21	0	0	0	0	0	0	0	0	0	0	0	0	12597855	
677	1	E	7	N	2500	2	1	296	127	23	13	24	0	0	0	0	0	0	0	0	0	0	0	0	12599399	
678	1	E	7	N	2500	2	2	300	149	29	18	33	0	0	0	0	0	0	0	0	0	0	0	0	12601287	
679	1	E	7	N	2500	2	1	284	117	27	14	26	0	0	0	0	0	0	0	0	0	0	0	0	12601458	
680	1	E	7	N	2500	2	1	291	118	22	12	19	0	0	0	0	0	0	0	0	0	0	0	0	12601521	
681	1	E	7	N	2500	2	1	241	91	16	9	17	0	0	0	0	0	0	0	0	0	0	0	0	12601630	
682	1	E	7	N	2500	2	1	302	134	32	15	32	0	0	0	0	0	0	0	0	0	0	0	0	12601802	
683	1	E	7	N	2500	2	1	186	91	16	9	15	0	0	0	0	0	0	0	0	0	0	0	0	12602020	
684	1	E	7	N	2500	2	1	151	93	19	11	18	0	0	0	0	0	0	0	0	0	0	0	0	12602987	
685	1	E	7	N	2500	6	40	393	170	44	19	33	0	0	0	0	0	0	0	0	0	0	0	0	12603424	
686	1	E	7	N	2500	2	1	251	105	25	14	25	0	0	0	0	0	0	0	0	0	0	0	0	12603923	
687	1	E	7	N	2500	2	1	220	139	41	17	28	0	0	0	0	0	0	0	0	0	0	0	0	12604173	
688	1	E	7	N	2500	2	1	236	93	18	10	22	0	0	0	0	0	0	0	0	0	0	0	0	12604282	
689	1	E	7	N	2500	2	1	176	100	21	11	19	0	0	0	0	0	0	0	0	0	0	0	0	12604594	
690	1	E	7	N	2500	2	1	205	115	22	13	24	0	0	0	0	0	0	0	0	0	0	0	0	12604968	
691	1	F	7	N	2500	2	2	343	146	30	16	27	0	0	0	0	0	0	0	0	0	0	0	0	12613455	
692	1	F	7	N	2500	2	1	127	83	16	10	18	0	0	0	0	0	0	0	0	0	0	0	0	12614750	
693	1	F	7	N	2500	2	1	150	117	25	12	19	0	0	0	0	0	0	0	0	0	0	0	0	12614937	
694	1	F	7	N	2500	2	1	82	20	5	2	3	0	0	0	0	0	0	0	0	0	0	0	0	12615218	
695	1	F	7	N	2500	2	1	199	101	21	12	21	0	0	0	0	0	0	0	0	0	0	0	0	12615218	
696	1	F	7	N	2500	2	1	299	131	25	14	25	0	0	0	0	0	0	0	0	0	0	0	0	12615795	
697	1	F	7	N	2500	2	1	252	149	36	19	35	0	0	0	0	0	0	0	0	0	0	0	0	12616013	
698	1	F	7	N	2500	2	1	214	87	18	10	20	0	0	0	0	0	0	0	0	0	0	0	0	12616996	
699	1	F	7	N	2500	2	1	240	106	22	14	29	0	0	0	0	0	0	0	0	0	0	0	0	12617012	
700	1	F	7	N	2500	2	1	288	118	24	11	21	0	0	0	0	0	0	0	0	0	0	0	0	12617168	
701	1	F	7	N	2500	2	1	153	119	32	15	28	0	0	0	0	0	0	0	0	0	0	0	0	12617230	
702	1	F	7	N	2500	2	1	163	99	23	13	25	0	0	0	0	0	0	0	0	0	0	0	0	12617402	
703	1	F	7	N	2500	2	1	177	106	21	14	26	0	0	0	0	0	0	0	0	0	0	0	0	12617402	
704	1	F	7	N	2500	2	1	264	128	28	14	23	0	0	0	0	0	0	0	0	0	0	0	0	12617994	
705	1	F	7	N	2500	2	1	121	38	8	4	8	0	0	0	0	0	0	0	0	0	0	0	0	12618072	
706	1	F	7	N	2500	2	1	177	114	24	12	22	0	0	0	0	0	0	0	0	0	0	0	0	12618072	
707	1	F	7	N	2500	2	1	297	127	25	15	25	0	0	0	0	0	0	0	0	0	0	0	0	12618462	
708	1	F	7	N	2500	2	1	105	82	16	11	21	0	0	0	0	0	0	0	0	0	0	0	0	12618899	
709	1	F	7	N	2500	2	1	292	124	24	13	23	0	0	0	0	0	0	0	0	0	0	0	0	12619336	
710	1	F	7	N	2500	2	1	127	105	19	11	19	0	0	0	0	0	0	0	0	0	0	0	0	12619398	
711	1	F	7	N	2500	2	1	251	89	14	8	18	0	0	0	0	0	0	0	0	0	0	0	0	12619492	
712	1	F	7	N	2500	2	1	393	133	34	15	26	0	0	0	0	0	0	0	0	0	0	0	0	12619601	
713	1	F	7	N	2500	2	1	204	147	33	16	29	0	0	0	0	0	0	0	0	0	0	0	0	12619882	
714	1	G	7	N	2500	2	1	141	82	19	11	23	0	0	0	0	0	0	0	0	0	0	0	0	12629554	
715	1	G	7	N	2500	2	1	219	101	22	13	25	0	0	0	0	0	0	0	0	0	0	0	0	12629741	
716	1	G	7	N	2500	2	1	188	106	21	13	22	0	0	0	0	0	0	0	0	0	0	0	0	12629835	
717	1	G	7	N	2500	6	40	323	156	42	17	28	0	0	0	0	0	0	0	0	0	0	0	0	12630256	
718	1	G	7	N	2500	2	1	233	155	42	21	40	0	0	0	0	0	0	0	0	0	0	0	0	12630303	
719	1	G	7	N	2500	2	1	164	107	21	13	18	0	0	0	0	0	0	0	0	0	0	0	0	12630381	
720	1	G	7	N	2500	2	1	214	82	14	6	12	0	0	0	0	0	0	0	0	0	0	0	0	12630568	
721	1	G	7	N	2500	2	1	171	86	16	10	17	0	0	0	0	0	0	0	0	0	0	0	0	12631208	
722	1	G	7	N	2500	2	1	271	145	35	17	29	0	0	0	0	0	0	0	0	0	0	0	0	12631504	
723	1	G	7	N	2500	2	1	158	100	17	10	18	0	0	0	0	0	0	0	0	0	0	0	0	12631520	
724	1	G	7	N	2500	2	1	250	105	20	12	23	0	0	0	0	0	0	0	0	0	0	0	0	12631863	
725	1	G	7	N	2500	2	1	201	119	30	14	25	0	0	0	0	0	0	0	0	0	0	0	0	12632050	
726	1	G	7	N	2500	2	1	253	103	21	10	21	0	0	0	0	0	0	0	0	0	0	0	0	12632128	
727	1	G	7	N	2500	2	1	260	133	25	14	24	0	0	0	0	0	0	0	0	0	0	0	0	12632237	
728	1	G	7	N	2500	2	1	155	101	17	10	19	0	0	0	0	0	0	0	0	0	0	0	0	12632331	
729	1	G	7	N	2500	2	1	275	113	21	11	19	0	0	0	0	0	0	0	0	0	0	0	0	12632518	
730	1	G	7	N	2500	2	1	231	115	21	11	22	0	0	0	0	0	0	0	0	0	0	0	0	12632658	
731	1	G	7	N	2500	2	1	280	112	20	13	24	0	0	0	0	0	0	0	0	0	0	0	0	12633095	
732	1	G	7	N	2500	2	1	212	142	40	19	34	0	0	0	0	0	0	0	0	0	0	0	0	12633860	
733	1	G	7	N	2500	2	1	293	121	26	13	25	0	0	0	0	0	0	0	0	0	0	0	0	12633875	
734	1	H	7	N	2500	2	1	232	76	13	8	16	0	0	0	0	0	0	0	0	0	0	0	0	12642580	
735	1	H	7	N	2500	2	1	233	104	46	27	93	0	0	0	0	0	0	0	0	0	0	0	0	12646948	
736	1	H	7	N	2500	2	1	65	18	2	1	4	0	0	0	0	0	0	0	0	0	0	0	0	12647011	
737	1	H	7	N	2500	2	2	321	137	27	14	26	0	0	0	0	0	0	0	0	0	0	0	0	12649366	
738	1	A	8	N	2500	2	1	435	145	30	14	25	0	0	0	0	0	0	0	0	0	0	0	0	12657915	
739	1	A	8	N	2500	6	40	355	187	48	22	43	0	0	0	0	0	0	0	0	0	0	0	0	12658009	
740	1	A	8	N	2500	6	40	460	198	51	26	42	0	0	0	0	0	0	0	0	0	0	0	0	12658071	
741	1	A	8	N	2500	6	40	282	180	42	21	38	0	0	0	0	0	0	0	0	0	0	0	0	12658742	
742	1	A	8	N	2500	0	2	367	163	34	18	36	0	0	0	0	0	0	0	0	0	0	0	0	12659319	
743	1	A	8	N	2500	0	1	279	131	35	17	31	0	0	0	0	0	0	0	0	0	0	0	0	12659600	
744	1	A	8	N	2500	0	40	331	171	40	21	36	0	0	0	0	0	0	0	0	0	0	0	0	12659771	
745	1	A	8	N	2500	0	1	195	149	36	17	30	0	0	0	0	0	0	0	0	0	0	0	0	12659787	
746	1	A	8	N	2500	0	1	222	116	37	20	31	0	0	0	0	0	0	0	0	0	0	0	0	12659865	
747	1	A	8	N	2500	0	40	389	195	49	24	38	0	0	0	0	0	0	0	0	0	0	0	0	12660193	
748	1	A	8	N	2500	0	40	332	142	42	19	34	0	0	0	0	0	0	0	0	0	0	0	0	12661877	
749	1	A	8	N	2500	0	40	328	191	59	29	49	0	0	0	0	0	0	0	0	0	0	0	0	12661909	
750	1	A	8	N	2500	0	40	267	197	63	27	51	0	0	0	0	0	0	0	0	0	0	0	0	12662751	
751	1	A	8	N	2500	0	40	350	164	37	18	32	0	0	0	0	0	0	0	0	0	0	0	0	12662907	
752	1	A	8	N	2500	0	40	365	187	49	21	34	0	0	0	0	0	0	0	0	0	0	0	0	12663157	
753	1	A	8	N	2500	0	40	240	180	47	23	40	0	0	0	0	0	0	0	0	0	0	0	0	12663203	
754	1	A	8	N	2500	0	40	322	148	37	16	30	0	0	0	0	0	0	0	0	0	0	0	0	12663406	
755	1	A	8	N	2500	0	40	352	195	46	23	45	0	0	0	0	0	0	0	0	0	0	0	0	12663547	
756	1	A	8	N	2500	0	40	354	181	49	21	36	0	0	0	0	0	0	0	0	0	0	0	0	12663874	
757	1	A	8	N	2500	0	40	360	169	37	19	30	0	0	0	0	0	0	0	0	0	0	0	0	12663905	
758	1	A	8	N	2500	0	1	170	161	42	22	43	0	0	0	0	0	0	0	0	0	0	0	0	12663905	
759	1	A	8	N	2500	0	40	216	190	62	28	50	0	0	0	0	0	0	0	0	0	0	0	0	12664061	
760	1	A	8	N	2500	0	40	352	172	38	19	33	0	0	0	0	0	0	0	0	0	0	0	0	12664311	
761	1	A	8	N	2500	0	1	224	165	46	20	34	0	0	0	0	0	0	0	0	0	0	0	0	12664732	
762	1	B	8	N	2500	2	2	260	164	36	20	32	0	0	0	0	0	0	0	0	0	0	0	0	12671643	
763	1	B	8	N	2500	6	40	375	184	40	20	36	0	0	0	0	0	0	0	0	0	0	0	0	12672173	
764	1	B	8	N	2500	6	40	394	188	45	21	38	0	0	0	0	0	0	0	0	0	0	0	0	12674357	
765	1	B	8	N	2500	2	1	329	130	26	14	24	0	0	0	0	0	0	0	0	0	0	0	0	12674669	
766	1	B	8	N	2500	2	1	226	100	22	12	20	0	0	0	0	0	0	0	0	0	0	0	0	12674747	
767	1	B	8	N	2500	6	40	303	165	43	20	38	0	0	0	0	0	0	0	0	0	0	0	0	12677431	
768	1	B	8	N	2500	0	40	375	189	43	22	41	0	0	0	0	0	0	0	0	0	0	0	0	12677587	
769	1	B	8	N	2500	0	40	407	192	41	23	38	0	0	0	0	0	0	0	0	0	0	0	0	12677930	
770	1	B	8	N	2500	0	40	222	184	48	23	40	0	0	0	0	0	0	0	0	0	0	0	0	12678257	
771	1	B	8	N	2500	0	40	311	154	41	18	31	0	0	0	0	0	0	0	0	0	0	0	0	12678367	
772	1	C	8	N	2500	2	2	325	146	33	16	28	0	0	0	0	0	0	0	0	0	0	0	0	12686525	
773	1	C	8	N	2500	2	1	235	131	26	15	27	0	0	0	0	0	0	0	0	0	0	0	0	12686759	
774	1	C	8	N	2500	6	40	319	214	58	29	47	0	0	0	0	0	0	0	0	0	0	0	0	12686775	
775	1	C	8	N	2500	6	40	306	146	40	18	31	0	0	0	0	0	0	0	0	0	0	0	0	12687305	
776	1	C	8	N	2500	2	1	259	154	38	18	28	0	0	0	0	0	0	0	0	0	0	0	0	12687368	
777	1	C	8	N	2500	2	1	165	117	34	19	29	0	0	0	0	0	0	0	0	0	0	0	0	12688039	
778	1	C	8	N	2500	6	40	383	192	48	25	39	0	0	0	0	0	0	0	0	0	0	0	0	12688631	
779	1	C	8	N	2500	0	40	347	172	40	21	38	0	0	0	0	0	0	0	0	0	0	0	0	12689396	
780	1	C	8	N	2500	0	1	236	134	30	15	24	0	0	0	0	0	0	0	0	0	0	0	0	12689739	
781	1	C	8	N	2500	0	40	359	182	42	21	38	0	0	0	0	0	0	0	0	0	0	0	0	12689864	
782	1	C	8	N	2500	0	1	129	73	102	121	177	0	0	0	0	0	0	0	0	0	0	0	0	12690722	
783	1	C	8	N	2500	0	40	369	181	54	21	38	0	0	0	0	0	0	0	0	0	0	0	0	12691533	
784	1	C	8	N	2500	0	40	451	237	61	29	50	0	0	0	0	0	0	0	0	0	0	0	0	12692500	
785	1	C	8	N	2500	0	1	189	83	17	8	17	0	0	0	0	0	0	0	0	0	0	0	0	12692687	
786	1	C	8	N	2500	0	1	195	118	32	17	27	0	0	0	0	0	0	0	0	0	0	0	0	12693015	
787	1	D	8	N	2500	2	1	242	163	43	19	30	0	0	0	0	0	0	0	0	0	0	0	0	12700503	
788	1	D	8	N	2500	2	2	326	144	30	16	27	0	0	0	0	0	0	0	0	0	0	0	0	12700955	
789	1	D	8	N	2500	6	40	491	248	56	31	56	0	0	0	0	0	0	0	0	0	0	0	0	12701798	
790	1	D	8	N	2500	6	40	260	161	46	21	36	0	0	0	0	0	0	0	0	0	0	0	0	12702141	
791	1	D	8	N	2500	2	2	360	155	32	15	34	0	0	0	0	0	0	0	0	0	0	0	0	12702749	
792	1	D	8	N	2500	6	40	409	226	60	27	53	0	0	0	0	0	0	0	0	0	0	0	0	12703498	
793	1	D	8	N	2500	0	40	342	162	40	20	33	0	0	0	0	0	0	0	0	0	0	0	0	12703576	
794	1	D	8	N	2500	0	1	236	165	34	17	32	0	0	0	0	0	0	0	0	0	0	0	0	12703873	
795	1	D	8	N	2500	0	40	269	172	41	21	35	0	0	0	0	0	0	0	0	0	0	0	0	12704169	
796	1	D	8	N	2500	0	40	381	194	49	24	41	0	0	0	0	0	0	0	0	0	0	0	0	12704263	
797	1	D	8	N	2500	0	40	333	169	39	20	33	0	0	0	0	0	0	0	0	0	0	0	0	12704590	
798	1	D	8	N	2500	0	40	192	210	62	30	45	0	0	0	0	0	0	0	0	0	0	0	0	12704606	
799	1	D	8	N	2500	0	40	259	183	43	22	38	0	0	0	0	0	0	0	0	0	0	0	0	12705121	
800	1	D	8	N	2500	0	1	174	135	41	20	33	0	0	0	0	0	0	0	0	0	0	0	0	12705838	
801	1	D	8	N	2500	0	40	236	172	44	22	34	0	0	0	0	0	0	0	0	0	0	0	0	12706556	
802	1	D	8	N	2500	0	40	347	167	42	21	38	0	0	0	0	0	0	0	0	0	0	0	0	12707180	
803	1	E	8	N	2500	2	1	188	153	40	18	27	0	0	0	0	0	0	0	0	0	0	0	0	12714652	
804	1	E	8	N	2500	6	40	331	156	36	17	27	0	0	0	0	0	0	0	0	0	0	0	0	12714730	
805	1	E	8	N	2500	2	1	158	146	43	22	33	0	0	0	0	0	0	0	0	0	0	0	0	12715526	
806	1	E	8	N	2500	6	40	230	187	50	24	44	0	0	0	0	0	0	0	0	0	0	0	0	12716009	
807	1	E	8	N	2500	2	2	348	153	35	16	31	0	0	0	0	0	0	0	0	0	0	0	0	12717289	
808	1	E	8	N	2500	2	1	234	169	42	21	39	0	0	0	0	0	0	0	0	0	0	0	0	12717710	
809	1	E	8	N	2500	2	1	214	146	38	18	27	0	0	0	0	0	0	0	0	0	0	0	0	12718178	
810	1	E	8	N	2500	6	40	430	208	55	25	46	0	0	0	0	0	0	0	0	0	0	0	0	12718240	
811	1	E	8	N	2500	0	1	206	173	50	22	39	0	0	0	0	0	0	0	0	0	0	0	0	12718318	
812	1	E	8	N	2500	0	40	347	165	41	18	31	0	0	0	0	0	0	0	0	0	0	0	0	12718771	
813	1	E	8	N	2500	0	40	243	190	49	25	41	0	0	0	0	0	0	0	0	0	0	0	0	12718817	
814	1	E	8	N	2500	0	40	360	184	44	20	35	0	0	0	0	0	0	0	0	0	0	0	0	12719519	
815	1	E	8	N	2500	0	1	363	128	25	15	30	0	0	0	0	0	0	0	0	0	0	0	0	12721111	
816	1	F	8	N	2500	6	40	359	165	40	20	36	0	0	0	0	0	0	0	0	0	0	0	0	12729425	
817	1	F	8	N	2500	6	40	240	177	50	23	41	0	0	0	0	0	0	0	0	0	0	0	0	12729472	
818	1	F	8	N	2500	6	40	351	178	43	21	33	0	0	0	0	0	0	0	0	0	0	0	0	12729503	
819	1	F	8	N	2500	0	40	282	198	51	27	45	0	0	0	0	0	0	0	0	0	0	0	0	12729535	
820	1	F	8	N	2500	0	40	436	201	41	22	35	0	0	0	0	0	0	0	0	0	0	0	0	12729769	
821	1	F	8	N	2500	0	1	55	19	36	23	41	0	0	0	0	0	0	0	0	0	0	0	0	12730221	
822	1	F	8	N	2500	0	40	311	166	39	19	34	0	0	0	0	0	0	0	0	0	0	0	0	12730502	
823	1	F	8	N	2500	0	40	287	167	49	23	36	0	0	0	0	0	0	0	0	0	0	0	0	12730736	
824	1	F	8	N	2500	0	1	278	98	18	11	21	0	0	0	0	0	0	0	0	0	0	0	0	12730783	
825	1	F	8	N	2500	0	40	277	173	43	20	36	0	0	0	0	0	0	0	0	0	0	0	0	12732171	
826	1	F	8	N	2500	0	40	325	200	50	25	40	0	0	0	0	0	0	0	0	0	0	0	0	12732514	
827	1	F	8	N	2500	0	40	377	193	54	23	45	0	0	0	0	0	0	0	0	0	0	0	0	12732826	
828	1	F	8	N	2500	0	2	302	155	35	17	35	0	0	0	0	0	0	0	0	0	0	0	0	12733591	
829	1	F	8	N	2500	0	1	179	135	30	16	26	0	0	0	0	0	0	0	0	0	0	0	0	12733840	
830	1	F	8	N	2500	0	40	360	204	48	23	38	0	0	0	0	0	0	0	0	0	0	0	0	12733965	
831	1	F	8	N	2500	0	40	383	177	41	20	38	0	0	0	0	0	0	0	0	0	0	0	0	12734152	
832	1	F	8	N	2500	0	40	372	194	46	23	35	0	0	0	0	0	0	0	0	0	0	0	0	12734324	
833	1	F	8	N	2500	0	40	386	219	60	26	50	0	0	0	0	0	0	0	0	0	0	0	0	12734511	
834	1	F	8	N	2500	0	40	388	175	49	22	37	0	0	0	0	0	0	0	0	0	0	0	0	12734527	
835	1	F	8	N	2500	0	1	281	126	27	12	18	0	0	0	0	0	0	0	0	0	0	0	0	12734948	
836	1	F	8	N	2500	0	40	276	175	47	21	37	0	0	0	0	0	0	0	0	0	0	0	0	12735541	
837	1	F	8	N	2500	0	1	323	126	24	13	24	0	0	0	0	0	0	0	0	0	0	0	0	12735743	
838	1	G	8	N	2500	6	40	295	192	56	26	43	0	0	0	0	0	0	0	0	0	0	0	0	12743107	
839	1	G	8	N	2500	6	40	223	209	56	27	46	0	0	0	0	0	0	0	0	0	0	0	0	12743793	
840	1	G	8	N	2500	2	1	238	132	28	16	29	0	0	0	0	0	0	0	0	0	0	0	0	12743980	
841	1	G	8	N	2500	2	1	295	132	34	16	26	0	0	0	0	0	0	0	0	0	0	0	0	12744823	
842	1	G	8	N	2500	2	2	329	147	34	16	24	0	0	0	0	0	0	0	0	0	0	0	0	12745618	
843	1	G	8	N	2500	6	40	291	213	57	27	44	0	0	0	0	0	0	0	0	0	0	0	0	12745759	
844	1	G	8	N	2500	0	40	244	169	44	21	36	0	0	0	0	0	0	0	0	0	0	0	0	12745930	
845	1	G	8	N	2500	0	1	197	165	40	20	38	0	0	0	0	0	0	0	0	0	0	0	0	12745977	
846	1	G	8	N	2500	0	40	313	165	39	19	34	0	0	0	0	0	0	0	0	0	0	0	0	12746804	
847	1	G	8	N	2500	0	2	390	148	28	15	27	0	0	0	0	0	0	0	0	0	0	0	0	12746819	
848	1	G	8	N	2500	0	1	235	171	44	20	33	0	0	0	0	0	0	0	0	0	0	0	0	12747584	
849	1	G	8	N	2500	0	2	318	140	29	16	25	0	0	0	0	0	0	0	0	0	0	0	0	12747958	
850	1	G	8	N	2500	0	40	327	224	61	28	48	0	0	0	0	0	0	0	0	0	0	0	0	12748957	
851	1	G	8	N	2500	0	40	344	167	45	21	36	0	0	0	0	0	0	0	0	0	0	0	0	12749518	
852	1	G	8	N	2500	0	2	338	161	33	19	32	0	0	0	0	0	0	0	0	0	0	0	0	12749955	
853	1	G	8	N	2500	0	40	401	203	52	28	47	0	0	0	0	0	0	0	0	0	0	0	0	12750205	
854	1	H	8	N	2500	2	1	181	87	28	31	133	0	0	0	0	0	0	0	0	0	0	0	0	12760485	
855	1	H	8	N	2500	6	40	262	160	44	21	31	0	0	0	0	0	0	0	0	0	0	0	0	12763699	
856	1	A	9	N	2500	2	1	261	159	45	23	38	0	0	0	0	0	0	0	0	0	0	0	0	12773901	
857	1	A	9	N	2500	6	40	281	194	56	25	48	0	0	0	0	0	0	0	0	0	0	0	0	12775087	
858	1	A	9	N	2500	6	40	385	188	46	21	35	0	0	0	0	0	0	0	0	0	0	0	0	12775508	
859	1	A	9	N	2500	2	1	307	123	26	13	20	0	0	0	0	0	0	0	0	0	0	0	0	12775851	
860	1	A	9	N	2500	2	1	240	130	38	15	26	0	0	0	0	0	0	0	0	0	0	0	0	12776101	
861	1	A	9	N	2500	2	1	176	128	29	14	26	0	0	0	0	0	0	0	0	0	0	0	0	12776350	
862	1	A	9	N	2500	6	40	345	155	37	17	29	0	0	0	0	0	0	0	0	0	0	0	0	12776569	
863	1	A	9	N	2500	0	40	396	201	56	25	46	0	0	0	0	0	0	0	0	0	0	0	0	12776740	
864	1	A	9	N	2500	0	40	439	203	49	22	37	0	0	0	0	0	0	0	0	0	0	0	0	12776803	
865	1	A	9	N	2500	0	1	246	148	30	16	31	0	0	0	0	0	0	0	0	0	0	0	0	12777286	
866	1	A	9	N	2500	0	1	187	125	29	13	22	0	0	0	0	0	0	0	0	0	0	0	0	12777583	
867	1	A	9	N	2500	0	1	197	163	44	22	35	0	0	0	0	0	0	0	0	0	0	0	0	12779299	
868	1	B	9	N	2500	6	40	261	171	41	23	32	0	0	0	0	0	0	0	0	0	0	0	0	12789751	
869	1	B	9	N	2500	6	40	354	162	38	19	32	0	0	0	0	0	0	0	0	0	0	0	0	12789813	
870	1	B	9	N	2500	2	1	321	118	21	11	23	0	0	0	0	0	0	0	0	0	0	0	0	12790297	
871	1	B	9	N	2500	2	1	54	9	2	2	4	0	0	0	0	0	0	0	0	0	0	0	0	12790640	
872	1	B	9	N	2500	2	1	171	50	6	4	7	0	0	0	0	0	0	0	0	0	0	0	0	12791389	
873	1	B	9	N	2500	2	1	114	55	8	4	9	0	0	0	0	0	0	0	0	0	0	0	0	12792652	
874	1	B	9	N	2500	2	1	125	67	15	8	16	0	0	0	0	0	0	0	0	0	0	0	0	12792715	
875	1	B	9	N	2500	2	1	229	172	46	24	37	0	0	0	0	0	0	0	0	0	0	0	0	12793089	
876	1	B	9	N	2500	2	1	239	164	42	20	34	0	0	0	0	0	0	0	0	0	0	0	0	12793276	
877	1	B	9	N	2500	6	40	309	154	39	18	33	0	0	0	0	0	0	0	0	0	0	0	0	12793448	
878	1	C	9	N	2500	2	1	162	140	37	19	29	0	0	0	0	0	0	0	0	0	0	0	0	12801482	
879	1	C	9	N	2500	6	40	353	196	50	23	42	0	0	0	0	0	0	0	0	0	0	0	0	12802044	
880	1	C	9	N	2500	2	2	311	152	30	16	27	0	0	0	0	0	0	0	0	0	0	0	0	12802761	
881	1	C	9	N	2500	2	1	169	185	45	24	45	0	0	0	0	0	0	0	0	0	0	0	0	12804118	
882	1	C	9	N	2500	6	40	381	190	60	26	55	0	0	0	0	0	0	0	0	0	0	0	0	12804352	
883	1	C	9	N	2500	2	2	340	152	35	16	26	0	0	0	0	0	0	0	0	0	0	0	0	12804399	
884	1	C	9	N	2500	6	40	463	226	58	28	46	0	0	0	0	0	0	0	0	0	0	0	0	12804992	
885	1	C	9	N	2500	0	1	165	117	22	14	25	0	0	0	0	0	0	0	0	0	0	0	0	12805647	
886	1	C	9	N	2500	0	1	267	145	44	22	40	0	0	0	0	0	0	0	0	0	0	0	0	12805788	
887	1	C	9	N	2500	0	2	327	157	35	17	33	0	0	0	0	0	0	0	0	0	0	0	0	12805928	
888	1	C	9	N	2500	0	1	221	158	35	18	31	0	0	0	0	0	0	0	0	0	0	0	0	12806552	
889	1	D	9	N	2500	6	40	209	191	50	27	45	0	0	0	0	0	0	0	0	0	0	0	0	12816162	
890	1	D	9	N	2500	2	1	238	85	14	8	17	0	0	0	0	0	0	0	0	0	0	0	0	12820233	
891	1	D	9	N	2500	6	40	330	185	43	25	46	0	0	0	0	0	0	0	0	0	0	0	0	12820920	
892	1	D	9	N	2500	6	40	366	213	49	30	48	0	0	0	0	0	0	0	0	0	0	0	0	12821185	
893	1	E	9	N	2500	2	1	319	133	33	14	27	0	0	0	0	0	0	0	0	0	0	0	0	12830779	
894	1	E	9	N	2500	6	40	351	187	44	20	39	0	0	0	0	0	0	0	0	0	0	0	0	12831106	
895	1	E	9	N	2500	6	40	266	216	49	28	45	0	0	0	0	0	0	0	0	0	0	0	0	12833602	
896	1	E	9	N	2500	6	40	454	216	59	28	47	0	0	0	0	0	0	0	0	0	0	0	0	12835287	
897	1	E	9	N	2500	0	40	399	196	47	23	42	0	0	0	0	0	0	0	0	0	0	0	0	12835786	
898	1	E	9	N	2500	0	40	329	175	41	20	38	0	0	0	0	0	0	0	0	0	0	0	0	12836192	
899	1	F	9	N	2500	6	40	381	199	51	24	41	0	0	0	0	0	0	0	0	0	0	0	0	12845162	
900	1	F	9	N	2500	6	40	363	171	42	18	35	0	0	0	0	0	0	0	0	0	0	0	0	12846316	
901	1	F	9	N	2500	6	40	343	174	41	21	36	0	0	0	0	0	0	0	0	0	0	0	0	12846519	
902	1	F	9	N	2500	0	40	346	176	43	21	38	0	0	0	0	0	0	0	0	0	0	0	0	12848953	
903	1	F	9	N	2500	0	40	363	198	59	24	39	0	0	0	0	0	0	0	0	0	0	0	0	12849156	
904	1	F	9	N	2500	0	40	413	200	53	24	44	0	0	0	0	0	0	0	0	0	0	0	0	12849312	
905	1	G	9	N	2500	6	40	236	199	55	25	42	0	0	0	0	0	0	0	0	0	0	0	0	12859842	
906	1	G	9	N	2500	2	1	186	179	50	24	39	0	0	0	0	0	0	0	0	0	0	0	0	12860263	
907	1	G	9	N	2500	6	40	347	168	45	20	36	0	0	0	0	0	0	0	0	0	0	0	0	12860434	
908	1	G	9	N	2500	6	40	257	187	53	25	43	0	0	0	0	0	0	0	0	0	0	0	0	12860809	
909	1	G	9	N	2500	0	40	209	189	47	24	40	0	0	0	0	0	0	0	0	0	0	0	0	12861636	
910	1	G	9	N	2500	0	40	454	224	67	27	45	0	0	0	0	0	0	0	0	0	0	0	0	12861667	
911	1	G	9	N	2500	0	40	351	188	49	24	41	0	0	0	0	0	0	0	0	0	0	0	0	12862618	
912	1	G	9	N	2500	0	40	316	143	37	16	35	0	0	0	0	0	0	0	0	0	0	0	0	12863336	
913	1	H	9	N	2500	6	40	369	187	40	20	37	0	0	0	0	0	0	0	0	0	0	0	0	12873071	
914	1	H	9	N	2500	2	1	195	141	38	17	27	0	0	0	0	0	0	0	0	0	0	0	0	12873445	
915	1	A	10	N	2500	2	1	211	162	49	25	42	0	0	0	0	0	0	0	0	0	0	0	0	12888421	
916	1	A	10	N	2500	2	1	179	109	38	20	32	0	0	0	0	0	0	0	0	0	0	0	0	12888951	
917	1	A	10	N	2500	2	2	350	144	33	17	33	0	0	0	0	0	0	0	0	0	0	0	0	12889419	
918	1	A	10	N	2500	2	1	146	100	22	15	26	0	0	0	0	0	0	0	0	0	0	0	0	12890745	
919	1	A	10	N	2500	2	1	153	96	18	12	20	0	0	0	0	0	0	0	0	0	0	0	0	12890823	
920	1	A	10	N	2500	6	40	338	179	50	26	41	0	0	0	0	0	0	0	0	0	0	0	0	12891011	
921	1	A	10	N	2500	2	1	138	89	17	10	18	0	0	0	0	0	0	0	0	0	0	0	0	12891884	
922	1	A	10	N	2500	8	40	355	163	42	19	36	0	0	0	0	0	0	0	0	0	0	0	0	12891900	
923	1	A	10	N	2500	6	40	266	179	43	19	40	0	0	0	0	0	0	0	0	0	0	0	0	12892149	
924	1	A	10	N	2500	2	1	155	59	4	0	2	0	0	0	0	0	0	0	0	0	0	0	0	12892243	
925	1	A	10	N	2500	2	1	281	149	32	18	32	0	0	0	0	0	0	0	0	0	0	0	0	12892493	
926	1	A	10	N	2500	2	1	257	153	45	21	37	0	0	0	0	0	0	0	0	0	0	0	0	12893210	
927	1	A	10	N	2500	2	1	203	141	31	16	29	0	0	0	0	0	0	0	0	0	0	0	0	12893460	
928	1	A	10	N	2500	6	40	345	171	44	21	35	0	0	0	0	0	0	0	0	0	0	0	0	12893865	
929	1	A	10	N	2500	0	1	177	121	22	13	23	0	0	0	0	0	0	0	0	0	0	0	0	12894084	
930	1	A	10	N	2500	0	40	355	158	43	19	30	0	0	0	0	0	0	0	0	0	0	0	0	12894209	
931	1	A	10	N	2500	0	40	247	184	50	21	37	0	0	0	0	0	0	0	0	0	0	0	0	12894723	
932	1	A	10	N	2500	0	1	227	164	37	21	34	0	0	0	0	0	0	0	0	0	0	0	0	12894786	
933	1	B	10	N	2500	2	1	247	165	41	21	36	0	0	0	0	0	0	0	0	0	0	0	0	12902118	
934	1	B	10	N	2500	2	1	190	167	41	22	39	0	0	0	0	0	0	0	0	0	0	0	0	12902274	
935	1	B	10	N	2500	6	40	366	162	42	21	36	0	0	0	0	0	0	0	0	0	0	0	0	12902570	
936	1	B	10	N	2500	6	40	246	210	59	26	45	0	0	0	0	0	0	0	0	0	0	0	0	12902804	
937	1	B	10	N	2500	6	40	243	175	47	23	43	0	0	0	0	0	0	0	0	0	0	0	0	12903553	
938	1	B	10	N	2500	0	1	200	114	40	20	35	0	0	0	0	0	0	0	0	0	0	0	0	12903927	
939	1	B	10	N	2500	0	40	274	178	50	22	40	0	0	0	0	0	0	0	0	0	0	0	0	12904130	
940	1	B	10	N	2500	0	40	386	162	41	19	35	0	0	0	0	0	0	0	0	0	0	0	0	12904817	
941	1	B	10	N	2500	0	40	390	204	59	26	46	0	0	0	0	0	0	0	0	0	0	0	0	12905051	
942	1	B	10	N	2500	0	1	209	145	33	17	26	0	0	0	0	0	0	0	0	0	0	0	0	12905160	
943	1	B	10	N	2500	0	40	339	169	44	22	39	0	0	0	0	0	0	0	0	0	0	0	0	12905472	
944	1	B	10	N	2500	0	40	262	182	47	22	40	0	0	0	0	0	0	0	0	0	0	0	0	12905550	
945	1	B	10	N	2500	0	40	374	180	42	20	39	0	0	0	0	0	0	0	0	0	0	0	0	12906392	
946	1	B	10	N	2500	0	2	330	150	32	16	22	0	0	0	0	0	0	0	0	0	0	0	0	12906470	
947	1	B	10	N	2500	0	40	306	160	46	19	34	0	0	0	0	0	0	0	0	0	0	0	0	12906829	
948	1	B	10	N	2500	0	1	209	178	55	24	43	0	0	0	0	0	0	0	0	0	0	0	0	12907593	
949	1	C	10	N	2500	6	40	320	164	47	21	38	0	0	0	0	0	0	0	0	0	0	0	0	12917499	
950	1	C	10	N	2500	6	40	351	182	46	24	42	0	0	0	0	0	0	0	0	0	0	0	0	12917640	
951	1	C	10	N	2500	6	40	381	190	50	22	38	0	0	0	0	0	0	0	0	0	0	0	0	12919091	
952	1	C	10	N	2500	0	1	226	137	39	19	33	0	0	0	0	0	0	0	0	0	0	0	0	12919637	
953	1	C	10	N	2500	0	40	361	188	50	23	41	0	0	0	0	0	0	0	0	0	0	0	0	12920604	
954	1	C	10	N	2500	0	40	241	179	54	23	40	0	0	0	0	0	0	0	0	0	0	0	0	12922382	
955	1	C	10	N	2500	0	40	330	152	41	21	34	0	0	0	0	0	0	0	0	0	0	0	0	12923069	
956	1	D	10	N	2500	2	1	86	18	2	1	4	0	0	0	0	0	0	0	0	0	0	0	0	12930323	
957	1	D	10	N	2500	6	40	301	186	47	24	43	0	0	0	0	0	0	0	0	0	0	0	0	12931851	
958	1	D	10	N	2500	2	1	296	134	30	15	23	0	0	0	0	0	0	0	0	0	0	0	0	12933177	
959	1	D	10	N	2500	6	40	384	190	49	24	38	0	0	0	0	0	0	0	0	0	0	0	0	12933786	
960	1	D	10	N	2500	2	1	102	60	27	38	145	0	0	0	0	0	0	0	0	0	0	0	0	12933879	
961	1	D	10	N	2500	2	1	237	147	39	19	32	0	0	0	0	0	0	0	0	0	0	0	0	12934020	
962	1	D	10	N	2500	6	40	279	187	43	24	43	0	0	0	0	0	0	0	0	0	0	0	0	12934316	
963	1	D	10	N	2500	0	40	352	170	39	19	37	0	0	0	0	0	0	0	0	0	0	0	0	12934519	
964	1	D	10	N	2500	0	40	345	167	46	20	38	0	0	0	0	0	0	0	0	0	0	0	0	12935221	
965	1	D	10	N	2500	0	1	213	161	40	20	33	0	0	0	0	0	0	0	0	0	0	0	0	12935424	
966	1	D	10	N	2500	0	2	321	142	32	17	28	0	0	0	0	0	0	0	0	0	0	0	0	12935829	
967	1	D	10	N	2500	0	2	332	145	35	15	29	0	0	0	0	0	0	0	0	0	0	0	0	12936188	
968	1	D	10	N	2500	0	1	221	132	27	14	24	0	0	0	0	0	0	0	0	0	0	0	0	12936500	
969	1	D	10	N	2500	0	1	226	146	33	18	34	0	0	0	0	0	0	0	0	0	0	0	0	12936563	
970	1	D	10	N	2500	0	2	357	156	33	16	24	0	0	0	0	0	0	0	0	0	0	0	0	12936641	
971	1	D	10	N	2500	0	1	203	160	40	21	31	0	0	0	0	0	0	0	0	0	0	0	0	12936719	
972	1	E	10	N	2500	6	40	310	171	47	20	36	0	0	0	0	0	0	0	0	0	0	0	0	12946250	
973	1	E	10	N	2500	6	40	342	185	40	21	39	0	0	0	0	0	0	0	0	0	0	0	0	12947093	
974	1	E	10	N	2500	2	1	251	98	18	11	19	0	0	0	0	0	0	0	0	0	0	0	0	12947155	
975	1	E	10	N	2500	2	1	298	124	26	14	25	0	0	0	0	0	0	0	0	0	0	0	0	12947202	
976	1	E	10	N	2500	2	1	191	176	54	26	45	0	0	0	0	0	0	0	0	0	0	0	0	12947779	
977	1	E	10	N	2500	6	40	232	207	48	25	42	0	0	0	0	0	0	0	0	0	0	0	0	12947919	
978	1	E	10	N	2500	0	40	365	182	46	23	39	0	0	0	0	0	0	0	0	0	0	0	0	12948231	
979	1	E	10	N	2500	0	40	372	167	47	21	38	0	0	0	0	0	0	0	0	0	0	0	0	12948809	
980	1	E	10	N	2500	0	40	348	182	50	22	33	0	0	0	0	0	0	0	0	0	0	0	0	12949308	
981	1	E	10	N	2500	0	40	370	172	36	19	35	0	0	0	0	0	0	0	0	0	0	0	0	12949495	
982	1	E	10	N	2500	0	40	254	167	40	20	34	0	0	0	0	0	0	0	0	0	0	0	0	12949635	
983	1	E	10	N	2500	0	2	332	145	35	16	28	0	0	0	0	0	0	0	0	0	0	0	0	12949885	
984	1	E	10	N	2500	0	1	257	155	38	18	32	0	0	0	0	0	0	0	0	0	0	0	0	12949963	
985	1	E	10	N	2500	0	40	258	188	43	23	42	0	0	0	0	0	0	0	0	0	0	0	0	12950306	
986	1	E	10	N	2500	0	1	232	154	37	18	27	0	0	0	0	0	0	0	0	0	0	0	0	12950306	
987	1	E	10	N	2500	0	40	314	205	59	26	44	0	0	0	0	0	0	0	0	0	0	0	0	12950915	
988	1	E	10	N	2500	0	1	228	120	22	12	21	0	0	0	0	0	0	0	0	0	0	0	0	12950930	
989	1	E	10	N	2500	0	40	287	176	47	22	41	0	0	0	0	0	0	0	0	0	0	0	0	12951164	
990	1	E	10	N	2500	0	40	280	173	51	25	43	0	0	0	0	0	0	0	0	0	0	0	0	12951445	
991	1	F	10	N	2500	6	40	349	172	49	22	38	0	0	0	0	0	0	0	0	0	0	0	0	12959323	
992	1	F	10	N	2500	2	1	196	107	20	12	21	0	0	0	0	0	0	0	0	0	0	0	0	12959354	
993	1	F	10	N	2500	2	1	70	73	25	0	2	0	0	0	0	0	0	0	0	0	0	0	0	12959807	
994	1	F	10	N	2500	6	40	377	177	43	22	37	0	0	0	0	0	0	0	0	0	0	0	0	12959885	
995	1	F	10	N	2500	2	1	59	24	6	5	13	0	0	0	0	0	0	0	0	0	0	0	0	12959978	
996	1	F	10	N	2500	2	2	314	145	35	16	34	0	0	0	0	0	0	0	0	0	0	0	0	12960165	
997	1	F	10	N	2500	2	1	81	72	109	110	121	0	0	0	0	0	0	0	0	0	0	0	0	12960197	
998	1	F	10	N	2500	2	1	219	134	38	18	31	0	0	0	0	0	0	0	0	0	0	0	0	12960353	
999	1	F	10	N	2500	2	1	228	169	42	21	36	0	0	0	0	0	0	0	0	0	0	0	0	12960415	
1000	1	F	10	N	2500	2	1	190	161	42	20	33	0	0	0	0	0	0	0	0	0	0	0	0	12960711	
1001	1	F	10	N	2500	8	40	342	161	43	21	34	0	0	0	0	0	0	0	0	0	0	0	0	12961101	
1002	1	F	10	N	2500	8	40	253	182	55	25	41	0	0	0	0	0	0	0	0	0	0	0	0	12961101	
1003	1	F	10	N	2500	6	40	286	156	40	20	31	0	0	0	0	0	0	0	0	0	0	0	0	12961148	
1004	1	F	10	N	2500	0	2	330	144	34	16	27	0	0	0	0	0	0	0	0	0	0	0	0	12961507	
1005	1	F	10	N	2500	0	1	202	160	40	21	33	0	0	0	0	0	0	0	0	0	0	0	0	12961616	
1006	1	F	10	N	2500	0	40	308	213	51	27	43	0	0	0	0	0	0	0	0	0	0	0	0	12961710	
1007	1	F	10	N	2500	0	1	186	125	43	19	31	0	0	0	0	0	0	0	0	0	0	0	0	12961850	
1008	1	F	10	N	2500	0	1	176	53	12	6	9	0	0	0	0	0	0	0	0	0	0	0	0	12962053	
1009	1	F	10	N	2500	0	1	76	56	11	8	15	0	0	0	0	0	0	0	0	0	0	0	0	12962053	
1010	1	F	10	N	2500	0	40	351	173	44	21	35	0	0	0	0	0	0	0	0	0	0	0	0	12962318	
1011	1	F	10	N	2500	0	40	353	179	43	20	33	0	0	0	0	0	0	0	0	0	0	0	0	12962396	
1012	1	F	10	N	2500	0	1	152	158	45	21	33	0	0	0	0	0	0	0	0	0	0	0	0	12962786	
1013	1	F	10	N	2500	0	40	274	179	44	22	41	0	0	0	0	0	0	0	0	0	0	0	0	12962989	
1014	1	F	10	N	2500	0	40	245	187	46	23	38	0	0	0	0	0	0	0	0	0	0	0	0	12963083	
1015	1	F	10	N	2500	0	1	311	136	27	14	30	0	0	0	0	0	0	0	0	0	0	0	0	12963769	
1016	1	F	10	N	2500	0	2	339	160	35	18	29	0	0	0	0	0	0	0	0	0	0	0	0	12964190	
1017	1	F	10	N	2500	0	2	362	141	35	14	25	0	0	0	0	0	0	0	0	0	0	0	0	12964206	
1018	1	F	10	N	2500	0	1	227	162	45	22	37	0	0	0	0	0	0	0	0	0	0	0	0	12964362	
1019	1	F	10	N	2500	0	40	383	162	36	17	35	0	0	0	0	0	0	0	0	0	0	0	0	12964424	
1020	1	F	10	N	2500	0	40	353	168	39	20	33	0	0	0	0	0	0	0	0	0	0	0	0	12964799	
1021	1	F	10	N	2500	0	40	386	192	56	22	37	0	0	0	0	0	0	0	0	0	0	0	0	12964845	
1022	1	F	10	N	2500	0	40	295	156	39	20	35	0	0	0	0	0	0	0	0	0	0	0	0	12965703	
1023	1	F	10	N	2500	0	40	246	203	54	28	46	0	0	0	0	0	0	0	0	0	0	0	0	12965719	
1024	1	G	10	N	2500	6	40	390	185	47	22	39	0	0	0	0	0	0	0	0	0	0	0	0	12972630	
1025	1	G	10	N	2500	2	1	206	127	26	13	22	0	0	0	0	0	0	0	0	0	0	0	0	12973722	
1026	1	G	10	N	2500	6	40	278	182	41	22	41	0	0	0	0	0	0	0	0	0	0	0	0	12973815	
1027	1	G	10	N	2500	6	40	337	161	41	20	38	0	0	0	0	0	0	0	0	0	0	0	0	12973878	
1028	1	G	10	N	2500	0	40	413	195	52	27	46	0	0	0	0	0	0	0	0	0	0	0	0	12974205	
1029	1	G	10	N	2500	0	40	467	229	63	30	56	0	0	0	0	0	0	0	0	0	0	0	0	12974377	
1030	1	G	10	N	2500	0	1	214	147	31	17	30	0	0	0	0	0	0	0	0	0	0	0	0	12974580	
1031	1	G	10	N	2500	0	40	288	176	48	26	44	0	0	0	0	0	0	0	0	0	0	0	0	12975048	
1032	1	G	10	N	2500	0	40	461	218	58	26	52	0	0	0	0	0	0	0	0	0	0	0	0	12975578	
1033	1	G	10	N	2500	0	40	342	168	38	19	32	0	0	0	0	0	0	0	0	0	0	0	0	12975781	
1034	1	G	10	N	2500	0	40	348	178	42	21	36	0	0	0	0	0	0	0	0	0	0	0	0	12975906	
1035	1	G	10	N	2500	0	1	60	13	3	1	3	0	0	0	0	0	0	0	0	0	0	0	0	12976436	
1036	1	G	10	N	2500	0	1	225	147	36	20	36	0	0	0	0	0	0	0	0	0	0	0	0	12976436	
1037	1	G	10	N	2500	0	2	336	154	34	16	29	0	0	0	0	0	0	0	0	0	0	0	0	12976483	
1038	1	G	10	N	2500	0	40	287	205	55	26	37	0	0	0	0	0	0	0	0	0	0	0	0	12976935	
1039	1	G	10	N	2500	0	40	436	188	45	21	39	0	0	0	0	0	0	0	0	0	0	0	0	12977653	
1040	1	G	10	N	2500	0	40	244	187	46	23	41	0	0	0	0	0	0	0	0	0	0	0	0	12977903	
1041	1	G	10	N	2500	0	40	359	179	54	22	38	0	0	0	0	0	0	0	0	0	0	0	0	12978402	
1042	1	G	10	N	2500	0	1	217	175	44	21	36	0	0	0	0	0	0	0	0	0	0	0	0	12979182	
1043	1	A	11	N	2500	2	1	194	135	35	16	27	0	0	0	0	0	0	0	0	0	0	0	0	13003019	
1044	1	A	11	N	2500	2	1	301	141	31	18	29	0	0	0	0	0	0	0	0	0	0	0	0	13003315	
1045	1	A	11	N	2500	2	1	255	148	36	19	31	0	0	0	0	0	0	0	0	0	0	0	0	13003487	
1046	1	A	11	N	2500	6	40	257	194	43	25	42	0	0	0	0	0	0	0	0	0	0	0	0	13003612	
1047	1	A	11	N	2500	2	1	230	105	24	13	23	0	0	0	0	0	0	0	0	0	0	0	0	13004111	
1048	1	A	11	N	2500	6	40	392	200	47	25	41	0	0	0	0	0	0	0	0	0	0	0	0	13004938	
1049	1	A	11	N	2500	6	40	456	207	55	22	39	0	0	0	0	0	0	0	0	0	0	0	0	13005094	
1050	1	A	11	N	2500	0	40	352	195	50	24	41	0	0	0	0	0	0	0	0	0	0	0	0	13005608	
1051	1	A	11	N	2500	0	1	219	143	31	16	25	0	0	0	0	0	0	0	0	0	0	0	0	13005733	
1052	1	A	11	N	2500	0	1	208	98	18	10	19	0	0	0	0	0	0	0	0	0	0	0	0	13006248	
1053	1	A	11	N	2500	0	40	335	163	38	19	37	0	0	0	0	0	0	0	0	0	0	0	0	13006279	
1054	1	A	11	N	2500	0	40	416	202	46	21	40	0	0	0	0	0	0	0	0	0	0	0	0	13007371	
1055	1	A	11	N	2500	0	1	234	127	36	19	30	0	0	0	0	0	0	0	0	0	0	0	0	13007371	
1056	1	A	11	N	2500	0	1	245	156	38	18	36	0	0	0	0	0	0	0	0	0	0	0	0	13007590	
1057	1	A	11	N	2500	0	40	310	190	52	23	40	0	0	0	0	0	0	0	0	0	0	0	0	13007621	
1058	1	A	11	N	2500	0	40	322	157	37	17	31	0	0	0	0	0	0	0	0	0	0	0	0	13007824	
1059	1	A	11	N	2500	0	1	145	157	46	26	40	0	0	0	0	0	0	0	0	0	0	0	0	13009337	
1060	1	A	11	N	2500	0	40	304	181	39	22	36	0	0	0	0	0	0	0	0	0	0	0	0	13009368	
1061	1	A	11	N	2500	0	40	333	163	40	20	34	0	0	0	0	0	0	0	0	0	0	0	0	13009462	
1062	1	A	11	N	2500	0	40	392	199	45	23	41	0	0	0	0	0	0	0	0	0	0	0	0	13009586	
1063	1	B	11	N	2500	6	40	343	191	45	21	38	0	0	0	0	0	0	0	0	0	0	0	0	13016809	
1064	1	B	11	N	2500	2	1	226	168	41	21	31	0	0	0	0	0	0	0	0	0	0	0	0	13016934	
1065	1	B	11	N	2500	6	40	344	157	40	19	34	0	0	0	0	0	0	0	0	0	0	0	0	13018915	
1066	1	B	11	N	2500	2	1	214	138	37	16	25	0	0	0	0	0	0	0	0	0	0	0	0	13019149	
1067	1	B	11	N	2500	2	1	244	143	33	18	32	0	0	0	0	0	0	0	0	0	0	0	0	13019680	
1068	1	B	11	N	2500	2	1	304	122	25	13	23	0	0	0	0	0	0	0	0	0	0	0	0	13019992	
1069	1	B	11	N	2500	6	40	341	159	45	18	33	0	0	0	0	0	0	0	0	0	0	0	0	13020054	
1070	1	B	11	N	2500	0	40	236	176	47	23	36	0	0	0	0	0	0	0	0	0	0	0	0	13020272	
1071	1	B	11	N	2500	0	1	185	112	24	13	23	0	0	0	0	0	0	0	0	0	0	0	0	13020319	
1072	1	B	11	N	2500	0	2	319	149	32	17	31	0	0	0	0	0	0	0	0	0	0	0	0	13021754	
1073	1	B	11	N	2500	0	40	331	174	41	22	36	0	0	0	0	0	0	0	0	0	0	0	0	13021801	
1074	1	B	11	N	2500	0	40	359	188	43	20	38	0	0	0	0	0	0	0	0	0	0	0	0	13021895	
1075	1	B	11	N	2500	0	1	218	141	38	17	27	0	0	0	0	0	0	0	0	0	0	0	0	13021895	
1076	1	B	11	N	2500	0	40	427	194	52	25	45	0	0	0	0	0	0	0	0	0	0	0	0	13021926	
1077	1	B	11	N	2500	0	40	292	165	40	22	34	0	0	0	0	0	0	0	0	0	0	0	0	13021942	
1078	1	B	11	N	2500	0	40	446	185	46	24	48	0	0	0	0	0	0	0	0	0	0	0	0	13022893	
1079	1	B	11	N	2500	0	40	334	150	36	15	30	0	0	0	0	0	0	0	0	0	0	0	0	13023096	
1080	1	B	11	N	2500	0	40	323	166	47	21	38	0	0	0	0	0	0	0	0	0	0	0	0	13023221	
1081	1	B	11	N	2500	0	40	367	142	44	18	32	0	0	0	0	0	0	0	0	0	0	0	0	13023330	
1082	1	B	11	N	2500	0	40	360	182	44	21	38	0	0	0	0	0	0	0	0	0	0	0	0	13023720	
1083	1	C	11	N	2500	6	40	252	172	40	21	33	0	0	0	0	0	0	0	0	0	0	0	0	13030740	
1084	1	C	11	N	2500	6	40	378	190	41	21	41	0	0	0	0	0	0	0	0	0	0	0	0	13031520	
1085	1	C	11	N	2500	6	40	355	168	37	17	32	0	0	0	0	0	0	0	0	0	0	0	0	13033408	
1086	1	C	11	N	2500	0	40	387	189	47	22	41	0	0	0	0	0	0	0	0	0	0	0	0	13033517	
1087	1	C	11	N	2500	0	1	180	183	44	25	38	0	0	0	0	0	0	0	0	0	0	0	0	13033579	
1088	1	C	11	N	2500	0	1	203	124	30	13	24	0	0	0	0	0	0	0	0	0	0	0	0	13033642	
1089	1	C	11	N	2500	0	40	381	185	47	22	40	0	0	0	0	0	0	0	0	0	0	0	0	13033844	
1090	1	C	11	N	2500	0	40	361	177	49	23	38	0	0	0	0	0	0	0	0	0	0	0	0	13034156	
1091	1	C	11	N	2500	0	1	325	115	21	11	23	0	0	0	0	0	0	0	0	0	0	0	0	13034266	
1092	1	C	11	N	2500	0	40	265	165	40	23	38	0	0	0	0	0	0	0	0	0	0	0	0	13034437	
1093	1	C	11	N	2500	0	40	422	192	49	23	41	0	0	0	0	0	0	0	0	0	0	0	0	13034500	
1094	1	C	11	N	2500	0	40	369	186	45	21	40	0	0	0	0	0	0	0	0	0	0	0	0	13034687	
1095	1	C	11	N	2500	0	2	384	157	34	17	29	0	0	0	0	0	0	0	0	0	0	0	0	13034812	
1096	1	C	11	N	2500	0	40	368	232	59	27	43	0	0	0	0	0	0	0	0	0	0	0	0	13036153	
1097	1	C	11	N	2500	0	40	322	158	43	20	36	0	0	0	0	0	0	0	0	0	0	0	0	13036808	
1098	1	C	11	N	2500	0	1	129	79	13	7	13	0	0	0	0	0	0	0	0	0	0	0	0	13036964	
1099	1	C	11	N	2500	0	1	79	43	6	4	7	0	0	0	0	0	0	0	0	0	0	0	0	13036964	
1100	1	D	11	N	2500	2	1	180	120	36	19	30	0	0	0	0	0	0	0	0	0	0	0	0	13045560	
1101	1	D	11	N	2500	2	2	337	141	35	15	28	0	0	0	0	0	0	0	0	0	0	0	0	13046792	
1102	1	D	11	N	2500	6	40	333	157	42	18	33	0	0	0	0	0	0	0	0	0	0	0	0	13048118	
1103	1	D	11	N	2500	2	1	210	174	43	21	36	0	0	0	0	0	0	0	0	0	0	0	0	13048196	
1104	1	D	11	N	2500	2	1	239	92	15	9	17	0	0	0	0	0	0	0	0	0	0	0	0	13048415	
1105	1	D	11	N	2500	6	40	372	148	37	16	29	0	0	0	0	0	0	0	0	0	0	0	0	13048727	
1106	1	D	11	N	2500	2	1	149	57	13	6	10	0	0	0	0	0	0	0	0	0	0	0	0	13048867	
1107	1	D	11	N	2500	33	1	86	60	13	7	13	0	0	0	0	0	0	0	0	0	0	0	0	13048867	
1108	1	D	11	N	2500	2	1	241	160	35	19	36	0	0	0	0	0	0	0	0	0	0	0	0	13049335	
1109	1	D	11	N	2500	6	40	238	183	54	28	49	0	0	0	0	0	0	0	0	0	0	0	0	13049803	
1110	1	D	11	N	2500	0	1	165	37	5	3	6	0	0	0	0	0	0	0	0	0	0	0	0	13049819	
1111	1	D	11	N	2500	0	40	400	181	43	21	37	0	0	0	0	0	0	0	0	0	0	0	0	13050115	
1112	1	D	11	N	2500	0	1	255	98	17	11	20	0	0	0	0	0	0	0	0	0	0	0	0	13050568	
1113	1	D	11	N	2500	0	40	320	145	37	16	28	0	0	0	0	0	0	0	0	0	0	0	0	13050630	
1114	1	D	11	N	2500	0	1	303	115	25	12	21	0	0	0	0	0	0	0	0	0	0	0	0	13050692	
1115	1	D	11	N	2500	0	40	336	161	40	19	33	0	0	0	0	0	0	0	0	0	0	0	0	13051223	
1116	1	D	11	N	2500	0	1	209	95	22	12	20	0	0	0	0	0	0	0	0	0	0	0	0	13051238	
1117	1	D	11	N	2500	0	1	234	152	36	17	34	0	0	0	0	0	0	0	0	0	0	0	0	13051238	
1118	1	D	11	N	2500	0	1	289	117	27	13	24	0	0	0	0	0	0	0	0	0	0	0	0	13051597	
1119	1	D	11	N	2500	0	40	316	161	46	20	34	0	0	0	0	0	0	0	0	0	0	0	0	13052128	
1120	1	D	11	N	2500	0	40	261	209	65	28	47	0	0	0	0	0	0	0	0	0	0	0	0	13052533	
1121	1	E	11	N	2500	6	40	359	151	50	20	38	0	0	0	0	0	0	0	0	0	0	0	0	13059553	
1122	1	E	11	N	2500	2	1	236	125	23	13	20	0	0	0	0	0	0	0	0	0	0	0	0	13060832	
1123	1	E	11	N	2500	2	1	208	157	43	19	29	0	0	0	0	0	0	0	0	0	0	0	0	13061129	
1124	1	E	11	N	2500	6	40	305	145	38	16	26	0	0	0	0	0	0	0	0	0	0	0	0	13061160	
1125	1	E	11	N	2500	2	2	337	145	30	16	25	0	0	0	0	0	0	0	0	0	0	0	0	13061456	
1126	1	E	11	N	2500	2	1	225	117	31	16	27	0	0	0	0	0	0	0	0	0	0	0	0	13061488	
1127	1	E	11	N	2500	6	40	270	173	44	22	34	0	0	0	0	0	0	0	0	0	0	0	0	13061893	
1128	1	E	11	N	2500	0	40	377	179	40	22	41	0	0	0	0	0	0	0	0	0	0	0	0	13062065	
1129	1	E	11	N	2500	0	1	206	183	50	22	35	0	0	0	0	0	0	0	0	0	0	0	0	13062424	
1130	1	E	11	N	2500	0	40	325	168	45	22	40	0	0	0	0	0	0	0	0	0	0	0	0	13062892	
1131	1	E	11	N	2500	0	40	264	183	44	23	38	0	0	0	0	0	0	0	0	0	0	0	0	13063828	
1132	1	E	11	N	2500	0	1	231	166	54	23	35	0	0	0	0	0	0	0	0	0	0	0	0	13064030	
1133	1	E	11	N	2500	0	1	301	141	36	17	32	0	0	0	0	0	0	0	0	0	0	0	0	13064077	
1134	1	E	11	N	2500	0	40	320	172	44	21	37	0	0	0	0	0	0	0	0	0	0	0	0	13064077	
1135	1	E	11	N	2500	0	1	87	24	5	3	5	0	0	0	0	0	0	0	0	0	0	0	0	13064093	
1136	1	E	11	N	2500	0	1	185	110	22	12	19	0	0	0	0	0	0	0	0	0	0	0	0	13064093	
1137	1	E	11	N	2500	0	40	366	181	38	19	35	0	0	0	0	0	0	0	0	0	0	0	0	13064530	
1138	1	E	11	N	2500	0	40	493	227	56	25	43	0	0	0	0	0	0	0	0	0	0	0	0	13064576	
1139	1	E	11	N	2500	0	40	343	188	43	24	41	0	0	0	0	0	0	0	0	0	0	0	0	13065076	
1140	1	E	11	N	2500	0	1	215	98	20	10	16	0	0	0	0	0	0	0	0	0	0	0	0	13065715	
1141	1	E	11	N	2500	0	1	330	130	24	13	26	0	0	0	0	0	0	0	0	0	0	0	0	13066760	
1142	1	F	11	N	2500	6	40	300	210	65	28	47	0	0	0	0	0	0	0	0	0	0	0	0	13075715	
1143	1	F	11	N	2500	2	1	193	174	42	23	40	0	0	0	0	0	0	0	0	0	0	0	0	13076152	
1144	1	F	11	N	2500	2	1	240	92	16	10	16	0	0	0	0	0	0	0	0	0	0	0	0	13076448	
1145	1	F	11	N	2500	6	40	291	190	50	24	40	0	0	0	0	0	0	0	0	0	0	0	0	13076542	
1146	1	F	11	N	2500	2	1	199	161	36	19	34	0	0	0	0	0	0	0	0	0	0	0	0	13076776	
1147	1	F	11	N	2500	6	40	370	160	36	18	33	0	0	0	0	0	0	0	0	0	0	0	0	13077088	
1148	1	F	11	N	2500	0	40	343	156	36	17	28	0	0	0	0	0	0	0	0	0	0	0	0	13077337	
1149	1	F	11	N	2500	0	40	340	176	46	20	35	0	0	0	0	0	0	0	0	0	0	0	0	13077899	
1150	1	F	11	N	2500	0	40	250	183	47	24	42	0	0	0	0	0	0	0	0	0	0	0	0	13077977	
1151	1	F	11	N	2500	0	1	202	173	50	22	38	0	0	0	0	0	0	0	0	0	0	0	0	13077992	
1152	1	F	11	N	2500	0	40	273	164	49	23	37	0	0	0	0	0	0	0	0	0	0	0	0	13078320	
1153	1	F	11	N	2500	0	40	310	158	39	24	42	0	0	0	0	0	0	0	0	0	0	0	0	13078944	
1154	1	F	11	N	2500	0	40	233	200	49	27	50	0	0	0	0	0	0	0	0	0	0	0	0	13079038	
1155	1	F	11	N	2500	0	1	211	118	28	14	24	0	0	0	0	0	0	0	0	0	0	0	0	13079053	
1156	1	F	11	N	2500	0	1	212	173	44	23	38	0	0	0	0	0	0	0	0	0	0	0	0	13079084	
1157	1	F	11	N	2500	0	1	223	163	39	20	27	0	0	0	0	0	0	0	0	0	0	0	0	13079724	
1158	1	F	11	N	2500	0	1	266	138	28	14	25	0	0	0	0	0	0	0	0	0	0	0	0	13080364	
1159	1	F	11	N	2500	0	40	301	183	47	22	35	0	0	0	0	0	0	0	0	0	0	0	0	13080894	
1160	1	G	11	N	2500	6	40	255	191	56	26	42	0	0	0	0	0	0	0	0	0	0	0	0	13087774	
1161	1	G	11	N	2500	2	2	319	145	33	16	30	0	0	0	0	0	0	0	0	0	0	0	0	13090020	
1162	1	G	11	N	2500	6	40	365	184	45	21	37	0	0	0	0	0	0	0	0	0	0	0	0	13090800	
1163	1	G	11	N	2500	6	40	249	181	52	25	40	0	0	0	0	0	0	0	0	0	0	0	0	13090862	
1164	1	G	11	N	2500	0	40	339	174	44	21	31	0	0	0	0	0	0	0	0	0	0	0	0	13091112	
1165	1	G	11	N	2500	0	40	327	158	43	20	36	0	0	0	0	0	0	0	0	0	0	0	0	13091486	
1166	1	G	11	N	2500	0	1	202	122	24	12	21	0	0	0	0	0	0	0	0	0	0	0	0	13091720	
1167	1	G	11	N	2500	0	40	334	175	48	23	36	0	0	0	0	0	0	0	0	0	0	0	0	13091986	
1168	1	G	11	N	2500	0	40	342	171	38	19	33	0	0	0	0	0	0	0	0	0	0	0	0	13092220	
1169	1	G	11	N	2500	0	40	368	183	44	21	37	0	0	0	0	0	0	0	0	0	0	0	0	13092391	
1170	1	G	11	N	2500	0	40	315	143	38	15	27	0	0	0	0	0	0	0	0	0	0	0	0	13092454	
1171	1	G	11	N	2500	0	40	389	220	60	28	47	0	0	0	0	0	0	0	0	0	0	0	0	13092563	
1172	1	G	11	N	2500	0	40	291	183	45	21	37	0	0	0	0	0	0	0	0	0	0	0	0	13092781	
1173	1	G	11	N	2500	0	1	249	147	33	18	28	0	0	0	0	0	0	0	0	0	0	0	0	13092859	
1174	1	G	11	N	2500	0	40	414	207	56	27	47	0	0	0	0	0	0	0	0	0	0	0	0	13092937	
1175	1	G	11	N	2500	0	1	163	140	37	19	31	0	0	0	0	0	0	0	0	0	0	0	0	13093561	
1176	1	G	11	N	2500	0	1	51	11	3	3	8	0	0	0	0	0	0	0	0	0	0	0	0	13093561	
1177	1	H	11	N	2500	6	40	312	156	38	19	33	0	0	0	0	0	0	0	0	0	0	0	0	13103046	


Threshold source: EXT,  value 50
Min TOF = 50
EXT signal gain 1.6
Green signal gain 3.0
Yellow signal gain 3.0
Red signal gain 3.0
Green PMT voltage 700
Yellow PMT voltage 700
Red PMT voltage 900
Signal multipliers: 1.0,1.0,1.0,1.0
C:\Users\unionbio\Desktop\COPAS Templates\USE for L4 dispense_columns_KSE.csv