Id	Plate	Row	Column	Clog	Scan rate	Status sort	Status sel	TOF	EXT	Green	Yellow	Red	PH Ext	PW Ext	PC Ext	PH Green	PW Green	PCGreen	PH Yellow	PW Yellow	PCYellow	PH Red	PW Red	PCRed	Time Stamp	
0	1	A	1	N	2500	6	40	342	232	59	27	54	0	0	0	0	0	0	0	0	0	0	0	0	13145026	
1	1	A	1	N	2500	6	40	269	185	41	22	40	0	0	0	0	0	0	0	0	0	0	0	0	13146087	
2	1	A	1	N	2500	6	40	279	164	51	22	38	0	0	0	0	0	0	0	0	0	0	0	0	13146477	
3	1	A	1	N	2500	0	40	453	193	49	22	38	0	0	0	0	0	0	0	0	0	0	0	0	13147101	
4	1	A	1	N	2500	0	40	294	202	59	26	44	0	0	0	0	0	0	0	0	0	0	0	0	13147241	
5	1	A	1	N	2500	0	1	85	20	3	2	5	0	0	0	0	0	0	0	0	0	0	0	0	13147319	
6	1	A	1	N	2500	0	40	376	190	44	20	37	0	0	0	0	0	0	0	0	0	0	0	0	13147600	
7	1	A	1	N	2500	0	1	202	156	37	18	31	0	0	0	0	0	0	0	0	0	0	0	0	13147662	
8	1	A	1	N	2500	0	40	321	193	49	22	39	0	0	0	0	0	0	0	0	0	0	0	0	13147756	
9	1	A	1	N	2500	0	40	344	188	52	22	40	0	0	0	0	0	0	0	0	0	0	0	0	13148239	
10	1	A	1	N	2500	0	40	364	179	46	22	37	0	0	0	0	0	0	0	0	0	0	0	0	13148271	
11	1	A	1	N	2500	0	2	271	190	319	371	425	0	0	0	0	0	0	0	0	0	0	0	0	13149285	
12	1	A	1	N	2500	0	2	273	163	36	18	30	0	0	0	0	0	0	0	0	0	0	0	0	13149316	
13	1	A	1	N	2500	0	40	368	199	44	21	38	0	0	0	0	0	0	0	0	0	0	0	0	13149815	
14	1	A	1	N	2500	0	40	403	182	43	21	40	0	0	0	0	0	0	0	0	0	0	0	0	13149846	
15	1	A	1	N	2500	0	1	231	170	37	19	33	0	0	0	0	0	0	0	0	0	0	0	0	13150049	
16	1	A	1	N	2500	0	40	399	216	51	25	51	0	0	0	0	0	0	0	0	0	0	0	0	13150345	
17	1	A	1	N	2500	0	2	353	154	30	15	24	0	0	0	0	0	0	0	0	0	0	0	0	13150392	
18	1	A	1	N	2500	0	40	265	173	49	23	39	0	0	0	0	0	0	0	0	0	0	0	0	13151375	
19	1	A	1	N	2500	0	40	396	191	42	19	33	0	0	0	0	0	0	0	0	0	0	0	0	13151453	
20	1	B	1	N	2500	2	1	277	150	33	19	30	0	0	0	0	0	0	0	0	0	0	0	0	13158972	
21	1	B	1	N	2500	2	2	311	149	34	15	30	0	0	0	0	0	0	0	0	0	0	0	0	13159534	
22	1	B	1	N	2500	2	1	219	123	26	14	25	0	0	0	0	0	0	0	0	0	0	0	0	13160626	
23	1	B	1	N	2500	6	40	297	201	58	28	45	0	0	0	0	0	0	0	0	0	0	0	0	13161016	
24	1	B	1	N	2500	2	2	349	147	33	15	26	0	0	0	0	0	0	0	0	0	0	0	0	13162701	
25	1	B	1	N	2500	6	40	304	222	61	28	44	0	0	0	0	0	0	0	0	0	0	0	0	13162763	
26	1	B	1	N	2500	6	40	252	184	47	22	40	0	0	0	0	0	0	0	0	0	0	0	0	13163356	
27	1	B	1	N	2500	0	1	295	111	21	10	19	0	0	0	0	0	0	0	0	0	0	0	0	13163683	
28	1	B	1	N	2500	0	40	384	202	47	21	38	0	0	0	0	0	0	0	0	0	0	0	0	13163683	
29	1	B	1	N	2500	0	40	437	190	48	21	37	0	0	0	0	0	0	0	0	0	0	0	0	13163715	
30	1	B	1	N	2500	0	1	205	147	40	20	35	0	0	0	0	0	0	0	0	0	0	0	0	13164073	
31	1	B	1	N	2500	0	40	285	188	48	25	41	0	0	0	0	0	0	0	0	0	0	0	0	13164120	
32	1	B	1	N	2500	0	40	373	165	36	18	32	0	0	0	0	0	0	0	0	0	0	0	0	13164775	
33	1	B	1	N	2500	0	40	354	184	52	20	36	0	0	0	0	0	0	0	0	0	0	0	0	13164775	
34	1	B	1	N	2500	0	40	334	169	43	20	35	0	0	0	0	0	0	0	0	0	0	0	0	13166086	
35	1	B	1	N	2500	0	40	363	186	51	22	45	0	0	0	0	0	0	0	0	0	0	0	0	13166242	
36	1	C	1	N	2500	2	1	145	82	21	9	18	0	0	0	0	0	0	0	0	0	0	0	0	13173293	
37	1	C	1	N	2500	6	40	387	146	36	15	27	0	0	0	0	0	0	0	0	0	0	0	0	13173605	
38	1	C	1	N	2500	6	40	339	163	41	18	31	0	0	0	0	0	0	0	0	0	0	0	0	13174073	
39	1	C	1	N	2500	6	40	369	176	42	19	39	0	0	0	0	0	0	0	0	0	0	0	0	13175867	
40	1	C	1	N	2500	0	40	356	170	36	18	34	0	0	0	0	0	0	0	0	0	0	0	0	13176600	
41	1	C	1	N	2500	0	40	257	178	46	21	35	0	0	0	0	0	0	0	0	0	0	0	0	13176772	
42	1	C	1	N	2500	0	40	373	194	56	25	46	0	0	0	0	0	0	0	0	0	0	0	0	13177973	
43	1	C	1	N	2500	0	1	113	62	8	5	10	0	0	0	0	0	0	0	0	0	0	0	0	13178113	
44	1	C	1	N	2500	0	1	239	148	38	18	32	0	0	0	0	0	0	0	0	0	0	0	0	13178285	
45	1	C	1	N	2500	0	2	257	167	36	18	30	0	0	0	0	0	0	0	0	0	0	0	0	13178550	
46	1	C	1	N	2500	0	2	346	162	33	15	30	0	0	0	0	0	0	0	0	0	0	0	0	13178862	
47	1	C	1	N	2500	0	40	363	178	42	19	35	0	0	0	0	0	0	0	0	0	0	0	0	13178893	
48	1	C	1	N	2500	0	40	258	190	42	21	32	0	0	0	0	0	0	0	0	0	0	0	0	13179658	
49	1	D	1	N	2500	6	40	318	222	68	27	42	0	0	0	0	0	0	0	0	0	0	0	0	13187676	
50	1	D	1	N	2500	2	2	327	142	35	15	30	0	0	0	0	0	0	0	0	0	0	0	0	13187926	
51	1	D	1	N	2500	6	40	388	183	49	22	42	0	0	0	0	0	0	0	0	0	0	0	0	13188581	
52	1	D	1	N	2500	6	40	249	167	37	19	30	0	0	0	0	0	0	0	0	0	0	0	0	13188893	
53	1	D	1	N	2500	0	40	353	185	43	21	38	0	0	0	0	0	0	0	0	0	0	0	0	13189330	
54	1	D	1	N	2500	0	40	380	195	54	23	41	0	0	0	0	0	0	0	0	0	0	0	0	13190297	
55	1	D	1	N	2500	0	1	178	168	43	21	34	0	0	0	0	0	0	0	0	0	0	0	0	13190375	
56	1	D	1	N	2500	0	1	175	135	32	16	27	0	0	0	0	0	0	0	0	0	0	0	0	13190703	
57	1	D	1	N	2500	0	1	235	132	32	15	23	0	0	0	0	0	0	0	0	0	0	0	0	13190812	
58	1	D	1	N	2500	0	40	490	227	56	25	54	0	0	0	0	0	0	0	0	0	0	0	0	13190859	
59	1	D	1	N	2500	0	2	323	157	35	17	29	0	0	0	0	0	0	0	0	0	0	0	0	13191919	
60	1	D	1	N	2500	0	1	255	92	15	9	19	0	0	0	0	0	0	0	0	0	0	0	0	13192465	
61	1	D	1	N	2500	0	40	407	196	46	24	44	0	0	0	0	0	0	0	0	0	0	0	0	13193105	
62	1	D	1	N	2500	0	1	297	103	21	9	17	0	0	0	0	0	0	0	0	0	0	0	0	13193136	
63	1	D	1	N	2500	0	1	190	156	34	17	30	0	0	0	0	0	0	0	0	0	0	0	0	13193292	
64	1	D	1	N	2500	0	40	376	213	52	25	40	0	0	0	0	0	0	0	0	0	0	0	0	13193308	
65	1	D	1	N	2500	0	40	265	182	42	20	35	0	0	0	0	0	0	0	0	0	0	0	0	13193339	
66	1	D	1	N	2500	0	1	218	162	46	21	31	0	0	0	0	0	0	0	0	0	0	0	0	13193854	
67	1	D	1	N	2500	0	1	199	148	35	19	33	0	0	0	0	0	0	0	0	0	0	0	0	13194119	
68	1	E	1	N	2500	6	40	306	173	45	22	38	0	0	0	0	0	0	0	0	0	0	0	0	13202231	
69	1	E	1	N	2500	6	40	292	200	46	24	45	0	0	0	0	0	0	0	0	0	0	0	0	13202340	
70	1	E	1	N	2500	2	1	265	153	40	18	30	0	0	0	0	0	0	0	0	0	0	0	0	13202902	
71	1	E	1	N	2500	6	40	352	156	38	16	29	0	0	0	0	0	0	0	0	0	0	0	0	13203510	
72	1	E	1	N	2500	0	1	319	132	25	12	20	0	0	0	0	0	0	0	0	0	0	0	0	13204368	
73	1	E	1	N	2500	0	40	359	169	37	19	37	0	0	0	0	0	0	0	0	0	0	0	0	13205835	
74	1	E	1	N	2500	0	1	276	145	33	19	37	0	0	0	0	0	0	0	0	0	0	0	0	13205944	
75	1	E	1	N	2500	0	40	257	197	54	28	46	0	0	0	0	0	0	0	0	0	0	0	0	13205991	
76	1	E	1	N	2500	0	1	297	138	29	15	27	0	0	0	0	0	0	0	0	0	0	0	0	13206131	
77	1	E	1	N	2500	0	40	391	229	65	29	53	0	0	0	0	0	0	0	0	0	0	0	0	13206131	
78	1	E	1	N	2500	0	40	356	185	43	20	37	0	0	0	0	0	0	0	0	0	0	0	0	13206162	
79	1	E	1	N	2500	0	1	253	156	42	18	28	0	0	0	0	0	0	0	0	0	0	0	0	13206505	
80	1	E	1	N	2500	0	1	53	8	2	1	3	0	0	0	0	0	0	0	0	0	0	0	0	13207176	
81	1	E	1	N	2500	0	40	308	175	44	21	36	0	0	0	0	0	0	0	0	0	0	0	0	13207223	
82	1	E	1	N	2500	0	40	276	172	46	22	36	0	0	0	0	0	0	0	0	0	0	0	0	13207551	
83	1	E	1	N	2500	0	40	342	164	36	17	28	0	0	0	0	0	0	0	0	0	0	0	0	13207753	
84	1	E	1	N	2500	0	40	372	179	45	21	37	0	0	0	0	0	0	0	0	0	0	0	0	13207863	
85	1	E	1	N	2500	0	1	209	180	54	22	40	0	0	0	0	0	0	0	0	0	0	0	0	13208097	
86	1	E	1	N	2500	0	40	298	189	47	23	46	0	0	0	0	0	0	0	0	0	0	0	0	13208643	
87	1	F	1	N	2500	6	40	333	209	57	29	50	0	0	0	0	0	0	0	0	0	0	0	0	13215600	
88	1	F	1	N	2500	6	40	283	156	42	20	34	0	0	0	0	0	0	0	0	0	0	0	0	13216178	
89	1	F	1	N	2500	2	1	97	40	50	65	124	0	0	0	0	0	0	0	0	0	0	0	0	13216739	
90	1	F	1	N	2500	6	40	291	194	62	26	49	0	0	0	0	0	0	0	0	0	0	0	0	13217566	
91	1	F	1	N	2500	0	1	265	143	32	16	25	0	0	0	0	0	0	0	0	0	0	0	0	13218362	
92	1	F	1	N	2500	0	40	334	204	49	23	41	0	0	0	0	0	0	0	0	0	0	0	0	13218393	
93	1	F	1	N	2500	0	40	384	170	37	19	34	0	0	0	0	0	0	0	0	0	0	0	0	13218486	
94	1	F	1	N	2500	0	2	374	149	31	15	29	0	0	0	0	0	0	0	0	0	0	0	0	13219048	
95	1	F	1	N	2500	0	40	192	194	61	27	43	0	0	0	0	0	0	0	0	0	0	0	0	13219750	
96	1	F	1	N	2500	0	1	196	139	32	16	27	0	0	0	0	0	0	0	0	0	0	0	0	13219781	
97	1	F	1	N	2500	0	40	318	190	56	24	45	0	0	0	0	0	0	0	0	0	0	0	0	13219890	
98	1	F	1	N	2500	0	40	379	186	46	22	42	0	0	0	0	0	0	0	0	0	0	0	0	13219968	
99	1	F	1	N	2500	0	1	178	141	42	21	35	0	0	0	0	0	0	0	0	0	0	0	0	13220140	
100	1	F	1	N	2500	0	40	359	161	42	21	34	0	0	0	0	0	0	0	0	0	0	0	0	13220811	
101	1	F	1	N	2500	0	40	405	196	51	23	42	0	0	0	0	0	0	0	0	0	0	0	0	13221232	
102	1	F	1	N	2500	0	1	218	155	34	17	28	0	0	0	0	0	0	0	0	0	0	0	0	13221279	
103	1	F	1	N	2500	0	40	243	184	52	23	38	0	0	0	0	0	0	0	0	0	0	0	0	13221684	
104	1	F	1	N	2500	0	1	180	156	45	21	34	0	0	0	0	0	0	0	0	0	0	0	0	13221825	
105	1	G	1	N	2500	6	40	258	198	52	25	44	0	0	0	0	0	0	0	0	0	0	0	0	13230545	
106	1	G	1	N	2500	2	1	225	168	38	19	29	0	0	0	0	0	0	0	0	0	0	0	0	13230842	
107	1	G	1	N	2500	2	1	273	142	38	18	27	0	0	0	0	0	0	0	0	0	0	0	0	13230888	
108	1	G	1	N	2500	2	1	232	147	36	19	34	0	0	0	0	0	0	0	0	0	0	0	0	13232324	
109	1	G	1	N	2500	2	1	281	95	18	9	17	0	0	0	0	0	0	0	0	0	0	0	0	13232838	
110	1	G	1	N	2500	6	40	342	156	38	18	35	0	0	0	0	0	0	0	0	0	0	0	0	13232979	
111	1	G	1	N	2500	2	1	211	154	48	23	34	0	0	0	0	0	0	0	0	0	0	0	0	13233135	
112	1	G	1	N	2500	2	2	315	144	29	15	28	0	0	0	0	0	0	0	0	0	0	0	0	13233556	
113	1	G	1	N	2500	6	40	310	190	45	22	39	0	0	0	0	0	0	0	0	0	0	0	0	13233728	
114	1	G	1	N	2500	0	1	205	169	44	20	32	0	0	0	0	0	0	0	0	0	0	0	0	13233743	
115	1	G	1	N	2500	0	2	335	134	25	13	25	0	0	0	0	0	0	0	0	0	0	0	0	13234102	
116	1	G	1	N	2500	0	40	363	180	50	20	39	0	0	0	0	0	0	0	0	0	0	0	0	13234211	
117	1	G	1	N	2500	0	1	312	129	25	12	26	0	0	0	0	0	0	0	0	0	0	0	0	13234258	
118	1	G	1	N	2500	0	40	367	195	44	22	41	0	0	0	0	0	0	0	0	0	0	0	0	13234554	
119	1	G	1	N	2500	0	1	177	150	39	19	29	0	0	0	0	0	0	0	0	0	0	0	0	13235085	
120	1	G	1	N	2500	0	1	178	138	31	16	25	0	0	0	0	0	0	0	0	0	0	0	0	13235225	
121	1	G	1	N	2500	0	1	151	32	4	1	2	0	0	0	0	0	0	0	0	0	0	0	0	13235506	
122	1	G	1	N	2500	0	40	387	185	42	21	34	0	0	0	0	0	0	0	0	0	0	0	0	13236208	
123	1	G	1	N	2500	0	40	300	155	37	18	30	0	0	0	0	0	0	0	0	0	0	0	0	13236255	
124	1	G	1	N	2500	0	1	254	112	22	10	22	0	0	0	0	0	0	0	0	0	0	0	0	13236598	
125	1	H	1	N	2500	2	1	51	23	21	14	29	0	0	0	0	0	0	0	0	0	0	0	0	13246785	
126	1	H	1	N	2500	2	1	231	98	22	13	22	0	0	0	0	0	0	0	0	0	0	0	0	13247892	
127	1	H	1	N	2500	2	1	192	174	43	21	33	0	0	0	0	0	0	0	0	0	0	0	0	13248594	
128	1	A	2	N	2500	2	2	324	140	27	13	23	0	0	0	0	0	0	0	0	0	0	0	0	13262525	
129	1	A	2	N	2500	2	1	198	160	35	18	27	0	0	0	0	0	0	0	0	0	0	0	0	13264600	
130	1	A	2	N	2500	6	40	289	203	55	25	42	0	0	0	0	0	0	0	0	0	0	0	0	13266176	
131	1	A	2	N	2500	2	2	338	139	30	13	27	0	0	0	0	0	0	0	0	0	0	0	0	13266347	
132	1	B	2	N	2500	6	40	372	181	50	21	35	0	0	0	0	0	0	0	0	0	0	0	0	13275536	
133	1	B	2	N	2500	6	40	302	168	51	22	36	0	0	0	0	0	0	0	0	0	0	0	0	13278016	
134	1	B	2	N	2500	2	1	229	157	46	20	34	0	0	0	0	0	0	0	0	0	0	0	0	13278437	
135	1	B	2	N	2500	6	40	345	174	41	22	37	0	0	0	0	0	0	0	0	0	0	0	0	13279732	
136	1	C	2	N	2500	6	40	331	165	42	21	37	0	0	0	0	0	0	0	0	0	0	0	0	13291775	
137	1	C	2	N	2500	2	1	314	122	21	12	22	0	0	0	0	0	0	0	0	0	0	0	0	13291791	
138	1	C	2	N	2500	6	40	367	179	48	20	35	0	0	0	0	0	0	0	0	0	0	0	0	13294302	
139	1	C	2	N	2500	6	40	382	161	36	17	34	0	0	0	0	0	0	0	0	0	0	0	0	13295176	
140	1	C	2	N	2500	0	1	56	14	1	0	1	0	0	0	0	0	0	0	0	0	0	0	0	13295254	
141	1	D	2	N	2500	6	40	384	196	53	25	43	0	0	0	0	0	0	0	0	0	0	0	0	13306486	
142	1	D	2	N	2500	6	40	364	166	40	18	32	0	0	0	0	0	0	0	0	0	0	0	0	13306580	
143	1	D	2	N	2500	6	40	362	173	47	18	35	0	0	0	0	0	0	0	0	0	0	0	0	13308030	
144	1	D	2	N	2500	0	40	208	206	49	25	39	0	0	0	0	0	0	0	0	0	0	0	0	13308530	
145	1	D	2	N	2500	0	40	316	157	37	18	28	0	0	0	0	0	0	0	0	0	0	0	0	13309013	
146	1	D	2	N	2500	0	1	71	13	1	0	2	0	0	0	0	0	0	0	0	0	0	0	0	13309341	
147	1	D	2	N	2500	0	1	106	55	14	9	19	0	0	0	0	0	0	0	0	0	0	0	0	13309824	
148	1	E	2	N	2500	2	1	155	123	34	18	31	0	0	0	0	0	0	0	0	0	0	0	0	13316735	
149	1	E	2	N	2500	2	1	245	128	29	16	31	0	0	0	0	0	0	0	0	0	0	0	0	13317172	
150	1	E	2	N	2500	2	1	240	124	25	13	23	0	0	0	0	0	0	0	0	0	0	0	0	13318904	
151	1	E	2	N	2500	2	1	291	114	23	11	21	0	0	0	0	0	0	0	0	0	0	0	0	13319294	
152	1	E	2	N	2500	6	40	333	165	42	18	29	0	0	0	0	0	0	0	0	0	0	0	0	13319481	
153	1	E	2	N	2500	2	2	330	155	32	16	28	0	0	0	0	0	0	0	0	0	0	0	0	13319496	
154	1	E	2	N	2500	6	40	363	170	38	17	30	0	0	0	0	0	0	0	0	0	0	0	0	13320339	
155	1	E	2	N	2500	6	40	392	187	46	24	37	0	0	0	0	0	0	0	0	0	0	0	0	13321992	
156	1	F	2	N	2500	2	1	192	151	44	20	33	0	0	0	0	0	0	0	0	0	0	0	0	13331711	
157	1	F	2	N	2500	2	2	331	150	32	17	27	0	0	0	0	0	0	0	0	0	0	0	0	13333521	
158	1	F	2	N	2500	2	1	302	117	22	11	22	0	0	0	0	0	0	0	0	0	0	0	0	13333677	
159	1	F	2	N	2500	2	1	206	163	49	23	36	0	0	0	0	0	0	0	0	0	0	0	0	13334909	
160	1	F	2	N	2500	6	40	341	165	36	19	34	0	0	0	0	0	0	0	0	0	0	0	0	13335643	
161	1	F	2	N	2500	2	1	215	147	37	17	28	0	0	0	0	0	0	0	0	0	0	0	0	13336501	
162	1	F	2	N	2500	2	1	299	122	26	12	22	0	0	0	0	0	0	0	0	0	0	0	0	13338123	
163	1	G	2	N	2500	2	1	225	168	43	20	35	0	0	0	0	0	0	0	0	0	0	0	0	13349433	
164	1	G	2	N	2500	6	40	338	171	44	22	37	0	0	0	0	0	0	0	0	0	0	0	0	13349464	
165	1	G	2	N	2500	2	1	188	154	35	19	33	0	0	0	0	0	0	0	0	0	0	0	0	13349683	
166	1	G	2	N	2500	2	1	67	17	3	2	3	0	0	0	0	0	0	0	0	0	0	0	0	13350244	
167	1	G	2	N	2500	2	1	231	142	44	20	31	0	0	0	0	0	0	0	0	0	0	0	0	13350244	
168	1	G	2	N	2500	2	2	331	147	32	15	27	0	0	0	0	0	0	0	0	0	0	0	0	13352366	
169	1	H	2	N	2500	6	40	373	182	38	17	32	0	0	0	0	0	0	0	0	0	0	0	0	13364097	
170	1	A	3	N	2500	6	40	356	183	46	21	37	0	0	0	0	0	0	0	0	0	0	0	0	13375906	
171	1	A	3	N	2500	6	40	295	163	50	23	39	0	0	0	0	0	0	0	0	0	0	0	0	13376031	
172	1	A	3	N	2500	6	40	374	176	48	23	39	0	0	0	0	0	0	0	0	0	0	0	0	13376312	
173	1	A	3	N	2500	0	1	215	167	43	21	36	0	0	0	0	0	0	0	0	0	0	0	0	13377107	
174	1	A	3	N	2500	0	40	361	168	40	20	36	0	0	0	0	0	0	0	0	0	0	0	0	13378449	
175	1	A	3	N	2500	0	40	260	179	43	21	38	0	0	0	0	0	0	0	0	0	0	0	0	13378511	
176	1	A	3	N	2500	0	1	204	180	47	21	34	0	0	0	0	0	0	0	0	0	0	0	0	13378605	
177	1	A	3	N	2500	0	1	175	97	24	10	20	0	0	0	0	0	0	0	0	0	0	0	0	13379198	
178	1	A	3	N	2500	0	2	318	136	27	14	23	0	0	0	0	0	0	0	0	0	0	0	0	13379541	
179	1	A	3	N	2500	0	1	107	57	80	96	146	0	0	0	0	0	0	0	0	0	0	0	0	13379806	
180	1	A	3	N	2500	0	40	324	179	43	21	37	0	0	0	0	0	0	0	0	0	0	0	0	13379931	
181	1	A	3	N	2500	0	40	332	159	39	18	30	0	0	0	0	0	0	0	0	0	0	0	0	13380040	
182	1	A	3	N	2500	0	40	332	155	42	19	31	0	0	0	0	0	0	0	0	0	0	0	0	13380071	
183	1	A	3	N	2500	0	40	368	190	53	24	38	0	0	0	0	0	0	0	0	0	0	0	0	13380087	
184	1	A	3	N	2500	0	40	388	209	54	28	47	0	0	0	0	0	0	0	0	0	0	0	0	13380165	
185	1	A	3	N	2500	0	1	237	146	32	17	32	0	0	0	0	0	0	0	0	0	0	0	0	13380196	
186	1	A	3	N	2500	0	1	254	149	44	22	35	0	0	0	0	0	0	0	0	0	0	0	0	13380867	
187	1	A	3	N	2500	0	40	389	171	40	20	36	0	0	0	0	0	0	0	0	0	0	0	0	13381132	
188	1	A	3	N	2500	0	1	275	111	22	13	25	0	0	0	0	0	0	0	0	0	0	0	0	13381366	
189	1	A	3	N	2500	0	40	432	241	71	31	57	0	0	0	0	0	0	0	0	0	0	0	0	13381413	
190	1	A	3	N	2500	0	1	258	157	40	20	30	0	0	0	0	0	0	0	0	0	0	0	0	13382318	
191	1	A	3	N	2500	0	2	304	155	35	19	33	0	0	0	0	0	0	0	0	0	0	0	0	13382583	
192	1	A	3	N	2500	0	40	487	236	59	27	46	0	0	0	0	0	0	0	0	0	0	0	0	13383035	
193	1	A	3	N	2500	0	40	406	198	47	23	40	0	0	0	0	0	0	0	0	0	0	0	0	13383223	
194	1	B	3	N	2500	6	40	246	173	49	22	33	0	0	0	0	0	0	0	0	0	0	0	0	13391054	
195	1	B	3	N	2500	2	2	304	147	35	19	34	0	0	0	0	0	0	0	0	0	0	0	0	13391241	
196	1	B	3	N	2500	6	40	405	204	61	26	44	0	0	0	0	0	0	0	0	0	0	0	0	13391756	
197	1	B	3	N	2500	2	1	216	165	48	23	37	0	0	0	0	0	0	0	0	0	0	0	0	13392707	
198	1	B	3	N	2500	6	40	343	177	43	21	40	0	0	0	0	0	0	0	0	0	0	0	0	13393285	
199	1	B	3	N	2500	0	40	366	174	41	20	35	0	0	0	0	0	0	0	0	0	0	0	0	13393503	
200	1	B	3	N	2500	0	2	347	131	26	13	27	0	0	0	0	0	0	0	0	0	0	0	0	13393519	
201	1	B	3	N	2500	0	40	256	175	54	22	36	0	0	0	0	0	0	0	0	0	0	0	0	13393643	
202	1	B	3	N	2500	0	40	338	171	46	20	30	0	0	0	0	0	0	0	0	0	0	0	0	13394252	
203	1	B	3	N	2500	0	40	353	169	43	20	32	0	0	0	0	0	0	0	0	0	0	0	0	13394735	
204	1	B	3	N	2500	0	1	219	149	51	23	36	0	0	0	0	0	0	0	0	0	0	0	0	13395703	
205	1	B	3	N	2500	0	40	493	229	53	27	46	0	0	0	0	0	0	0	0	0	0	0	0	13396342	
206	1	B	3	N	2500	0	1	215	155	46	22	40	0	0	0	0	0	0	0	0	0	0	0	0	13396904	
207	1	B	3	N	2500	0	40	353	158	37	17	29	0	0	0	0	0	0	0	0	0	0	0	0	13397309	
208	1	C	3	N	2500	6	40	339	177	42	21	36	0	0	0	0	0	0	0	0	0	0	0	0	13406498	
209	1	C	3	N	2500	2	1	208	137	33	17	30	0	0	0	0	0	0	0	0	0	0	0	0	13406935	
210	1	C	3	N	2500	2	1	216	152	38	17	34	0	0	0	0	0	0	0	0	0	0	0	0	13407184	
211	1	C	3	N	2500	2	2	308	154	34	18	35	0	0	0	0	0	0	0	0	0	0	0	0	13407387	
212	1	C	3	N	2500	6	40	485	220	51	24	44	0	0	0	0	0	0	0	0	0	0	0	0	13407418	
213	1	C	3	N	2500	2	1	163	131	26	13	24	0	0	0	0	0	0	0	0	0	0	0	0	13407855	
214	1	C	3	N	2500	2	1	173	123	30	17	28	0	0	0	0	0	0	0	0	0	0	0	0	13407902	
215	1	C	3	N	2500	6	40	252	177	47	23	39	0	0	0	0	0	0	0	0	0	0	0	0	13407980	
216	1	C	3	N	2500	0	40	361	239	55	28	47	0	0	0	0	0	0	0	0	0	0	0	0	13408604	
217	1	C	3	N	2500	0	40	379	194	44	22	34	0	0	0	0	0	0	0	0	0	0	0	0	13408651	
218	1	C	3	N	2500	0	40	253	180	44	25	43	0	0	0	0	0	0	0	0	0	0	0	0	13409056	
219	1	C	3	N	2500	0	40	465	211	52	25	47	0	0	0	0	0	0	0	0	0	0	0	0	13410398	
220	1	C	3	N	2500	0	40	362	174	48	21	37	0	0	0	0	0	0	0	0	0	0	0	0	13410429	
221	1	C	3	N	2500	0	1	99	35	32	40	100	0	0	0	0	0	0	0	0	0	0	0	0	13410476	
222	1	C	3	N	2500	0	1	295	138	35	17	29	0	0	0	0	0	0	0	0	0	0	0	0	13410491	
223	1	C	3	N	2500	0	1	224	127	25	14	25	0	0	0	0	0	0	0	0	0	0	0	0	13411069	
224	1	D	3	N	2500	6	40	270	176	45	22	41	0	0	0	0	0	0	0	0	0	0	0	0	13420070	
225	1	D	3	N	2500	6	40	366	188	47	24	41	0	0	0	0	0	0	0	0	0	0	0	0	13421006	
226	1	D	3	N	2500	2	1	186	129	37	18	25	0	0	0	0	0	0	0	0	0	0	0	0	13421255	
227	1	D	3	N	2500	6	40	360	183	52	22	42	0	0	0	0	0	0	0	0	0	0	0	0	13421677	
228	1	D	3	N	2500	0	40	295	170	41	22	39	0	0	0	0	0	0	0	0	0	0	0	0	13422410	
229	1	D	3	N	2500	0	1	219	173	40	22	38	0	0	0	0	0	0	0	0	0	0	0	0	13422535	
230	1	D	3	N	2500	0	40	343	157	38	18	33	0	0	0	0	0	0	0	0	0	0	0	0	13422644	
231	1	D	3	N	2500	0	40	389	180	45	19	39	0	0	0	0	0	0	0	0	0	0	0	0	13422800	
232	1	D	3	N	2500	0	40	366	185	43	23	40	0	0	0	0	0	0	0	0	0	0	0	0	13422878	
233	1	D	3	N	2500	0	40	359	188	47	22	40	0	0	0	0	0	0	0	0	0	0	0	0	13423034	
234	1	D	3	N	2500	0	40	341	146	37	17	28	0	0	0	0	0	0	0	0	0	0	0	0	13423159	
235	1	D	3	N	2500	0	40	337	159	39	18	34	0	0	0	0	0	0	0	0	0	0	0	0	13423221	
236	1	D	3	N	2500	0	40	371	182	41	20	29	0	0	0	0	0	0	0	0	0	0	0	0	13423517	
237	1	D	3	N	2500	0	1	262	107	19	11	24	0	0	0	0	0	0	0	0	0	0	0	0	13423564	
238	1	D	3	N	2500	0	1	221	175	47	21	40	0	0	0	0	0	0	0	0	0	0	0	0	13424765	
239	1	D	3	N	2500	0	40	313	162	45	23	38	0	0	0	0	0	0	0	0	0	0	0	0	13424953	
240	1	D	3	N	2500	0	40	381	214	53	25	44	0	0	0	0	0	0	0	0	0	0	0	0	13425452	
241	1	D	3	N	2500	0	1	239	169	39	20	38	0	0	0	0	0	0	0	0	0	0	0	0	13425577	
242	1	E	3	N	2500	2	1	181	158	46	21	37	0	0	0	0	0	0	0	0	0	0	0	0	13434157	
243	1	E	3	N	2500	6	40	349	169	46	20	36	0	0	0	0	0	0	0	0	0	0	0	0	13434406	
244	1	E	3	N	2500	6	40	229	176	45	22	39	0	0	0	0	0	0	0	0	0	0	0	0	13434890	
245	1	E	3	N	2500	6	40	449	215	53	23	42	0	0	0	0	0	0	0	0	0	0	0	0	13436621	
246	1	E	3	N	2500	0	1	225	153	43	21	39	0	0	0	0	0	0	0	0	0	0	0	0	13436777	
247	1	E	3	N	2500	0	1	297	125	24	13	22	0	0	0	0	0	0	0	0	0	0	0	0	13436840	
248	1	E	3	N	2500	0	40	419	195	51	22	43	0	0	0	0	0	0	0	0	0	0	0	0	13437277	
249	1	E	3	N	2500	0	40	386	228	56	31	51	0	0	0	0	0	0	0	0	0	0	0	0	13437292	
250	1	E	3	N	2500	0	40	360	171	46	20	33	0	0	0	0	0	0	0	0	0	0	0	0	13437573	
251	1	E	3	N	2500	0	40	353	180	45	22	34	0	0	0	0	0	0	0	0	0	0	0	0	13438884	
252	1	E	3	N	2500	0	1	319	135	35	15	30	0	0	0	0	0	0	0	0	0	0	0	0	13438930	
253	1	E	3	N	2500	0	40	385	179	44	19	32	0	0	0	0	0	0	0	0	0	0	0	0	13439040	
254	1	E	3	N	2500	0	40	373	189	52	21	42	0	0	0	0	0	0	0	0	0	0	0	0	13439227	
255	1	E	3	N	2500	0	1	240	121	33	19	25	0	0	0	0	0	0	0	0	0	0	0	0	13439539	
256	1	E	3	N	2500	0	2	190	227	209	195	262	0	0	0	0	0	0	0	0	0	0	0	0	13440288	
257	1	F	3	N	2500	2	1	240	166	40	20	36	0	0	0	0	0	0	0	0	0	0	0	0	13446996	
258	1	F	3	N	2500	6	40	408	205	48	23	39	0	0	0	0	0	0	0	0	0	0	0	0	13448212	
259	1	F	3	N	2500	6	40	242	201	59	29	52	0	0	0	0	0	0	0	0	0	0	0	0	13448446	
260	1	F	3	N	2500	6	40	233	181	48	25	44	0	0	0	0	0	0	0	0	0	0	0	0	13448649	
261	1	F	3	N	2500	0	40	444	227	55	27	49	0	0	0	0	0	0	0	0	0	0	0	0	13449585	
262	1	F	3	N	2500	0	1	197	161	38	21	33	0	0	0	0	0	0	0	0	0	0	0	0	13449960	
263	1	F	3	N	2500	0	40	395	200	49	23	43	0	0	0	0	0	0	0	0	0	0	0	0	13450131	
264	1	F	3	N	2500	0	1	232	161	37	20	32	0	0	0	0	0	0	0	0	0	0	0	0	13450552	
265	1	F	3	N	2500	0	40	322	194	46	26	42	0	0	0	0	0	0	0	0	0	0	0	0	13450911	
266	1	F	3	N	2500	0	40	471	230	55	27	53	0	0	0	0	0	0	0	0	0	0	0	0	13451364	
267	1	F	3	N	2500	0	40	355	172	47	20	37	0	0	0	0	0	0	0	0	0	0	0	0	13451535	
268	1	F	3	N	2500	0	40	364	150	41	19	34	0	0	0	0	0	0	0	0	0	0	0	0	13451754	
269	1	F	3	N	2500	0	1	51	54	14	7	12	0	0	0	0	0	0	0	0	0	0	0	0	13451754	
270	1	F	3	N	2500	0	40	324	182	39	22	33	0	0	0	0	0	0	0	0	0	0	0	0	13452300	
271	1	F	3	N	2500	0	40	376	158	36	18	34	0	0	0	0	0	0	0	0	0	0	0	0	13452346	
272	1	F	3	N	2500	0	40	317	176	44	21	39	0	0	0	0	0	0	0	0	0	0	0	0	13452393	
273	1	F	3	N	2500	0	40	244	183	51	24	42	0	0	0	0	0	0	0	0	0	0	0	0	13452518	
274	1	F	3	N	2500	0	40	382	182	43	20	35	0	0	0	0	0	0	0	0	0	0	0	0	13453111	
275	1	F	3	N	2500	0	40	331	205	45	26	45	0	0	0	0	0	0	0	0	0	0	0	0	13453204	
276	1	F	3	N	2500	0	40	363	174	43	22	36	0	0	0	0	0	0	0	0	0	0	0	0	13453797	
277	1	F	3	N	2500	0	40	370	187	53	22	40	0	0	0	0	0	0	0	0	0	0	0	0	13453938	
278	1	F	3	N	2500	0	40	327	154	42	18	30	0	0	0	0	0	0	0	0	0	0	0	0	13454374	
279	1	G	3	N	2500	2	1	133	35	9	4	9	0	0	0	0	0	0	0	0	0	0	0	0	13461472	
280	1	G	3	N	2500	2	1	240	121	38	19	32	0	0	0	0	0	0	0	0	0	0	0	0	13461472	
281	1	G	3	N	2500	8	40	320	160	39	20	35	0	0	0	0	0	0	0	0	0	0	0	0	13461472	
282	1	G	3	N	2500	2	1	191	146	42	19	32	0	0	0	0	0	0	0	0	0	0	0	0	13461582	
283	1	G	3	N	2500	6	40	363	189	53	24	44	0	0	0	0	0	0	0	0	0	0	0	0	13461847	
284	1	G	3	N	2500	6	40	418	213	53	25	46	0	0	0	0	0	0	0	0	0	0	0	0	13461862	
285	1	G	3	N	2500	6	40	463	202	52	26	45	0	0	0	0	0	0	0	0	0	0	0	0	13462190	
286	1	G	3	N	2500	0	1	233	149	34	18	29	0	0	0	0	0	0	0	0	0	0	0	0	13462346	
287	1	G	3	N	2500	0	40	288	184	48	22	41	0	0	0	0	0	0	0	0	0	0	0	0	13462736	
288	1	G	3	N	2500	0	1	104	61	92	106	142	0	0	0	0	0	0	0	0	0	0	0	0	13462939	
289	1	G	3	N	2500	0	1	183	130	35	18	33	0	0	0	0	0	0	0	0	0	0	0	0	13463376	
290	1	G	3	N	2500	0	40	369	182	43	22	39	0	0	0	0	0	0	0	0	0	0	0	0	13463703	
291	1	G	3	N	2500	0	40	350	181	42	22	39	0	0	0	0	0	0	0	0	0	0	0	0	13463906	
292	1	G	3	N	2500	0	40	282	165	42	21	32	0	0	0	0	0	0	0	0	0	0	0	0	13464046	
293	1	G	3	N	2500	0	40	354	179	42	21	37	0	0	0	0	0	0	0	0	0	0	0	0	13464234	
294	1	G	3	N	2500	0	40	347	195	52	24	45	0	0	0	0	0	0	0	0	0	0	0	0	13464265	
295	1	G	3	N	2500	0	40	350	188	49	24	47	0	0	0	0	0	0	0	0	0	0	0	0	13464608	
296	1	G	3	N	2500	0	40	255	185	47	24	46	0	0	0	0	0	0	0	0	0	0	0	0	13464717	
297	1	G	3	N	2500	0	1	180	102	21	10	20	0	0	0	0	0	0	0	0	0	0	0	0	13464858	
298	1	G	3	N	2500	0	40	383	183	43	22	38	0	0	0	0	0	0	0	0	0	0	0	0	13464936	
299	1	G	3	N	2500	0	1	152	184	44	24	44	0	0	0	0	0	0	0	0	0	0	0	0	13464967	
300	1	G	3	N	2500	0	40	339	159	37	19	37	0	0	0	0	0	0	0	0	0	0	0	0	13465029	
301	1	G	3	N	2500	0	1	68	33	36	30	53	0	0	0	0	0	0	0	0	0	0	0	0	13465232	
302	1	G	3	N	2500	0	1	222	167	42	22	40	0	0	0	0	0	0	0	0	0	0	0	0	13465263	
303	1	G	3	N	2500	0	1	279	93	18	9	17	0	0	0	0	0	0	0	0	0	0	0	0	13465279	
304	1	G	3	N	2500	0	40	268	187	51	24	50	0	0	0	0	0	0	0	0	0	0	0	0	13465419	
305	1	G	3	N	2500	0	40	442	215	56	28	46	0	0	0	0	0	0	0	0	0	0	0	0	13465513	
306	1	G	3	N	2500	0	1	279	148	44	23	39	0	0	0	0	0	0	0	0	0	0	0	0	13465653	
307	1	G	3	N	2500	0	40	328	179	53	22	39	0	0	0	0	0	0	0	0	0	0	0	0	13465731	
308	1	G	3	N	2500	0	1	224	134	30	16	28	0	0	0	0	0	0	0	0	0	0	0	0	13466792	
309	1	G	3	N	2500	0	40	335	149	37	15	31	0	0	0	0	0	0	0	0	0	0	0	0	13467057	
310	1	G	3	N	2500	0	40	353	173	46	21	36	0	0	0	0	0	0	0	0	0	0	0	0	13467104	
311	1	G	3	N	2500	0	1	220	113	37	15	23	0	0	0	0	0	0	0	0	0	0	0	0	13467759	
312	1	G	3	N	2500	0	1	135	48	12	6	12	0	0	0	0	0	0	0	0	0	0	0	0	13467759	
313	1	G	3	N	2500	0	40	339	165	40	18	33	0	0	0	0	0	0	0	0	0	0	0	0	13468071	
314	1	G	3	N	2500	0	40	342	175	45	21	38	0	0	0	0	0	0	0	0	0	0	0	0	13468492	
315	1	H	3	N	2500	6	40	311	172	46	23	43	0	0	0	0	0	0	0	0	0	0	0	0	13475512	
316	1	H	3	N	2500	6	40	331	193	48	24	37	0	0	0	0	0	0	0	0	0	0	0	0	13475965	
317	1	A	4	N	2500	2	1	273	109	20	10	21	0	0	0	0	0	0	0	0	0	0	0	0	13491300	
318	1	A	4	N	2500	2	1	193	168	44	23	42	0	0	0	0	0	0	0	0	0	0	0	0	13492891	
319	1	A	4	N	2500	2	1	304	123	27	14	29	0	0	0	0	0	0	0	0	0	0	0	0	13493780	
320	1	A	4	N	2500	2	2	322	137	28	14	30	0	0	0	0	0	0	0	0	0	0	0	0	13494186	
321	1	A	4	N	2500	6	40	334	162	36	17	34	0	0	0	0	0	0	0	0	0	0	0	0	13495371	
322	1	A	4	N	2500	6	40	284	150	40	19	36	0	0	0	0	0	0	0	0	0	0	0	0	13496728	
323	1	A	4	N	2500	6	40	437	189	53	22	42	0	0	0	0	0	0	0	0	0	0	0	0	13497290	
324	1	B	4	N	2500	2	2	367	157	31	16	34	0	0	0	0	0	0	0	0	0	0	0	0	13505979	
325	1	B	4	N	2500	2	1	233	150	32	17	28	0	0	0	0	0	0	0	0	0	0	0	0	13506837	
326	1	B	4	N	2500	2	1	308	133	28	14	26	0	0	0	0	0	0	0	0	0	0	0	0	13509411	
327	1	B	4	N	2500	6	40	320	153	45	20	35	0	0	0	0	0	0	0	0	0	0	0	0	13511065	
328	1	B	4	N	2500	2	2	361	157	34	17	29	0	0	0	0	0	0	0	0	0	0	0	0	13511221	
329	1	B	4	N	2500	2	1	149	158	40	20	32	0	0	0	0	0	0	0	0	0	0	0	0	13512001	
330	1	C	4	N	2500	2	2	325	148	30	15	34	0	0	0	0	0	0	0	0	0	0	0	0	13522141	
331	1	C	4	N	2500	2	1	79	18	4	1	5	0	0	0	0	0	0	0	0	0	0	0	0	13522812	
332	1	C	4	N	2500	2	1	191	109	24	14	22	0	0	0	0	0	0	0	0	0	0	0	0	13522812	
333	1	C	4	N	2500	2	1	323	127	24	13	23	0	0	0	0	0	0	0	0	0	0	0	0	13524169	
334	1	C	4	N	2500	2	1	60	13	10	6	8	0	0	0	0	0	0	0	0	0	0	0	0	13526556	
335	1	D	4	N	2500	2	1	139	123	46	21	31	0	0	0	0	0	0	0	0	0	0	0	0	13534512	
336	1	D	4	N	2500	2	1	177	89	15	9	18	0	0	0	0	0	0	0	0	0	0	0	0	13535494	
337	1	D	4	N	2500	6	40	347	209	52	24	38	0	0	0	0	0	0	0	0	0	0	0	0	13537413	
338	1	D	4	N	2500	6	40	349	189	46	23	42	0	0	0	0	0	0	0	0	0	0	0	0	13537678	
339	1	D	4	N	2500	2	2	338	135	27	15	26	0	0	0	0	0	0	0	0	0	0	0	0	13538568	
340	1	D	4	N	2500	2	1	217	133	29	15	24	0	0	0	0	0	0	0	0	0	0	0	0	13538848	
341	1	D	4	N	2500	6	40	349	170	39	20	35	0	0	0	0	0	0	0	0	0	0	0	0	13539878	
342	1	D	4	N	2500	0	1	237	163	44	19	33	0	0	0	0	0	0	0	0	0	0	0	0	13539972	
343	1	D	4	N	2500	0	1	325	123	20	11	21	0	0	0	0	0	0	0	0	0	0	0	0	13540284	
344	1	D	4	N	2500	0	1	337	117	24	11	23	0	0	0	0	0	0	0	0	0	0	0	0	13540705	
345	1	D	4	N	2500	0	40	383	174	39	18	33	0	0	0	0	0	0	0	0	0	0	0	0	13540814	
346	1	D	4	N	2500	0	40	388	187	37	19	34	0	0	0	0	0	0	0	0	0	0	0	0	13540876	
347	1	D	4	N	2500	0	1	303	132	29	15	27	0	0	0	0	0	0	0	0	0	0	0	0	13541032	
348	1	E	4	N	2500	6	40	277	168	49	21	39	0	0	0	0	0	0	0	0	0	0	0	0	13549690	
349	1	E	4	N	2500	2	1	223	89	18	9	17	0	0	0	0	0	0	0	0	0	0	0	0	13549940	
350	1	E	4	N	2500	2	1	284	117	23	12	22	0	0	0	0	0	0	0	0	0	0	0	0	13550096	
351	1	E	4	N	2500	2	2	327	147	29	17	27	0	0	0	0	0	0	0	0	0	0	0	0	13551640	
352	1	E	4	N	2500	2	2	323	150	33	17	29	0	0	0	0	0	0	0	0	0	0	0	0	13552779	
353	1	E	4	N	2500	6	40	273	167	43	20	35	0	0	0	0	0	0	0	0	0	0	0	0	13553123	
354	1	E	4	N	2500	2	1	175	157	48	23	42	0	0	0	0	0	0	0	0	0	0	0	0	13553357	
355	1	E	4	N	2500	2	1	269	122	31	14	24	0	0	0	0	0	0	0	0	0	0	0	0	13553934	
356	1	E	4	N	2500	2	1	275	128	25	14	25	0	0	0	0	0	0	0	0	0	0	0	0	13554230	
357	1	E	4	N	2500	4	40	390	167	44	19	31	0	0	0	0	0	0	0	0	0	0	0	0	13554558	
358	1	E	4	N	2500	2	1	210	155	38	20	33	0	0	0	0	0	0	0	0	0	0	0	0	13554558	
359	1	E	4	N	2500	6	40	275	187	49	22	41	0	0	0	0	0	0	0	0	0	0	0	0	13554901	
360	1	E	4	N	2500	0	2	374	163	32	16	29	0	0	0	0	0	0	0	0	0	0	0	0	13554995	
361	1	E	4	N	2500	0	1	210	161	40	20	33	0	0	0	0	0	0	0	0	0	0	0	0	13555743	
362	1	F	4	N	2500	2	1	198	102	22	11	20	0	0	0	0	0	0	0	0	0	0	0	0	13564698	
363	1	F	4	N	2500	6	40	368	159	38	18	32	0	0	0	0	0	0	0	0	0	0	0	0	13566601	
364	1	F	4	N	2500	2	1	140	55	61	69	167	0	0	0	0	0	0	0	0	0	0	0	0	13566741	
365	1	F	4	N	2500	2	1	179	125	28	14	20	0	0	0	0	0	0	0	0	0	0	0	0	13570127	
366	1	G	4	N	2500	2	1	232	121	25	13	24	0	0	0	0	0	0	0	0	0	0	0	0	13581171	
367	1	G	4	N	2500	2	1	290	112	22	12	21	0	0	0	0	0	0	0	0	0	0	0	0	13582029	
368	1	G	4	N	2500	2	1	285	107	21	9	20	0	0	0	0	0	0	0	0	0	0	0	0	13582123	
369	1	G	4	N	2500	6	40	352	174	45	21	36	0	0	0	0	0	0	0	0	0	0	0	0	13582716	
370	1	G	4	N	2500	2	1	176	130	26	13	25	0	0	0	0	0	0	0	0	0	0	0	0	13583433	
371	1	G	4	N	2500	2	2	303	149	33	18	30	0	0	0	0	0	0	0	0	0	0	0	0	13583449	
372	1	G	4	N	2500	6	40	434	207	50	24	42	0	0	0	0	0	0	0	0	0	0	0	0	13584447	
373	1	H	4	N	2500	2	1	55	31	14	0	0	0	0	0	0	0	0	0	0	0	0	0	0	13593542	
374	1	A	5	N	2500	2	1	305	133	37	14	22	0	0	0	0	0	0	0	0	0	0	0	0	13607988	
375	1	A	5	N	2500	6	40	355	177	44	20	35	0	0	0	0	0	0	0	0	0	0	0	0	13609298	
376	1	A	5	N	2500	6	40	308	198	48	24	39	0	0	0	0	0	0	0	0	0	0	0	0	13611092	
377	1	A	5	N	2500	6	40	347	172	38	18	35	0	0	0	0	0	0	0	0	0	0	0	0	13611451	
378	1	A	5	N	2500	0	40	384	190	47	22	39	0	0	0	0	0	0	0	0	0	0	0	0	13611482	
379	1	A	5	N	2500	0	1	188	114	21	11	20	0	0	0	0	0	0	0	0	0	0	0	0	13612059	
380	1	A	5	N	2500	0	1	214	157	46	20	31	0	0	0	0	0	0	0	0	0	0	0	0	13612153	
381	1	A	5	N	2500	0	40	352	170	45	20	38	0	0	0	0	0	0	0	0	0	0	0	0	13612169	
382	1	A	5	N	2500	0	1	203	142	43	18	32	0	0	0	0	0	0	0	0	0	0	0	0	13612184	
383	1	A	5	N	2500	0	1	355	128	25	14	27	0	0	0	0	0	0	0	0	0	0	0	0	13612278	
384	1	A	5	N	2500	0	2	324	145	33	18	29	0	0	0	0	0	0	0	0	0	0	0	0	13612309	
385	1	A	5	N	2500	0	40	350	187	45	22	39	0	0	0	0	0	0	0	0	0	0	0	0	13613307	
386	1	A	5	N	2500	0	40	290	183	40	22	37	0	0	0	0	0	0	0	0	0	0	0	0	13613323	
387	1	A	5	N	2500	0	40	320	160	44	19	33	0	0	0	0	0	0	0	0	0	0	0	0	13613495	
388	1	A	5	N	2500	0	40	197	191	49	25	44	0	0	0	0	0	0	0	0	0	0	0	0	13613853	
389	1	A	5	N	2500	0	1	194	155	39	20	31	0	0	0	0	0	0	0	0	0	0	0	0	13614165	
390	1	A	5	N	2500	0	1	224	130	26	13	22	0	0	0	0	0	0	0	0	0	0	0	0	13614181	
391	1	A	5	N	2500	0	1	80	37	7	3	6	0	0	0	0	0	0	0	0	0	0	0	0	13614368	
392	1	A	5	N	2500	0	1	245	106	20	10	18	0	0	0	0	0	0	0	0	0	0	0	0	13614431	
393	1	A	5	N	2500	0	2	334	156	34	18	29	0	0	0	0	0	0	0	0	0	0	0	0	13614680	
394	1	A	5	N	2500	0	1	234	163	42	20	35	0	0	0	0	0	0	0	0	0	0	0	0	13614805	
395	1	A	5	N	2500	0	40	457	211	51	25	45	0	0	0	0	0	0	0	0	0	0	0	0	13615133	
396	1	B	5	N	2500	2	1	257	160	39	18	30	0	0	0	0	0	0	0	0	0	0	0	0	13622901	
397	1	B	5	N	2500	2	1	308	130	28	14	24	0	0	0	0	0	0	0	0	0	0	0	0	13623510	
398	1	B	5	N	2500	2	2	349	147	32	16	28	0	0	0	0	0	0	0	0	0	0	0	0	13624243	
399	1	B	5	N	2500	6	40	360	176	40	20	35	0	0	0	0	0	0	0	0	0	0	0	0	13624337	
400	1	B	5	N	2500	6	40	279	189	51	25	39	0	0	0	0	0	0	0	0	0	0	0	0	13624586	
401	1	B	5	N	2500	2	2	318	142	34	15	26	0	0	0	0	0	0	0	0	0	0	0	0	13624914	
402	1	B	5	N	2500	2	2	317	155	35	17	25	0	0	0	0	0	0	0	0	0	0	0	0	13625741	
403	1	B	5	N	2500	6	40	291	182	46	24	40	0	0	0	0	0	0	0	0	0	0	0	0	13625943	
404	1	B	5	N	2500	0	40	332	152	40	17	36	0	0	0	0	0	0	0	0	0	0	0	0	13626567	
405	1	B	5	N	2500	0	1	247	134	37	15	29	0	0	0	0	0	0	0	0	0	0	0	0	13626661	
406	1	B	5	N	2500	0	40	179	199	46	25	41	0	0	0	0	0	0	0	0	0	0	0	0	13628003	
407	1	B	5	N	2500	0	40	195	198	51	27	45	0	0	0	0	0	0	0	0	0	0	0	0	13628081	
408	1	B	5	N	2500	0	40	361	165	40	18	33	0	0	0	0	0	0	0	0	0	0	0	0	13628393	
409	1	B	5	N	2500	0	2	336	141	32	13	26	0	0	0	0	0	0	0	0	0	0	0	0	13628720	
410	1	C	5	N	2500	6	40	340	155	37	18	34	0	0	0	0	0	0	0	0	0	0	0	0	13636177	
411	1	C	5	N	2500	2	1	244	108	22	10	17	0	0	0	0	0	0	0	0	0	0	0	0	13636832	
412	1	C	5	N	2500	6	40	320	148	38	17	30	0	0	0	0	0	0	0	0	0	0	0	0	13636910	
413	1	C	5	N	2500	6	40	356	153	36	17	29	0	0	0	0	0	0	0	0	0	0	0	0	13639110	
414	1	C	5	N	2500	0	2	320	146	34	15	27	0	0	0	0	0	0	0	0	0	0	0	0	13639172	
415	1	C	5	N	2500	0	2	317	144	32	16	28	0	0	0	0	0	0	0	0	0	0	0	0	13639609	
416	1	C	5	N	2500	0	40	314	183	53	28	41	0	0	0	0	0	0	0	0	0	0	0	0	13639968	
417	1	C	5	N	2500	0	1	187	109	22	13	28	0	0	0	0	0	0	0	0	0	0	0	0	13640061	
418	1	C	5	N	2500	0	40	232	187	46	22	37	0	0	0	0	0	0	0	0	0	0	0	0	13640233	
419	1	C	5	N	2500	0	1	229	119	22	12	21	0	0	0	0	0	0	0	0	0	0	0	0	13640264	
420	1	C	5	N	2500	0	2	318	138	26	14	26	0	0	0	0	0	0	0	0	0	0	0	0	13640748	
421	1	C	5	N	2500	0	1	311	137	27	14	25	0	0	0	0	0	0	0	0	0	0	0	0	13641356	
422	1	C	5	N	2500	0	40	308	171	39	21	32	0	0	0	0	0	0	0	0	0	0	0	0	13641434	
423	1	C	5	N	2500	0	1	275	129	35	18	30	0	0	0	0	0	0	0	0	0	0	0	0	13641450	
424	1	C	5	N	2500	0	40	259	188	48	24	39	0	0	0	0	0	0	0	0	0	0	0	0	13641450	
425	1	C	5	N	2500	0	1	315	131	30	12	26	0	0	0	0	0	0	0	0	0	0	0	0	13641871	
426	1	C	5	N	2500	0	1	315	130	31	13	26	0	0	0	0	0	0	0	0	0	0	0	0	13641965	
427	1	C	5	N	2500	0	40	390	196	47	23	40	0	0	0	0	0	0	0	0	0	0	0	0	13642417	
428	1	C	5	N	2500	0	1	196	171	38	21	32	0	0	0	0	0	0	0	0	0	0	0	0	13643462	
429	1	D	5	N	2500	2	1	81	103	24	0	1	0	0	0	0	0	0	0	0	0	0	0	0	13650279	
430	1	D	5	N	2500	6	40	368	172	45	19	30	0	0	0	0	0	0	0	0	0	0	0	0	13650357	
431	1	D	5	N	2500	6	40	346	169	41	21	32	0	0	0	0	0	0	0	0	0	0	0	0	13650404	
432	1	D	5	N	2500	6	40	373	195	48	25	45	0	0	0	0	0	0	0	0	0	0	0	0	13650513	
433	1	D	5	N	2500	0	2	339	148	33	16	26	0	0	0	0	0	0	0	0	0	0	0	0	13651247	
434	1	D	5	N	2500	0	40	304	174	43	21	36	0	0	0	0	0	0	0	0	0	0	0	0	13651574	
435	1	D	5	N	2500	0	40	247	193	44	26	42	0	0	0	0	0	0	0	0	0	0	0	0	13652822	
436	1	D	5	N	2500	0	40	403	207	54	25	43	0	0	0	0	0	0	0	0	0	0	0	0	13652978	
437	1	D	5	N	2500	0	40	429	210	55	27	51	0	0	0	0	0	0	0	0	0	0	0	0	13653228	
438	1	D	5	N	2500	0	1	247	142	39	21	34	0	0	0	0	0	0	0	0	0	0	0	0	13653353	
439	1	D	5	N	2500	0	1	183	137	33	16	28	0	0	0	0	0	0	0	0	0	0	0	0	13653571	
440	1	D	5	N	2500	0	40	323	210	59	26	47	0	0	0	0	0	0	0	0	0	0	0	0	13654991	
441	1	D	5	N	2500	0	1	229	172	42	22	35	0	0	0	0	0	0	0	0	0	0	0	0	13655178	
442	1	D	5	N	2500	0	2	343	162	35	17	31	0	0	0	0	0	0	0	0	0	0	0	0	13655708	
443	1	D	5	N	2500	0	40	318	158	46	21	34	0	0	0	0	0	0	0	0	0	0	0	0	13655802	
444	1	D	5	N	2500	0	40	358	179	53	22	38	0	0	0	0	0	0	0	0	0	0	0	0	13655911	
445	1	D	5	N	2500	0	1	186	149	37	18	30	0	0	0	0	0	0	0	0	0	0	0	0	13656145	
446	1	D	5	N	2500	0	40	363	171	44	20	36	0	0	0	0	0	0	0	0	0	0	0	0	13656800	
447	1	D	5	N	2500	0	1	223	173	49	22	37	0	0	0	0	0	0	0	0	0	0	0	0	13657159	
448	1	D	5	N	2500	0	1	81	32	23	14	16	0	0	0	0	0	0	0	0	0	0	0	0	13657471	
449	1	D	5	N	2500	0	40	393	183	47	24	37	0	0	0	0	0	0	0	0	0	0	0	0	13657471	
450	1	D	5	N	2500	0	40	439	203	43	21	39	0	0	0	0	0	0	0	0	0	0	0	0	13657783	
451	1	D	5	N	2500	0	40	319	187	49	27	47	0	0	0	0	0	0	0	0	0	0	0	0	13657845	
452	1	E	5	N	2500	6	40	443	228	59	27	49	0	0	0	0	0	0	0	0	0	0	0	0	13665021	
453	1	E	5	N	2500	6	40	277	203	53	25	40	0	0	0	0	0	0	0	0	0	0	0	0	13665864	
454	1	E	5	N	2500	6	40	285	191	54	24	40	0	0	0	0	0	0	0	0	0	0	0	0	13665973	
455	1	E	5	N	2500	0	40	343	182	43	24	36	0	0	0	0	0	0	0	0	0	0	0	0	13666831	
456	1	E	5	N	2500	0	1	205	144	43	20	33	0	0	0	0	0	0	0	0	0	0	0	0	13667767	
457	1	E	5	N	2500	0	40	350	168	40	19	35	0	0	0	0	0	0	0	0	0	0	0	0	13667923	
458	1	E	5	N	2500	0	2	325	139	29	16	27	0	0	0	0	0	0	0	0	0	0	0	0	13668344	
459	1	E	5	N	2500	0	40	236	176	48	23	42	0	0	0	0	0	0	0	0	0	0	0	0	13668688	
460	1	E	5	N	2500	0	2	328	145	30	15	27	0	0	0	0	0	0	0	0	0	0	0	0	13668953	
461	1	E	5	N	2500	0	1	177	148	37	18	35	0	0	0	0	0	0	0	0	0	0	0	0	13668968	
462	1	E	5	N	2500	0	2	319	152	34	18	31	0	0	0	0	0	0	0	0	0	0	0	0	13669140	
463	1	E	5	N	2500	0	2	367	156	32	16	27	0	0	0	0	0	0	0	0	0	0	0	0	13669624	
464	1	E	5	N	2500	0	1	227	152	39	20	38	0	0	0	0	0	0	0	0	0	0	0	0	13669998	
465	1	E	5	N	2500	0	1	183	111	23	13	19	0	0	0	0	0	0	0	0	0	0	0	0	13670154	
466	1	E	5	N	2500	0	40	342	159	44	18	33	0	0	0	0	0	0	0	0	0	0	0	0	13670263	
467	1	E	5	N	2500	0	1	203	143	35	15	24	0	0	0	0	0	0	0	0	0	0	0	0	13670279	
468	1	E	5	N	2500	0	40	342	158	37	18	33	0	0	0	0	0	0	0	0	0	0	0	0	13670513	
469	1	E	5	N	2500	0	1	288	140	37	17	30	0	0	0	0	0	0	0	0	0	0	0	0	13670934	
470	1	E	5	N	2500	0	40	341	182	43	21	33	0	0	0	0	0	0	0	0	0	0	0	0	13672057	
471	1	F	5	N	2500	2	1	249	162	45	20	38	0	0	0	0	0	0	0	0	0	0	0	0	13679514	
472	1	F	5	N	2500	6	40	434	210	55	24	42	0	0	0	0	0	0	0	0	0	0	0	0	13679732	
473	1	F	5	N	2500	2	1	57	11	12	7	7	0	0	0	0	0	0	0	0	0	0	0	0	13680013	
474	1	F	5	N	2500	6	40	255	192	51	23	42	0	0	0	0	0	0	0	0	0	0	0	0	13680091	
475	1	F	5	N	2500	2	1	210	135	42	17	32	0	0	0	0	0	0	0	0	0	0	0	0	13680216	
476	1	F	5	N	2500	2	1	282	120	22	12	24	0	0	0	0	0	0	0	0	0	0	0	0	13680762	
477	1	F	5	N	2500	2	2	327	146	32	16	26	0	0	0	0	0	0	0	0	0	0	0	0	13680902	
478	1	F	5	N	2500	6	40	497	232	54	25	39	0	0	0	0	0	0	0	0	0	0	0	0	13680934	
479	1	F	5	N	2500	0	40	344	187	46	25	38	0	0	0	0	0	0	0	0	0	0	0	0	13682400	
480	1	F	5	N	2500	0	40	379	196	50	24	41	0	0	0	0	0	0	0	0	0	0	0	0	13682556	
481	1	F	5	N	2500	0	2	309	145	28	16	28	0	0	0	0	0	0	0	0	0	0	0	0	13682790	
482	1	F	5	N	2500	0	2	336	153	34	17	26	0	0	0	0	0	0	0	0	0	0	0	0	13683648	
483	1	F	5	N	2500	0	40	390	192	48	24	44	0	0	0	0	0	0	0	0	0	0	0	0	13684085	
484	1	F	5	N	2500	0	2	308	149	35	18	26	0	0	0	0	0	0	0	0	0	0	0	0	13685582	
485	1	G	5	N	2500	2	1	194	172	42	20	0	0	0	0	0	0	0	0	0	0	0	0	0	13692930	
486	1	G	5	N	2500	6	40	402	176	38	20	35	0	0	0	0	0	0	0	0	0	0	0	0	13696237	
487	1	G	5	N	2500	2	1	58	35	7	0	2	0	0	0	0	0	0	0	0	0	0	0	0	13696721	
488	1	G	5	N	2500	2	1	191	136	32	18	30	0	0	0	0	0	0	0	0	0	0	0	0	13696877	
489	1	G	5	N	2500	6	40	395	190	43	21	37	0	0	0	0	0	0	0	0	0	0	0	0	13696924	
490	1	G	5	N	2500	6	40	279	169	43	21	42	0	0	0	0	0	0	0	0	0	0	0	0	13697220	
491	1	G	5	N	2500	0	40	285	201	49	23	40	0	0	0	0	0	0	0	0	0	0	0	0	13697345	
492	1	G	5	N	2500	0	2	352	141	32	15	27	0	0	0	0	0	0	0	0	0	0	0	0	13697563	
493	1	G	5	N	2500	0	40	277	173	41	21	37	0	0	0	0	0	0	0	0	0	0	0	0	13697735	
494	1	G	5	N	2500	0	40	323	147	39	16	29	0	0	0	0	0	0	0	0	0	0	0	0	13698094	
495	1	G	5	N	2500	0	1	289	114	29	11	21	0	0	0	0	0	0	0	0	0	0	0	0	13698094	
496	1	G	5	N	2500	0	40	271	213	58	26	43	0	0	0	0	0	0	0	0	0	0	0	0	13698140	
497	1	G	5	N	2500	0	40	380	191	45	23	40	0	0	0	0	0	0	0	0	0	0	0	0	13698172	
498	1	G	5	N	2500	0	1	157	140	36	17	34	0	0	0	0	0	0	0	0	0	0	0	0	13698936	
499	1	G	5	N	2500	0	40	303	200	44	23	38	0	0	0	0	0	0	0	0	0	0	0	0	13699451	
500	1	G	5	N	2500	0	40	260	160	46	24	39	0	0	0	0	0	0	0	0	0	0	0	0	13699700	
501	1	G	5	N	2500	0	40	329	178	47	21	36	0	0	0	0	0	0	0	0	0	0	0	0	13699716	
502	1	G	5	N	2500	0	40	282	175	46	23	37	0	0	0	0	0	0	0	0	0	0	0	0	13699810	
503	1	G	5	N	2500	0	1	54	12	0	0	0	0	0	0	0	0	0	0	0	0	0	0	0	13700044	
504	1	H	5	N	2500	2	1	267	143	32	15	25	0	0	0	0	0	0	0	0	0	0	0	0	13714552	
505	1	A	6	N	2500	2	1	175	162	45	20	34	0	0	0	0	0	0	0	0	0	0	0	0	13723412	
506	1	A	6	N	2500	6	40	386	161	49	25	44	0	0	0	0	0	0	0	0	0	0	0	0	13723444	
507	1	A	6	N	2500	2	1	192	108	29	15	25	0	0	0	0	0	0	0	0	0	0	0	0	13724785	
508	1	A	6	N	2500	2	1	300	118	27	15	26	0	0	0	0	0	0	0	0	0	0	0	0	13725347	
509	1	A	6	N	2500	2	1	224	133	34	16	28	0	0	0	0	0	0	0	0	0	0	0	0	13725378	
510	1	A	6	N	2500	2	2	346	128	29	13	24	0	0	0	0	0	0	0	0	0	0	0	0	13726267	
511	1	A	6	N	2500	2	1	192	156	36	19	32	0	0	0	0	0	0	0	0	0	0	0	0	13727219	
512	1	A	6	N	2500	2	1	225	155	36	17	31	0	0	0	0	0	0	0	0	0	0	0	0	13727484	
513	1	A	6	N	2500	2	1	247	144	38	17	32	0	0	0	0	0	0	0	0	0	0	0	0	13727671	
514	1	A	6	N	2500	2	1	221	122	29	13	22	0	0	0	0	0	0	0	0	0	0	0	0	13727890	
515	1	A	6	N	2500	2	1	307	133	27	14	26	0	0	0	0	0	0	0	0	0	0	0	0	13730089	
516	1	B	6	N	2500	6	40	283	162	44	20	36	0	0	0	0	0	0	0	0	0	0	0	0	13738123	
517	1	B	6	N	2500	2	1	320	128	25	14	24	0	0	0	0	0	0	0	0	0	0	0	0	13738747	
518	1	B	6	N	2500	2	1	204	139	30	15	24	0	0	0	0	0	0	0	0	0	0	0	0	13739652	
519	1	B	6	N	2500	6	40	267	193	58	25	41	0	0	0	0	0	0	0	0	0	0	0	0	13739730	
520	1	B	6	N	2500	2	2	376	166	33	16	30	0	0	0	0	0	0	0	0	0	0	0	0	13739855	
521	1	B	6	N	2500	2	1	198	164	44	21	37	0	0	0	0	0	0	0	0	0	0	0	0	13740494	
522	1	B	6	N	2500	6	40	359	175	39	19	30	0	0	0	0	0	0	0	0	0	0	0	0	13741243	
523	1	B	6	N	2500	0	1	143	97	15	10	18	0	0	0	0	0	0	0	0	0	0	0	0	13741462	
524	1	B	6	N	2500	0	1	211	117	25	13	21	0	0	0	0	0	0	0	0	0	0	0	0	13742522	
525	1	B	6	N	2500	0	40	352	172	39	20	37	0	0	0	0	0	0	0	0	0	0	0	0	13742912	
526	1	B	6	N	2500	0	1	230	152	36	18	32	0	0	0	0	0	0	0	0	0	0	0	0	13743630	
527	1	B	6	N	2500	0	2	319	142	27	15	30	0	0	0	0	0	0	0	0	0	0	0	0	13743724	
528	1	B	6	N	2500	0	40	384	169	37	18	34	0	0	0	0	0	0	0	0	0	0	0	0	13744192	
529	1	B	6	N	2500	0	40	365	190	46	22	39	0	0	0	0	0	0	0	0	0	0	0	0	13744457	
530	1	B	6	N	2500	0	40	353	180	57	24	39	0	0	0	0	0	0	0	0	0	0	0	0	13744660	
531	1	C	6	N	2500	6	40	456	209	54	25	48	0	0	0	0	0	0	0	0	0	0	0	0	13753832	
532	1	C	6	N	2500	6	40	339	175	42	19	35	0	0	0	0	0	0	0	0	0	0	0	0	13755424	
533	1	C	6	N	2500	2	1	77	17	4	1	6	0	0	0	0	0	0	0	0	0	0	0	0	13755642	
534	1	C	6	N	2500	2	1	89	18	8	7	20	0	0	0	0	0	0	0	0	0	0	0	0	13755658	
535	1	C	6	N	2500	6	40	262	197	49	24	45	0	0	0	0	0	0	0	0	0	0	0	0	13757280	
536	1	C	6	N	2500	0	1	221	169	48	21	33	0	0	0	0	0	0	0	0	0	0	0	0	13758013	
537	1	C	6	N	2500	0	40	382	162	38	18	27	0	0	0	0	0	0	0	0	0	0	0	0	13758029	
538	1	C	6	N	2500	0	1	142	141	37	24	48	0	0	0	0	0	0	0	0	0	0	0	0	13758060	
539	1	C	6	N	2500	0	2	319	153	34	16	30	0	0	0	0	0	0	0	0	0	0	0	0	13758918	
540	1	D	6	N	2500	2	1	286	111	25	15	27	0	0	0	0	0	0	0	0	0	0	0	0	13768528	
541	1	D	6	N	2500	9	1	196	72	13	7	11	0	0	0	0	0	0	0	0	0	0	0	0	13768559	
542	1	D	6	N	2500	2	1	288	105	18	12	20	0	0	0	0	0	0	0	0	0	0	0	0	13769074	
543	1	D	6	N	2500	2	1	228	133	30	15	24	0	0	0	0	0	0	0	0	0	0	0	0	13771757	
544	1	D	6	N	2500	2	1	212	117	23	12	17	0	0	0	0	0	0	0	0	0	0	0	0	13772272	
545	1	D	6	N	2500	2	1	301	115	26	11	20	0	0	0	0	0	0	0	0	0	0	0	0	13773114	
546	1	D	6	N	2500	6	40	316	173	44	20	30	0	0	0	0	0	0	0	0	0	0	0	0	13773223	
547	1	E	6	N	2500	6	40	234	173	45	23	35	0	0	0	0	0	0	0	0	0	0	0	0	13780555	
548	1	E	6	N	2500	2	2	282	160	35	18	34	0	0	0	0	0	0	0	0	0	0	0	0	13785953	
549	1	E	6	N	2500	2	2	342	134	33	14	26	0	0	0	0	0	0	0	0	0	0	0	0	13786577	
550	1	E	6	N	2500	6	40	421	182	43	20	31	0	0	0	0	0	0	0	0	0	0	0	0	13787763	
551	1	F	6	N	2500	2	1	176	146	31	16	25	0	0	0	0	0	0	0	0	0	0	0	0	13797949	
552	1	F	6	N	2500	2	1	315	121	26	13	22	0	0	0	0	0	0	0	0	0	0	0	0	13798183	
553	1	F	6	N	2500	2	1	222	55	24	7	21	0	0	0	0	0	0	0	0	0	0	0	0	13800820	
554	1	G	6	N	2500	6	40	432	214	51	25	48	0	0	0	0	0	0	0	0	0	0	0	0	13811631	
555	1	G	6	N	2500	2	2	320	148	31	17	28	0	0	0	0	0	0	0	0	0	0	0	0	13814080	
556	1	G	6	N	2500	6	40	450	177	39	19	36	0	0	0	0	0	0	0	0	0	0	0	0	13817059	
557	1	G	6	N	2500	2	1	94	23	4	2	4	0	0	0	0	0	0	0	0	0	0	0	0	13817137	
558	1	G	6	N	2500	33	1	290	145	33	17	28	0	0	0	0	0	0	0	0	0	0	0	0	13817137	
559	1	H	6	N	2500	2	1	51	30	28	26	67	0	0	0	0	0	0	0	0	0	0	0	0	13825171	
560	1	H	6	N	2500	2	1	51	29	15	9	23	0	0	0	0	0	0	0	0	0	0	0	0	13829071	
561	1	A	7	N	2500	2	1	192	132	32	15	25	0	0	0	0	0	0	0	0	0	0	0	0	13841926	
562	1	A	7	N	2500	2	1	157	111	21	11	20	0	0	0	0	0	0	0	0	0	0	0	0	13842503	
563	1	A	7	N	2500	2	2	324	138	32	17	34	0	0	0	0	0	0	0	0	0	0	0	0	13842846	
564	1	A	7	N	2500	2	1	184	120	27	15	26	0	0	0	0	0	0	0	0	0	0	0	0	13843189	
565	1	A	7	N	2500	2	2	308	155	32	16	34	0	0	0	0	0	0	0	0	0	0	0	0	13843330	
566	1	A	7	N	2500	2	1	255	102	18	11	21	0	0	0	0	0	0	0	0	0	0	0	0	13843408	
567	1	A	7	N	2500	2	1	280	104	23	12	19	0	0	0	0	0	0	0	0	0	0	0	0	13843517	
568	1	A	7	N	2500	2	1	268	110	20	12	21	0	0	0	0	0	0	0	0	0	0	0	0	13843657	
569	1	A	7	N	2500	2	1	138	76	13	6	13	0	0	0	0	0	0	0	0	0	0	0	0	13844063	
570	1	A	7	N	2500	2	1	235	83	15	10	19	0	0	0	0	0	0	0	0	0	0	0	0	13844640	
571	1	A	7	N	2500	2	1	267	135	24	15	29	0	0	0	0	0	0	0	0	0	0	0	0	13844781	
572	1	A	7	N	2500	2	1	160	111	27	12	20	0	0	0	0	0	0	0	0	0	0	0	0	13845358	
573	1	A	7	N	2500	2	2	317	138	31	14	26	0	0	0	0	0	0	0	0	0	0	0	0	13846091	
574	1	A	7	N	2500	2	1	209	152	38	17	32	0	0	0	0	0	0	0	0	0	0	0	0	13846434	
575	1	A	7	N	2500	2	1	299	120	24	12	23	0	0	0	0	0	0	0	0	0	0	0	0	13846949	
576	1	A	7	N	2500	2	1	294	131	32	14	25	0	0	0	0	0	0	0	0	0	0	0	0	13847152	
577	1	B	7	N	2500	2	1	235	93	16	10	18	0	0	0	0	0	0	0	0	0	0	0	0	13856215	
578	1	B	7	N	2500	2	1	187	108	25	12	22	0	0	0	0	0	0	0	0	0	0	0	0	13856496	
579	1	B	7	N	2500	2	1	216	130	25	14	23	0	0	0	0	0	0	0	0	0	0	0	0	13856949	
580	1	B	7	N	2500	2	1	57	19	11	0	1	0	0	0	0	0	0	0	0	0	0	0	0	13856995	
581	1	B	7	N	2500	2	1	292	129	27	14	26	0	0	0	0	0	0	0	0	0	0	0	0	13857978	
582	1	B	7	N	2500	2	1	157	93	18	13	20	0	0	0	0	0	0	0	0	0	0	0	0	13858571	
583	1	B	7	N	2500	2	1	183	101	25	12	25	0	0	0	0	0	0	0	0	0	0	0	0	13858633	
584	1	B	7	N	2500	2	2	348	147	32	16	30	0	0	0	0	0	0	0	0	0	0	0	0	13858930	
585	1	B	7	N	2500	2	1	226	86	20	11	21	0	0	0	0	0	0	0	0	0	0	0	0	13859211	
586	1	B	7	N	2500	2	1	174	98	22	12	20	0	0	0	0	0	0	0	0	0	0	0	0	13859257	
587	1	B	7	N	2500	2	1	180	109	24	13	23	0	0	0	0	0	0	0	0	0	0	0	0	13859632	
588	1	B	7	N	2500	2	1	231	86	15	10	22	0	0	0	0	0	0	0	0	0	0	0	0	13860084	
589	1	B	7	N	2500	2	1	133	84	18	10	21	0	0	0	0	0	0	0	0	0	0	0	0	13860256	
590	1	B	7	N	2500	2	1	213	124	33	17	27	0	0	0	0	0	0	0	0	0	0	0	0	13860693	
591	1	B	7	N	2500	2	1	292	137	30	16	30	0	0	0	0	0	0	0	0	0	0	0	0	13860802	
592	1	B	7	N	2500	2	1	229	80	16	10	19	0	0	0	0	0	0	0	0	0	0	0	0	13860849	
593	1	C	7	N	2500	2	1	257	104	20	12	26	0	0	0	0	0	0	0	0	0	0	0	0	13869663	
594	1	C	7	N	2500	2	1	271	106	23	10	20	0	0	0	0	0	0	0	0	0	0	0	0	13872814	
595	1	C	7	N	2500	2	1	219	116	26	13	23	0	0	0	0	0	0	0	0	0	0	0	0	13873750	
596	1	C	7	N	2500	2	1	280	103	17	11	21	0	0	0	0	0	0	0	0	0	0	0	0	13874452	
597	1	C	7	N	2500	2	1	202	108	23	13	24	0	0	0	0	0	0	0	0	0	0	0	0	13874889	
598	1	D	7	N	2500	2	1	268	118	27	12	22	0	0	0	0	0	0	0	0	0	0	0	0	13884295	
599	1	D	7	N	2500	2	1	158	155	44	19	37	0	0	0	0	0	0	0	0	0	0	0	0	13885060	
600	1	D	7	N	2500	2	1	269	136	37	15	29	0	0	0	0	0	0	0	0	0	0	0	0	13888133	
601	1	D	7	N	2500	2	1	137	99	21	16	24	0	0	0	0	0	0	0	0	0	0	0	0	13888367	
602	1	D	7	N	2500	2	1	239	95	17	11	22	0	0	0	0	0	0	0	0	0	0	0	0	13889303	
603	1	D	7	N	2500	2	1	228	130	29	15	29	0	0	0	0	0	0	0	0	0	0	0	0	13889350	
604	1	D	7	N	2500	2	1	223	112	28	14	24	0	0	0	0	0	0	0	0	0	0	0	0	13889412	
605	1	D	7	N	2500	2	1	109	78	17	10	14	0	0	0	0	0	0	0	0	0	0	0	0	13889724	
606	1	D	7	N	2500	2	1	299	138	32	16	29	0	0	0	0	0	0	0	0	0	0	0	0	13889989	
607	1	E	7	N	2500	2	1	102	78	23	15	28	0	0	0	0	0	0	0	0	0	0	0	0	13899162	
608	1	E	7	N	2500	2	1	114	75	15	10	19	0	0	0	0	0	0	0	0	0	0	0	0	13901112	
609	1	E	7	N	2500	2	1	158	91	17	12	24	0	0	0	0	0	0	0	0	0	0	0	0	13901424	
610	1	E	7	N	2500	2	1	143	93	20	12	19	0	0	0	0	0	0	0	0	0	0	0	0	13901440	
611	1	E	7	N	2500	2	1	276	98	18	12	23	0	0	0	0	0	0	0	0	0	0	0	0	13901627	
612	1	E	7	N	2500	2	1	245	106	23	12	18	0	0	0	0	0	0	0	0	0	0	0	0	13901690	
613	1	E	7	N	2500	2	1	128	84	14	8	15	0	0	0	0	0	0	0	0	0	0	0	0	13902891	
614	1	E	7	N	2500	2	1	255	95	16	9	20	0	0	0	0	0	0	0	0	0	0	0	0	13903468	
615	1	E	7	N	2500	2	1	177	130	27	13	21	0	0	0	0	0	0	0	0	0	0	0	0	13903952	
616	1	E	7	N	2500	2	1	124	70	20	11	17	0	0	0	0	0	0	0	0	0	0	0	0	13905168	
617	1	E	7	N	2500	2	2	325	143	30	15	27	0	0	0	0	0	0	0	0	0	0	0	0	13905449	
618	1	E	7	N	2500	2	1	219	83	14	8	13	0	0	0	0	0	0	0	0	0	0	0	0	13906260	
619	1	F	7	N	2500	2	1	248	97	20	10	20	0	0	0	0	0	0	0	0	0	0	0	0	13914326	
620	1	F	7	N	2500	2	1	204	77	14	11	20	0	0	0	0	0	0	0	0	0	0	0	0	13914544	
621	1	F	7	N	2500	2	1	220	65	12	6	13	0	0	0	0	0	0	0	0	0	0	0	0	13914778	
622	1	F	7	N	2500	2	1	249	144	34	16	28	0	0	0	0	0	0	0	0	0	0	0	0	13916478	
623	1	F	7	N	2500	2	1	182	133	27	15	28	0	0	0	0	0	0	0	0	0	0	0	0	13916868	
624	1	F	7	N	2500	2	1	175	104	21	10	19	0	0	0	0	0	0	0	0	0	0	0	0	13917227	
625	1	F	7	N	2500	2	1	131	80	15	9	18	0	0	0	0	0	0	0	0	0	0	0	0	13918163	
626	1	F	7	N	2500	2	1	171	107	26	15	28	0	0	0	0	0	0	0	0	0	0	0	0	13918538	
627	1	F	7	N	2500	2	1	236	93	19	13	23	0	0	0	0	0	0	0	0	0	0	0	0	13920051	
628	1	F	7	N	2500	2	1	132	110	20	11	20	0	0	0	0	0	0	0	0	0	0	0	0	13920659	
629	1	F	7	N	2500	2	1	261	106	26	11	21	0	0	0	0	0	0	0	0	0	0	0	0	13920768	
630	1	G	7	N	2500	2	1	66	26	12	4	6	0	0	0	0	0	0	0	0	0	0	0	0	13928490	
631	1	G	7	N	2500	2	1	190	70	13	9	21	0	0	0	0	0	0	0	0	0	0	0	0	13929146	
632	1	G	7	N	2500	2	1	139	107	26	14	27	0	0	0	0	0	0	0	0	0	0	0	0	13930518	
633	1	G	7	N	2500	2	1	221	82	15	10	20	0	0	0	0	0	0	0	0	0	0	0	0	13930924	
634	1	G	7	N	2500	2	1	255	93	20	12	22	0	0	0	0	0	0	0	0	0	0	0	0	13931189	
635	1	G	7	N	2500	2	1	210	121	24	14	28	0	0	0	0	0	0	0	0	0	0	0	0	13931532	
636	1	G	7	N	2500	2	1	179	127	34	16	31	0	0	0	0	0	0	0	0	0	0	0	0	13932032	
637	1	G	7	N	2500	2	1	270	135	26	15	24	0	0	0	0	0	0	0	0	0	0	0	0	13932858	
638	1	G	7	N	2500	2	1	358	120	25	12	23	0	0	0	0	0	0	0	0	0	0	0	0	13933373	
639	1	G	7	N	2500	2	1	145	88	16	10	20	0	0	0	0	0	0	0	0	0	0	0	0	13933888	
640	1	G	7	N	2500	2	1	59	11	5	2	3	0	0	0	0	0	0	0	0	0	0	0	0	13934044	
641	1	G	7	N	2500	2	1	52	10	4	3	8	0	0	0	0	0	0	0	0	0	0	0	0	13934216	
642	1	G	7	N	2500	2	1	258	98	17	10	16	0	0	0	0	0	0	0	0	0	0	0	0	13934294	
643	1	G	7	N	2500	2	1	290	124	23	13	26	0	0	0	0	0	0	0	0	0	0	0	0	13934871	
644	1	G	7	N	2500	2	1	108	22	5	3	6	0	0	0	0	0	0	0	0	0	0	0	0	13935167	
645	1	G	7	N	2500	2	1	318	130	25	13	29	0	0	0	0	0	0	0	0	0	0	0	0	13935432	
646	1	H	7	N	2500	2	1	54	16	8	4	7	0	0	0	0	0	0	0	0	0	0	0	0	13943513	
647	1	A	8	N	2500	6	40	325	145	36	16	31	0	0	0	0	0	0	0	0	0	0	0	0	13959971	
648	1	A	8	N	2500	6	40	368	186	50	21	39	0	0	0	0	0	0	0	0	0	0	0	0	13961001	
649	1	A	8	N	2500	2	1	304	122	25	12	22	0	0	0	0	0	0	0	0	0	0	0	0	13961094	
650	1	A	8	N	2500	2	1	206	110	19	10	22	0	0	0	0	0	0	0	0	0	0	0	0	13961250	
651	1	A	8	N	2500	6	40	293	201	55	28	45	0	0	0	0	0	0	0	0	0	0	0	0	13961890	
652	1	A	8	N	2500	0	40	382	169	42	18	34	0	0	0	0	0	0	0	0	0	0	0	0	13961952	
653	1	A	8	N	2500	0	40	321	174	42	20	43	0	0	0	0	0	0	0	0	0	0	0	0	13962218	
654	1	A	8	N	2500	0	1	170	48	7	4	8	0	0	0	0	0	0	0	0	0	0	0	0	13962654	
655	1	A	8	N	2500	0	1	169	107	28	13	24	0	0	0	0	0	0	0	0	0	0	0	0	13963278	
656	1	A	8	N	2500	0	1	207	152	32	17	25	0	0	0	0	0	0	0	0	0	0	0	0	13963294	
657	1	A	8	N	2500	0	40	382	187	59	23	37	0	0	0	0	0	0	0	0	0	0	0	0	13963871	
658	1	A	8	N	2500	0	40	347	167	40	18	36	0	0	0	0	0	0	0	0	0	0	0	0	13964121	
659	1	A	8	N	2500	0	40	302	177	45	23	39	0	0	0	0	0	0	0	0	0	0	0	0	13964682	
660	1	A	8	N	2500	0	1	212	156	40	19	31	0	0	0	0	0	0	0	0	0	0	0	0	13965150	
661	1	B	8	N	2500	2	2	304	142	32	16	27	0	0	0	0	0	0	0	0	0	0	0	0	13974027	
662	1	B	8	N	2500	2	1	118	48	26	15	20	0	0	0	0	0	0	0	0	0	0	0	0	13974620	
663	1	B	8	N	2500	6	40	358	165	39	21	39	0	0	0	0	0	0	0	0	0	0	0	0	13974791	
664	1	B	8	N	2500	6	40	394	186	50	23	41	0	0	0	0	0	0	0	0	0	0	0	0	13975696	
665	1	B	8	N	2500	2	1	187	146	33	20	29	0	0	0	0	0	0	0	0	0	0	0	0	13976148	
666	1	B	8	N	2500	2	1	317	128	27	14	27	0	0	0	0	0	0	0	0	0	0	0	0	13976991	
667	1	B	8	N	2500	2	1	201	155	44	19	33	0	0	0	0	0	0	0	0	0	0	0	0	13977693	
668	1	B	8	N	2500	6	40	275	161	43	21	35	0	0	0	0	0	0	0	0	0	0	0	0	13978052	
669	1	B	8	N	2500	0	1	221	169	38	21	38	0	0	0	0	0	0	0	0	0	0	0	0	13978130	
670	1	B	8	N	2500	0	40	333	215	58	29	47	0	0	0	0	0	0	0	0	0	0	0	0	13978145	
671	1	B	8	N	2500	0	1	241	163	46	20	33	0	0	0	0	0	0	0	0	0	0	0	0	13978738	
672	1	B	8	N	2500	0	40	453	217	56	25	46	0	0	0	0	0	0	0	0	0	0	0	0	13979034	
673	1	C	8	N	2500	2	2	325	153	32	15	27	0	0	0	0	0	0	0	0	0	0	0	0	13987599	
674	1	C	8	N	2500	2	1	313	101	17	9	19	0	0	0	0	0	0	0	0	0	0	0	0	13988987	
675	1	C	8	N	2500	6	40	341	167	38	19	34	0	0	0	0	0	0	0	0	0	0	0	0	13989221	
676	1	C	8	N	2500	6	40	326	156	39	17	30	0	0	0	0	0	0	0	0	0	0	0	0	13989299	
677	1	C	8	N	2500	6	40	316	215	54	32	51	0	0	0	0	0	0	0	0	0	0	0	0	13989362	
678	1	C	8	N	2500	0	40	358	175	41	20	35	0	0	0	0	0	0	0	0	0	0	0	0	13989440	
679	1	C	8	N	2500	0	1	226	165	35	19	29	0	0	0	0	0	0	0	0	0	0	0	0	13990110	
680	1	C	8	N	2500	0	1	502	174	59	21	33	0	0	0	0	0	0	0	0	0	0	0	0	13990532	
681	1	C	8	N	2500	0	40	350	169	46	19	38	0	0	0	0	0	0	0	0	0	0	0	0	13990937	
682	1	C	8	N	2500	0	1	302	107	20	12	27	0	0	0	0	0	0	0	0	0	0	0	0	13991156	
683	1	C	8	N	2500	0	40	434	208	63	29	52	0	0	0	0	0	0	0	0	0	0	0	0	13991592	
684	1	C	8	N	2500	0	2	328	146	29	15	26	0	0	0	0	0	0	0	0	0	0	0	0	13992170	
685	1	C	8	N	2500	0	2	344	153	35	18	31	0	0	0	0	0	0	0	0	0	0	0	0	13992216	
686	1	C	8	N	2500	0	40	301	189	43	24	40	0	0	0	0	0	0	0	0	0	0	0	0	13992513	
687	1	C	8	N	2500	0	40	277	180	51	24	40	0	0	0	0	0	0	0	0	0	0	0	0	13993090	
688	1	C	8	N	2500	0	40	379	190	52	23	41	0	0	0	0	0	0	0	0	0	0	0	0	13993652	
689	1	D	8	N	2500	2	1	61	37	10	0	1	0	0	0	0	0	0	0	0	0	0	0	0	14001639	
690	1	D	8	N	2500	6	40	398	202	47	27	47	0	0	0	0	0	0	0	0	0	0	0	0	14001935	
691	1	D	8	N	2500	6	40	252	176	55	25	41	0	0	0	0	0	0	0	0	0	0	0	0	14002263	
692	1	D	8	N	2500	2	1	53	13	9	5	6	0	0	0	0	0	0	0	0	0	0	0	0	14002434	
693	1	D	8	N	2500	2	1	59	14	9	5	4	0	0	0	0	0	0	0	0	0	0	0	0	14002434	
694	1	D	8	N	2500	6	40	382	176	53	21	37	0	0	0	0	0	0	0	0	0	0	0	0	14003105	
695	1	D	8	N	2500	0	1	117	26	18	9	14	0	0	0	0	0	0	0	0	0	0	0	0	14003199	
696	1	D	8	N	2500	0	40	346	174	43	20	35	0	0	0	0	0	0	0	0	0	0	0	0	14003355	
697	1	D	8	N	2500	0	40	372	195	51	25	41	0	0	0	0	0	0	0	0	0	0	0	0	14003729	
698	1	D	8	N	2500	0	40	349	177	41	20	36	0	0	0	0	0	0	0	0	0	0	0	0	14004041	
699	1	D	8	N	2500	0	1	255	89	18	11	20	0	0	0	0	0	0	0	0	0	0	0	0	14005040	
700	1	D	8	N	2500	0	2	313	153	34	17	28	0	0	0	0	0	0	0	0	0	0	0	0	14005866	
701	1	D	8	N	2500	0	40	358	178	44	20	35	0	0	0	0	0	0	0	0	0	0	0	0	14006194	
702	1	D	8	N	2500	0	40	272	190	46	22	43	0	0	0	0	0	0	0	0	0	0	0	0	14006444	
703	1	D	8	N	2500	0	2	340	158	35	18	30	0	0	0	0	0	0	0	0	0	0	0	0	14006896	
704	1	D	8	N	2500	0	1	232	146	30	15	27	0	0	0	0	0	0	0	0	0	0	0	0	14007099	
705	1	D	8	N	2500	0	40	358	181	40	21	33	0	0	0	0	0	0	0	0	0	0	0	0	14007567	
706	1	D	8	N	2500	0	40	380	195	48	23	41	0	0	0	0	0	0	0	0	0	0	0	0	14008363	
707	1	D	8	N	2500	0	1	198	168	49	22	35	0	0	0	0	0	0	0	0	0	0	0	0	14008597	
708	1	E	8	N	2500	2	1	57	43	11	0	2	0	0	0	0	0	0	0	0	0	0	0	0	14015819	
709	1	E	8	N	2500	6	40	401	185	46	24	40	0	0	0	0	0	0	0	0	0	0	0	0	14016662	
710	1	E	8	N	2500	2	1	225	159	40	20	32	0	0	0	0	0	0	0	0	0	0	0	0	14016911	
711	1	E	8	N	2500	6	40	249	183	51	25	43	0	0	0	0	0	0	0	0	0	0	0	0	14017738	
712	1	E	8	N	2500	6	40	352	192	44	22	38	0	0	0	0	0	0	0	0	0	0	0	0	14017941	
713	1	E	8	N	2500	0	40	345	164	43	19	34	0	0	0	0	0	0	0	0	0	0	0	0	14018003	
714	1	E	8	N	2500	0	40	338	195	53	27	48	0	0	0	0	0	0	0	0	0	0	0	0	14018315	
715	1	E	8	N	2500	0	40	306	182	56	27	50	0	0	0	0	0	0	0	0	0	0	0	0	14018331	
716	1	E	8	N	2500	0	40	360	181	45	21	39	0	0	0	0	0	0	0	0	0	0	0	0	14019127	
717	1	E	8	N	2500	0	40	401	177	54	24	37	0	0	0	0	0	0	0	0	0	0	0	0	14019548	
718	1	E	8	N	2500	0	40	490	255	61	29	56	0	0	0	0	0	0	0	0	0	0	0	0	14019844	
719	1	E	8	N	2500	0	40	243	202	56	26	46	0	0	0	0	0	0	0	0	0	0	0	0	14019907	
720	1	E	8	N	2500	0	40	334	173	46	22	40	0	0	0	0	0	0	0	0	0	0	0	0	14020343	
721	1	E	8	N	2500	0	1	214	129	31	15	23	0	0	0	0	0	0	0	0	0	0	0	0	14020609	
722	1	E	8	N	2500	0	40	388	206	57	25	45	0	0	0	0	0	0	0	0	0	0	0	0	14020765	
723	1	E	8	N	2500	0	40	329	172	48	21	35	0	0	0	0	0	0	0	0	0	0	0	0	14021903	
724	1	F	8	N	2500	6	40	346	170	42	22	36	0	0	0	0	0	0	0	0	0	0	0	0	14030015	
725	1	F	8	N	2500	2	2	316	141	32	17	32	0	0	0	0	0	0	0	0	0	0	0	0	14030608	
726	1	F	8	N	2500	2	1	54	11	4	1	3	0	0	0	0	0	0	0	0	0	0	0	0	14033151	
727	1	F	8	N	2500	2	1	60	12	4	1	2	0	0	0	0	0	0	0	0	0	0	0	0	14033151	
728	1	F	8	N	2500	2	1	166	123	26	15	25	0	0	0	0	0	0	0	0	0	0	0	0	14033713	
729	1	F	8	N	2500	6	40	373	214	53	29	46	0	0	0	0	0	0	0	0	0	0	0	0	14034196	
730	1	F	8	N	2500	6	40	356	166	36	18	33	0	0	0	0	0	0	0	0	0	0	0	0	14035101	
731	1	F	8	N	2500	0	40	427	231	60	29	53	0	0	0	0	0	0	0	0	0	0	0	0	14035288	
732	1	F	8	N	2500	0	2	315	143	31	15	26	0	0	0	0	0	0	0	0	0	0	0	0	14036240	
733	1	F	8	N	2500	0	40	325	164	39	20	32	0	0	0	0	0	0	0	0	0	0	0	0	14036552	
734	1	F	8	N	2500	0	40	306	218	57	27	48	0	0	0	0	0	0	0	0	0	0	0	0	14036942	
735	1	G	8	N	2500	6	40	337	167	42	20	34	0	0	0	0	0	0	0	0	0	0	0	0	14045475	
736	1	G	8	N	2500	2	1	235	157	37	21	35	0	0	0	0	0	0	0	0	0	0	0	0	14045803	
737	1	G	8	N	2500	6	40	371	185	45	21	36	0	0	0	0	0	0	0	0	0	0	0	0	14046567	
738	1	G	8	N	2500	2	1	247	154	46	21	33	0	0	0	0	0	0	0	0	0	0	0	0	14047955	
739	1	G	8	N	2500	2	1	212	136	34	16	30	0	0	0	0	0	0	0	0	0	0	0	0	14047971	
740	1	G	8	N	2500	6	40	250	168	44	21	38	0	0	0	0	0	0	0	0	0	0	0	0	14048252	
741	1	G	8	N	2500	0	40	282	178	46	22	35	0	0	0	0	0	0	0	0	0	0	0	0	14050420	
742	1	G	8	N	2500	0	1	265	108	22	14	23	0	0	0	0	0	0	0	0	0	0	0	0	14050857	
743	1	H	8	N	2500	2	1	55	20	10	0	1	0	0	0	0	0	0	0	0	0	0	0	0	14058579	
744	1	A	9	N	2500	2	2	333	143	32	15	28	0	0	0	0	0	0	0	0	0	0	0	0	14077159	
745	1	A	9	N	2500	2	1	297	127	27	13	24	0	0	0	0	0	0	0	0	0	0	0	0	14081012	
746	1	B	9	N	2500	6	40	280	173	43	21	33	0	0	0	0	0	0	0	0	0	0	0	0	14091370	
747	1	B	9	N	2500	2	1	186	112	23	11	21	0	0	0	0	0	0	0	0	0	0	0	0	14092400	
748	1	B	9	N	2500	2	2	328	148	33	18	31	0	0	0	0	0	0	0	0	0	0	0	0	14093164	
749	1	B	9	N	2500	6	40	487	229	49	26	44	0	0	0	0	0	0	0	0	0	0	0	0	14095286	
750	1	B	9	N	2500	2	1	209	175	45	24	42	0	0	0	0	0	0	0	0	0	0	0	0	14095535	
751	1	C	9	N	2500	2	1	164	147	37	19	33	0	0	0	0	0	0	0	0	0	0	0	0	14104256	
752	1	C	9	N	2500	2	1	60	32	10	11	29	0	0	0	0	0	0	0	0	0	0	0	0	14105473	
753	1	C	9	N	2500	2	1	146	97	20	12	20	0	0	0	0	0	0	0	0	0	0	0	0	14106627	
754	1	C	9	N	2500	6	40	292	171	40	19	37	0	0	0	0	0	0	0	0	0	0	0	0	14107095	
755	1	C	9	N	2500	2	1	189	126	30	15	29	0	0	0	0	0	0	0	0	0	0	0	0	14107376	
756	1	C	9	N	2500	2	2	363	135	30	14	27	0	0	0	0	0	0	0	0	0	0	0	0	14108031	
757	1	C	9	N	2500	6	40	414	199	43	23	41	0	0	0	0	0	0	0	0	0	0	0	0	14110090	
758	1	D	9	N	2500	2	1	286	106	26	12	23	0	0	0	0	0	0	0	0	0	0	0	0	14119747	
759	1	D	9	N	2500	6	40	347	178	45	22	37	0	0	0	0	0	0	0	0	0	0	0	0	14119981	
760	1	D	9	N	2500	6	40	393	173	36	20	32	0	0	0	0	0	0	0	0	0	0	0	0	14122758	
761	1	D	9	N	2500	6	40	474	203	51	25	45	0	0	0	0	0	0	0	0	0	0	0	0	14123600	
762	1	E	9	N	2500	2	2	333	149	32	16	30	0	0	0	0	0	0	0	0	0	0	0	0	14136080	
763	1	F	9	N	2500	2	1	124	28	16	10	11	0	0	0	0	0	0	0	0	0	0	0	0	14149137	
764	1	F	9	N	2500	6	40	270	180	42	22	38	0	0	0	0	0	0	0	0	0	0	0	0	14150869	
765	1	G	9	N	2500	2	1	73	48	18	17	42	0	0	0	0	0	0	0	0	0	0	0	0	14165985	
766	1	A	10	N	2500	2	1	314	135	26	14	20	0	0	0	0	0	0	0	0	0	0	0	0	14192022	
767	1	A	10	N	2500	6	40	375	185	47	23	39	0	0	0	0	0	0	0	0	0	0	0	0	14193316	
768	1	A	10	N	2500	2	1	253	163	41	20	30	0	0	0	0	0	0	0	0	0	0	0	0	14194455	
769	1	A	10	N	2500	2	1	160	97	17	9	17	0	0	0	0	0	0	0	0	0	0	0	0	14194876	
770	1	A	10	N	2500	6	40	242	198	43	21	32	0	0	0	0	0	0	0	0	0	0	0	0	14195048	
771	1	A	10	N	2500	6	40	348	154	42	18	28	0	0	0	0	0	0	0	0	0	0	0	0	14195516	
772	1	A	10	N	2500	0	1	290	115	24	13	23	0	0	0	0	0	0	0	0	0	0	0	0	14195594	
773	1	A	10	N	2500	0	1	213	152	33	20	31	0	0	0	0	0	0	0	0	0	0	0	0	14196717	
774	1	A	10	N	2500	0	40	215	180	39	20	34	0	0	0	0	0	0	0	0	0	0	0	0	14196920	
775	1	A	10	N	2500	0	1	263	120	28	15	31	0	0	0	0	0	0	0	0	0	0	0	0	14197575	
776	1	A	10	N	2500	0	2	332	155	32	17	29	0	0	0	0	0	0	0	0	0	0	0	0	14197622	
777	1	A	10	N	2500	0	1	182	129	26	12	21	0	0	0	0	0	0	0	0	0	0	0	0	14198745	
778	1	B	10	N	2500	6	40	398	201	52	22	45	0	0	0	0	0	0	0	0	0	0	0	0	14205578	
779	1	B	10	N	2500	2	1	307	138	37	16	26	0	0	0	0	0	0	0	0	0	0	0	0	14205890	
780	1	B	10	N	2500	6	40	331	183	43	22	39	0	0	0	0	0	0	0	0	0	0	0	0	14206748	
781	1	B	10	N	2500	2	1	291	129	28	12	23	0	0	0	0	0	0	0	0	0	0	0	0	14207310	
782	1	B	10	N	2500	2	1	51	12	7	0	0	0	0	0	0	0	0	0	0	0	0	0	0	14207653	
783	1	B	10	N	2500	6	40	404	203	51	28	49	0	0	0	0	0	0	0	0	0	0	0	0	14208823	
784	1	B	10	N	2500	0	1	63	37	17	13	32	0	0	0	0	0	0	0	0	0	0	0	0	14209244	
785	1	B	10	N	2500	0	1	52	29	11	10	25	0	0	0	0	0	0	0	0	0	0	0	0	14209244	
786	1	B	10	N	2500	0	2	373	158	35	18	30	0	0	0	0	0	0	0	0	0	0	0	0	14209587	
787	1	B	10	N	2500	0	1	222	164	36	21	32	0	0	0	0	0	0	0	0	0	0	0	0	14209868	
788	1	B	10	N	2500	0	1	315	121	25	16	28	0	0	0	0	0	0	0	0	0	0	0	0	14210227	
789	1	B	10	N	2500	0	1	306	138	28	16	28	0	0	0	0	0	0	0	0	0	0	0	0	14210414	
790	1	B	10	N	2500	0	40	324	167	40	19	29	0	0	0	0	0	0	0	0	0	0	0	0	14210695	
791	1	B	10	N	2500	0	1	305	133	26	13	24	0	0	0	0	0	0	0	0	0	0	0	0	14211225	
792	1	B	10	N	2500	0	1	282	147	34	18	29	0	0	0	0	0	0	0	0	0	0	0	0	14211709	
793	1	B	10	N	2500	0	40	254	172	38	20	34	0	0	0	0	0	0	0	0	0	0	0	0	14211787	
794	1	B	10	N	2500	0	2	333	157	33	16	29	0	0	0	0	0	0	0	0	0	0	0	0	14211802	
795	1	B	10	N	2500	0	40	347	171	42	19	36	0	0	0	0	0	0	0	0	0	0	0	0	14211849	
796	1	B	10	N	2500	0	40	252	170	47	21	35	0	0	0	0	0	0	0	0	0	0	0	0	14212083	
797	1	B	10	N	2500	0	40	319	159	36	16	26	0	0	0	0	0	0	0	0	0	0	0	0	14212442	
798	1	B	10	N	2500	0	1	163	110	20	11	16	0	0	0	0	0	0	0	0	0	0	0	0	14213113	
799	1	C	10	N	2500	6	40	354	181	45	22	35	0	0	0	0	0	0	0	0	0	0	0	0	14220226	
800	1	C	10	N	2500	2	1	230	139	37	17	29	0	0	0	0	0	0	0	0	0	0	0	0	14220882	
801	1	C	10	N	2500	2	2	308	145	33	16	29	0	0	0	0	0	0	0	0	0	0	0	0	14221911	
802	1	C	10	N	2500	6	40	348	166	46	21	35	0	0	0	0	0	0	0	0	0	0	0	0	14222161	
803	1	C	10	N	2500	2	1	146	95	21	11	18	0	0	0	0	0	0	0	0	0	0	0	0	14223783	
804	1	C	10	N	2500	6	40	334	140	36	14	26	0	0	0	0	0	0	0	0	0	0	0	0	14224236	
805	1	C	10	N	2500	0	40	316	147	40	17	33	0	0	0	0	0	0	0	0	0	0	0	0	14225468	
806	1	C	10	N	2500	0	1	225	151	38	17	30	0	0	0	0	0	0	0	0	0	0	0	0	14225671	
807	1	C	10	N	2500	0	1	223	145	35	19	32	0	0	0	0	0	0	0	0	0	0	0	0	14225733	
808	1	C	10	N	2500	0	40	288	155	40	22	34	0	0	0	0	0	0	0	0	0	0	0	0	14225733	
809	1	C	10	N	2500	0	1	177	141	29	17	24	0	0	0	0	0	0	0	0	0	0	0	0	14225764	
810	1	C	10	N	2500	0	2	368	156	35	17	30	0	0	0	0	0	0	0	0	0	0	0	0	14225780	
811	1	C	10	N	2500	0	2	337	152	30	15	25	0	0	0	0	0	0	0	0	0	0	0	0	14226482	
812	1	C	10	N	2500	0	1	215	117	30	18	26	0	0	0	0	0	0	0	0	0	0	0	0	14226966	
813	1	C	10	N	2500	0	1	301	128	28	13	27	0	0	0	0	0	0	0	0	0	0	0	0	14226981	
814	1	D	10	N	2500	2	1	206	133	26	14	22	0	0	0	0	0	0	0	0	0	0	0	0	14234969	
815	1	D	10	N	2500	6	40	280	165	39	22	38	0	0	0	0	0	0	0	0	0	0	0	0	14235655	
816	1	D	10	N	2500	2	2	332	156	31	15	31	0	0	0	0	0	0	0	0	0	0	0	0	14235795	
817	1	D	10	N	2500	2	1	303	109	22	10	19	0	0	0	0	0	0	0	0	0	0	0	0	14236388	
818	1	D	10	N	2500	2	2	343	161	33	17	32	0	0	0	0	0	0	0	0	0	0	0	0	14236747	
819	1	D	10	N	2500	2	1	103	28	6	3	9	0	0	0	0	0	0	0	0	0	0	0	0	14237059	
820	1	D	10	N	2500	6	40	362	200	48	24	39	0	0	0	0	0	0	0	0	0	0	0	0	14237511	
821	1	D	10	N	2500	6	40	366	183	45	22	43	0	0	0	0	0	0	0	0	0	0	0	0	14237574	
822	1	D	10	N	2500	0	1	221	152	38	19	31	0	0	0	0	0	0	0	0	0	0	0	0	14238042	
823	1	D	10	N	2500	0	40	243	204	57	27	49	0	0	0	0	0	0	0	0	0	0	0	0	14238307	
824	1	D	10	N	2500	0	40	288	161	37	18	32	0	0	0	0	0	0	0	0	0	0	0	0	14238869	
825	1	D	10	N	2500	0	1	197	122	25	16	30	0	0	0	0	0	0	0	0	0	0	0	0	14239040	
826	1	D	10	N	2500	0	1	265	140	27	16	24	0	0	0	0	0	0	0	0	0	0	0	0	14239227	
827	1	D	10	N	2500	0	1	197	105	19	11	17	0	0	0	0	0	0	0	0	0	0	0	0	14239508	
828	1	D	10	N	2500	0	40	325	177	47	25	42	0	0	0	0	0	0	0	0	0	0	0	0	14240990	
829	1	E	10	N	2500	2	1	206	168	40	21	34	0	0	0	0	0	0	0	0	0	0	0	0	14248665	
830	1	E	10	N	2500	2	1	190	162	43	19	33	0	0	0	0	0	0	0	0	0	0	0	0	14249055	
831	1	E	10	N	2500	2	1	206	167	44	20	33	0	0	0	0	0	0	0	0	0	0	0	0	14250896	
832	1	E	10	N	2500	2	1	216	93	17	10	17	0	0	0	0	0	0	0	0	0	0	0	0	14251395	
833	1	E	10	N	2500	6	40	301	182	41	21	37	0	0	0	0	0	0	0	0	0	0	0	0	14252082	
834	1	E	10	N	2500	2	2	290	162	32	18	34	0	0	0	0	0	0	0	0	0	0	0	0	14252706	
835	1	E	10	N	2500	2	1	316	128	24	14	26	0	0	0	0	0	0	0	0	0	0	0	0	14253439	
836	1	E	10	N	2500	6	40	332	210	55	28	45	0	0	0	0	0	0	0	0	0	0	0	0	14253829	
837	1	E	10	N	2500	6	40	344	218	47	24	42	0	0	0	0	0	0	0	0	0	0	0	0	14253891	
838	1	E	10	N	2500	0	40	436	208	50	24	42	0	0	0	0	0	0	0	0	0	0	0	0	14254219	
839	1	E	10	N	2500	0	40	347	164	38	18	33	0	0	0	0	0	0	0	0	0	0	0	0	14254781	
840	1	E	10	N	2500	0	40	349	167	41	19	29	0	0	0	0	0	0	0	0	0	0	0	0	14255327	
841	1	E	10	N	2500	0	1	271	97	18	9	18	0	0	0	0	0	0	0	0	0	0	0	0	14255670	
842	1	E	10	N	2500	0	1	294	126	25	13	23	0	0	0	0	0	0	0	0	0	0	0	0	14255748	
843	1	F	10	N	2500	6	40	353	179	43	21	38	0	0	0	0	0	0	0	0	0	0	0	0	14263626	
844	1	F	10	N	2500	2	1	267	155	39	18	33	0	0	0	0	0	0	0	0	0	0	0	0	14264187	
845	1	F	10	N	2500	2	1	130	57	15	7	9	0	0	0	0	0	0	0	0	0	0	0	0	14265233	
846	1	F	10	N	2500	2	1	201	107	26	14	24	0	0	0	0	0	0	0	0	0	0	0	0	14265233	
847	1	F	10	N	2500	6	40	339	202	51	25	42	0	0	0	0	0	0	0	0	0	0	0	0	14265404	
848	1	F	10	N	2500	2	1	288	147	39	19	33	0	0	0	0	0	0	0	0	0	0	0	0	14265825	
849	1	F	10	N	2500	2	2	320	144	31	16	32	0	0	0	0	0	0	0	0	0	0	0	0	14266215	
850	1	F	10	N	2500	2	1	228	125	25	13	20	0	0	0	0	0	0	0	0	0	0	0	0	14266418	
851	1	F	10	N	2500	2	1	226	145	32	17	30	0	0	0	0	0	0	0	0	0	0	0	0	14267136	
852	1	F	10	N	2500	2	2	359	158	33	17	32	0	0	0	0	0	0	0	0	0	0	0	0	14267354	
853	1	F	10	N	2500	33	1	181	86	18	9	14	0	0	0	0	0	0	0	0	0	0	0	0	14267370	
854	1	F	10	N	2500	2	1	193	119	25	13	27	0	0	0	0	0	0	0	0	0	0	0	0	14267401	
855	1	F	10	N	2500	2	1	218	136	32	17	26	0	0	0	0	0	0	0	0	0	0	0	0	14267479	
856	1	F	10	N	2500	6	40	386	181	47	20	32	0	0	0	0	0	0	0	0	0	0	0	0	14267604	
857	1	F	10	N	2500	0	40	335	166	43	22	31	0	0	0	0	0	0	0	0	0	0	0	0	14268555	
858	1	F	10	N	2500	0	40	353	175	41	20	40	0	0	0	0	0	0	0	0	0	0	0	0	14269086	
859	1	F	10	N	2500	0	40	298	175	51	22	34	0	0	0	0	0	0	0	0	0	0	0	0	14269133	
860	1	F	10	N	2500	0	40	378	177	42	21	33	0	0	0	0	0	0	0	0	0	0	0	0	14269710	
861	1	G	10	N	2500	2	2	321	152	34	17	30	0	0	0	0	0	0	0	0	0	0	0	0	14278212	
862	1	G	10	N	2500	6	40	355	169	45	20	31	0	0	0	0	0	0	0	0	0	0	0	0	14279787	
863	1	G	10	N	2500	2	1	159	124	23	13	18	0	0	0	0	0	0	0	0	0	0	0	0	14280193	
864	1	G	10	N	2500	6	40	404	178	51	21	32	0	0	0	0	0	0	0	0	0	0	0	0	14280848	
865	1	G	10	N	2500	6	40	305	177	48	25	41	0	0	0	0	0	0	0	0	0	0	0	0	14281737	
866	1	G	10	N	2500	0	1	265	146	31	18	28	0	0	0	0	0	0	0	0	0	0	0	0	14281925	
867	1	G	10	N	2500	0	1	174	153	40	19	35	0	0	0	0	0	0	0	0	0	0	0	0	14282159	
868	1	G	10	N	2500	0	1	316	132	29	13	24	0	0	0	0	0	0	0	0	0	0	0	0	14282205	
869	1	G	10	N	2500	0	40	335	177	44	21	38	0	0	0	0	0	0	0	0	0	0	0	0	14282283	
870	1	G	10	N	2500	0	1	240	129	26	14	25	0	0	0	0	0	0	0	0	0	0	0	0	14282658	
871	1	G	10	N	2500	0	40	339	181	43	21	38	0	0	0	0	0	0	0	0	0	0	0	0	14283141	
872	1	G	10	N	2500	0	2	340	145	30	16	25	0	0	0	0	0	0	0	0	0	0	0	0	14283734	
873	1	G	10	N	2500	0	1	83	17	4	2	6	0	0	0	0	0	0	0	0	0	0	0	0	14283765	
874	1	G	10	N	2500	0	1	200	39	8	5	12	0	0	0	0	0	0	0	0	0	0	0	0	14283765	
875	1	G	10	N	2500	0	40	380	199	50	24	42	0	0	0	0	0	0	0	0	0	0	0	0	14284218	
876	1	A	11	N	2500	2	1	200	125	30	16	27	0	0	0	0	0	0	0	0	0	0	0	0	14307009	
877	1	A	11	N	2500	6	40	417	199	55	24	40	0	0	0	0	0	0	0	0	0	0	0	0	14308211	
878	1	A	11	N	2500	6	40	304	217	57	26	45	0	0	0	0	0	0	0	0	0	0	0	0	14308554	
879	1	A	11	N	2500	6	40	388	201	55	24	39	0	0	0	0	0	0	0	0	0	0	0	0	14310005	
880	1	A	11	N	2500	0	1	257	160	36	21	38	0	0	0	0	0	0	0	0	0	0	0	0	14310207	
881	1	A	11	N	2500	0	1	230	100	18	14	21	0	0	0	0	0	0	0	0	0	0	0	0	14310285	
882	1	A	11	N	2500	0	1	227	110	21	11	22	0	0	0	0	0	0	0	0	0	0	0	0	14311128	
883	1	A	11	N	2500	0	2	314	144	35	15	26	0	0	0	0	0	0	0	0	0	0	0	0	14311237	
884	1	A	11	N	2500	0	1	177	159	41	21	34	0	0	0	0	0	0	0	0	0	0	0	0	14313047	
885	1	A	11	N	2500	0	40	384	184	36	20	31	0	0	0	0	0	0	0	0	0	0	0	0	14313249	
886	1	A	11	N	2500	0	1	195	150	32	15	27	0	0	0	0	0	0	0	0	0	0	0	0	14313265	
887	1	A	11	N	2500	0	40	322	174	43	20	39	0	0	0	0	0	0	0	0	0	0	0	0	14313749	
888	1	B	11	N	2500	6	40	292	151	46	23	38	0	0	0	0	0	0	0	0	0	0	0	0	14323826	
889	1	B	11	N	2500	6	40	383	195	48	23	45	0	0	0	0	0	0	0	0	0	0	0	0	14324294	
890	1	B	11	N	2500	2	1	271	102	18	12	20	0	0	0	0	0	0	0	0	0	0	0	0	14324325	
891	1	B	11	N	2500	2	2	309	140	32	16	30	0	0	0	0	0	0	0	0	0	0	0	0	14324840	
892	1	B	11	N	2500	2	1	325	117	25	12	21	0	0	0	0	0	0	0	0	0	0	0	0	14324918	
893	1	C	11	N	2500	2	1	455	163	55	19	33	0	0	0	0	0	0	0	0	0	0	0	0	14336306	
894	1	C	11	N	2500	2	2	338	145	28	14	28	0	0	0	0	0	0	0	0	0	0	0	0	14337648	
895	1	C	11	N	2500	6	40	370	171	39	20	39	0	0	0	0	0	0	0	0	0	0	0	0	14338412	
896	1	C	11	N	2500	2	1	243	135	31	16	28	0	0	0	0	0	0	0	0	0	0	0	0	14338724	
897	1	C	11	N	2500	6	40	401	213	52	25	40	0	0	0	0	0	0	0	0	0	0	0	0	14339067	
898	1	C	11	N	2500	6	40	357	190	47	23	40	0	0	0	0	0	0	0	0	0	0	0	0	14339847	
899	1	C	11	N	2500	0	1	264	106	24	12	21	0	0	0	0	0	0	0	0	0	0	0	0	14339925	
900	1	C	11	N	2500	0	2	347	150	35	16	23	0	0	0	0	0	0	0	0	0	0	0	0	14340050	
901	1	C	11	N	2500	0	1	147	94	25	12	23	0	0	0	0	0	0	0	0	0	0	0	0	14340284	
902	1	C	11	N	2500	0	40	390	205	48	23	41	0	0	0	0	0	0	0	0	0	0	0	0	14340846	
903	1	C	11	N	2500	0	2	345	154	32	17	31	0	0	0	0	0	0	0	0	0	0	0	0	14340861	
904	1	C	11	N	2500	0	40	367	181	47	20	39	0	0	0	0	0	0	0	0	0	0	0	0	14341392	
905	1	D	11	N	2500	2	1	261	101	15	10	20	0	0	0	0	0	0	0	0	0	0	0	0	14352546	
906	1	D	11	N	2500	6	40	290	169	39	20	33	0	0	0	0	0	0	0	0	0	0	0	0	14353030	
907	1	D	11	N	2500	2	1	291	108	19	10	18	0	0	0	0	0	0	0	0	0	0	0	0	14355650	
908	1	D	11	N	2500	6	40	232	187	38	20	32	0	0	0	0	0	0	0	0	0	0	0	0	14355806	
909	1	D	11	N	2500	6	40	402	171	48	24	48	0	0	0	0	0	0	0	0	0	0	0	0	14355853	
910	1	E	11	N	2500	6	40	280	170	37	19	33	0	0	0	0	0	0	0	0	0	0	0	0	14368224	
911	1	E	11	N	2500	2	1	171	154	41	22	36	0	0	0	0	0	0	0	0	0	0	0	0	14369800	
912	1	E	11	N	2500	2	1	246	154	33	20	32	0	0	0	0	0	0	0	0	0	0	0	0	14370533	
913	1	G	11	N	2500	2	1	308	126	26	13	25	0	0	0	0	0	0	0	0	0	0	0	0	14393028	
914	1	G	11	N	2500	2	1	209	133	29	14	23	0	0	0	0	0	0	0	0	0	0	0	0	14394541	
915	1	G	11	N	2500	6	40	356	151	36	16	29	0	0	0	0	0	0	0	0	0	0	0	0	14395945	
916	1	G	11	N	2500	6	40	359	172	41	19	33	0	0	0	0	0	0	0	0	0	0	0	0	14397848	
917	1	G	11	N	2500	2	1	230	127	23	12	24	0	0	0	0	0	0	0	0	0	0	0	0	14400064	
