Id	Plate	Row	Column	Clog	Scan rate	Status sort	Status sel	TOF	EXT	Green	Yellow	Red	PH Ext	PW Ext	PC Ext	PH Green	PW Green	PCGreen	PH Yellow	PW Yellow	PCYellow	PH Red	PW Red	PCRed	Time Stamp	
0	1	A	1	N	2500	6	40	438	252	67	29	53	0	0	0	0	0	0	0	0	0	0	0	0	14605032	
1	1	A	1	N	2500	6	40	404	174	41	20	33	0	0	0	0	0	0	0	0	0	0	0	0	14606202	
2	1	A	1	N	2500	2	1	303	118	29	12	25	0	0	0	0	0	0	0	0	0	0	0	0	14607435	
3	1	A	1	N	2500	6	40	360	183	51	22	35	0	0	0	0	0	0	0	0	0	0	0	0	14607700	
4	1	A	1	N	2500	0	2	325	151	31	16	29	0	0	0	0	0	0	0	0	0	0	0	0	14608277	
5	1	A	1	N	2500	0	2	333	156	34	17	32	0	0	0	0	0	0	0	0	0	0	0	0	14608308	
6	1	A	1	N	2500	0	1	329	127	25	13	21	0	0	0	0	0	0	0	0	0	0	0	0	14608620	
7	1	A	1	N	2500	0	1	263	148	37	16	27	0	0	0	0	0	0	0	0	0	0	0	0	14608667	
8	1	A	1	N	2500	0	40	344	184	44	20	36	0	0	0	0	0	0	0	0	0	0	0	0	14609120	
9	1	A	1	N	2500	0	1	278	143	39	18	31	0	0	0	0	0	0	0	0	0	0	0	0	14609260	
10	1	A	1	N	2500	0	1	253	152	41	17	29	0	0	0	0	0	0	0	0	0	0	0	0	14609307	
11	1	A	1	N	2500	0	2	345	171	32	16	30	0	0	0	0	0	0	0	0	0	0	0	0	14609354	
12	1	A	1	N	2500	0	1	146	81	19	8	15	0	0	0	0	0	0	0	0	0	0	0	0	14609884	
13	1	A	1	N	2500	0	1	270	149	40	20	35	0	0	0	0	0	0	0	0	0	0	0	0	14609931	
14	1	A	1	N	2500	0	1	204	157	43	19	32	0	0	0	0	0	0	0	0	0	0	0	0	14610446	
15	1	A	1	N	2500	0	1	243	162	48	20	34	0	0	0	0	0	0	0	0	0	0	0	0	14610586	
16	1	A	1	N	2500	0	40	368	190	50	23	38	0	0	0	0	0	0	0	0	0	0	0	0	14610898	
17	1	A	1	N	2500	0	2	320	142	32	15	24	0	0	0	0	0	0	0	0	0	0	0	0	14611335	
18	1	A	1	N	2500	0	40	237	183	55	24	38	0	0	0	0	0	0	0	0	0	0	0	0	14611896	
19	1	A	1	N	2500	0	1	292	125	26	12	21	0	0	0	0	0	0	0	0	0	0	0	0	14612006	
20	1	A	1	N	2500	0	40	333	163	42	18	29	0	0	0	0	0	0	0	0	0	0	0	0	14612099	
21	1	A	1	N	2500	0	1	404	138	33	14	27	0	0	0	0	0	0	0	0	0	0	0	0	14612146	
22	1	A	1	N	2500	0	2	327	146	32	17	29	0	0	0	0	0	0	0	0	0	0	0	0	14612427	
23	1	B	1	N	2500	6	40	332	168	39	19	34	0	0	0	0	0	0	0	0	0	0	0	0	14619400	
24	1	B	1	N	2500	6	40	339	155	38	17	31	0	0	0	0	0	0	0	0	0	0	0	0	14619556	
25	1	B	1	N	2500	6	40	347	168	38	18	31	0	0	0	0	0	0	0	0	0	0	0	0	14620726	
26	1	B	1	N	2500	0	40	368	184	45	21	36	0	0	0	0	0	0	0	0	0	0	0	0	14621038	
27	1	B	1	N	2500	0	40	367	191	45	21	39	0	0	0	0	0	0	0	0	0	0	0	0	14621880	
28	1	B	1	N	2500	0	40	336	158	41	18	30	0	0	0	0	0	0	0	0	0	0	0	0	14621880	
29	1	B	1	N	2500	0	40	327	148	39	17	32	0	0	0	0	0	0	0	0	0	0	0	0	14622816	
30	1	B	1	N	2500	0	40	347	167	44	20	37	0	0	0	0	0	0	0	0	0	0	0	0	14622863	
31	1	B	1	N	2500	0	1	137	67	14	7	11	0	0	0	0	0	0	0	0	0	0	0	0	14622863	
32	1	B	1	N	2500	0	40	382	237	60	26	49	0	0	0	0	0	0	0	0	0	0	0	0	14623425	
33	1	B	1	N	2500	0	40	333	154	38	17	31	0	0	0	0	0	0	0	0	0	0	0	0	14624298	
34	1	B	1	N	2500	0	40	223	183	61	24	42	0	0	0	0	0	0	0	0	0	0	0	0	14624938	
35	1	B	1	N	2500	0	1	114	28	7	3	4	0	0	0	0	0	0	0	0	0	0	0	0	14625437	
36	1	B	1	N	2500	0	1	100	77	17	10	19	0	0	0	0	0	0	0	0	0	0	0	0	14625437	
37	1	B	1	N	2500	0	40	323	192	47	25	46	0	0	0	0	0	0	0	0	0	0	0	0	14625843	
38	1	B	1	N	2500	0	40	421	203	62	25	44	0	0	0	0	0	0	0	0	0	0	0	0	14626451	
39	1	C	1	N	2500	6	40	338	153	41	18	30	0	0	0	0	0	0	0	0	0	0	0	0	14634360	
40	1	C	1	N	2500	2	1	177	163	38	22	36	0	0	0	0	0	0	0	0	0	0	0	0	14636451	
41	1	C	1	N	2500	2	1	302	132	29	13	28	0	0	0	0	0	0	0	0	0	0	0	0	14636560	
42	1	C	1	N	2500	6	40	345	169	48	20	38	0	0	0	0	0	0	0	0	0	0	0	0	14636950	
43	1	C	1	N	2500	6	40	369	190	48	22	39	0	0	0	0	0	0	0	0	0	0	0	0	14637122	
44	1	C	1	N	2500	0	40	500	198	61	26	45	0	0	0	0	0	0	0	0	0	0	0	0	14637153	
45	1	C	1	N	2500	0	1	199	144	31	15	25	0	0	0	0	0	0	0	0	0	0	0	0	14637324	
46	1	C	1	N	2500	0	40	335	156	37	17	37	0	0	0	0	0	0	0	0	0	0	0	0	14637512	
47	1	C	1	N	2500	0	1	260	99	21	10	19	0	0	0	0	0	0	0	0	0	0	0	0	14637636	
48	1	C	1	N	2500	0	40	287	168	45	19	37	0	0	0	0	0	0	0	0	0	0	0	0	14637808	
49	1	C	1	N	2500	0	40	318	181	43	23	38	0	0	0	0	0	0	0	0	0	0	0	0	14638058	
50	1	C	1	N	2500	0	40	358	198	48	23	38	0	0	0	0	0	0	0	0	0	0	0	0	14638104	
51	1	C	1	N	2500	0	40	392	202	50	23	35	0	0	0	0	0	0	0	0	0	0	0	0	14638104	
52	1	C	1	N	2500	0	40	385	185	42	20	32	0	0	0	0	0	0	0	0	0	0	0	0	14638198	
53	1	C	1	N	2500	0	1	192	152	37	18	33	0	0	0	0	0	0	0	0	0	0	0	0	14638385	
54	1	C	1	N	2500	0	1	232	162	39	20	29	0	0	0	0	0	0	0	0	0	0	0	0	14638697	
55	1	C	1	N	2500	0	40	408	176	47	22	38	0	0	0	0	0	0	0	0	0	0	0	0	14638822	
56	1	C	1	N	2500	0	40	355	180	41	21	38	0	0	0	0	0	0	0	0	0	0	0	0	14638853	
57	1	C	1	N	2500	0	1	308	130	28	14	28	0	0	0	0	0	0	0	0	0	0	0	0	14639914	
58	1	C	1	N	2500	0	1	317	133	30	14	25	0	0	0	0	0	0	0	0	0	0	0	0	14640117	
59	1	C	1	N	2500	0	40	251	188	46	23	39	0	0	0	0	0	0	0	0	0	0	0	0	14640429	
60	1	C	1	N	2500	0	40	351	222	54	28	48	0	0	0	0	0	0	0	0	0	0	0	0	14640990	
61	1	D	1	N	2500	2	1	237	144	37	17	31	0	0	0	0	0	0	0	0	0	0	0	0	14647792	
62	1	D	1	N	2500	6	40	432	201	55	25	45	0	0	0	0	0	0	0	0	0	0	0	0	14648447	
63	1	D	1	N	2500	2	1	137	92	16	10	20	0	0	0	0	0	0	0	0	0	0	0	0	14648759	
64	1	D	1	N	2500	2	1	211	180	43	22	36	0	0	0	0	0	0	0	0	0	0	0	0	14648884	
65	1	D	1	N	2500	6	40	331	151	38	17	29	0	0	0	0	0	0	0	0	0	0	0	0	14649711	
66	1	D	1	N	2500	2	1	257	141	33	16	28	0	0	0	0	0	0	0	0	0	0	0	0	14650912	
67	1	D	1	N	2500	6	40	349	188	57	22	42	0	0	0	0	0	0	0	0	0	0	0	0	14651021	
68	1	D	1	N	2500	0	1	205	138	31	16	25	0	0	0	0	0	0	0	0	0	0	0	0	14651364	
69	1	D	1	N	2500	0	40	243	174	42	20	37	0	0	0	0	0	0	0	0	0	0	0	0	14652550	
70	1	D	1	N	2500	0	1	250	153	37	18	30	0	0	0	0	0	0	0	0	0	0	0	0	14652956	
71	1	D	1	N	2500	0	40	382	203	49	23	40	0	0	0	0	0	0	0	0	0	0	0	0	14653361	
72	1	D	1	N	2500	0	40	375	182	52	21	36	0	0	0	0	0	0	0	0	0	0	0	0	14653985	
73	1	D	1	N	2500	0	40	257	193	58	27	44	0	0	0	0	0	0	0	0	0	0	0	0	14654172	
74	1	D	1	N	2500	0	1	194	175	42	21	35	0	0	0	0	0	0	0	0	0	0	0	0	14654266	
75	1	D	1	N	2500	0	1	148	164	49	21	38	0	0	0	0	0	0	0	0	0	0	0	0	14654391	
76	1	E	1	N	2500	6	40	384	151	44	17	29	0	0	0	0	0	0	0	0	0	0	0	0	14661894	
77	1	E	1	N	2500	6	40	390	192	48	21	34	0	0	0	0	0	0	0	0	0	0	0	0	14662331	
78	1	E	1	N	2500	2	1	202	157	42	21	34	0	0	0	0	0	0	0	0	0	0	0	0	14663876	
79	1	E	1	N	2500	6	40	350	184	43	22	34	0	0	0	0	0	0	0	0	0	0	0	0	14664094	
80	1	E	1	N	2500	0	40	366	160	37	19	33	0	0	0	0	0	0	0	0	0	0	0	0	14664531	
81	1	E	1	N	2500	0	40	406	218	55	25	40	0	0	0	0	0	0	0	0	0	0	0	0	14665420	
82	1	E	1	N	2500	0	40	229	192	53	24	39	0	0	0	0	0	0	0	0	0	0	0	0	14666231	
83	1	E	1	N	2500	0	40	214	190	57	25	46	0	0	0	0	0	0	0	0	0	0	0	0	14666465	
84	1	E	1	N	2500	0	40	208	186	55	26	43	0	0	0	0	0	0	0	0	0	0	0	0	14666481	
85	1	E	1	N	2500	0	1	174	169	52	23	45	0	0	0	0	0	0	0	0	0	0	0	0	14666621	
86	1	E	1	N	2500	0	40	324	184	46	23	39	0	0	0	0	0	0	0	0	0	0	0	0	14667011	
87	1	E	1	N	2500	0	40	315	161	43	22	37	0	0	0	0	0	0	0	0	0	0	0	0	14667136	
88	1	E	1	N	2500	0	40	260	172	39	19	29	0	0	0	0	0	0	0	0	0	0	0	0	14667323	
89	1	E	1	N	2500	0	40	392	210	56	25	50	0	0	0	0	0	0	0	0	0	0	0	0	14667323	
90	1	E	1	N	2500	0	40	370	192	51	21	37	0	0	0	0	0	0	0	0	0	0	0	0	14667510	
91	1	E	1	N	2500	0	40	297	180	41	21	34	0	0	0	0	0	0	0	0	0	0	0	0	14667744	
92	1	E	1	N	2500	0	1	235	140	38	18	32	0	0	0	0	0	0	0	0	0	0	0	0	14668119	
93	1	E	1	N	2500	0	40	272	195	48	24	42	0	0	0	0	0	0	0	0	0	0	0	0	14668290	
94	1	E	1	N	2500	0	40	221	200	57	28	44	0	0	0	0	0	0	0	0	0	0	0	0	14668353	
95	1	E	1	N	2500	0	1	179	127	25	12	21	0	0	0	0	0	0	0	0	0	0	0	0	14669117	
96	1	F	1	N	2500	6	40	262	198	50	24	41	0	0	0	0	0	0	0	0	0	0	0	0	14676309	
97	1	F	1	N	2500	2	2	361	142	34	16	31	0	0	0	0	0	0	0	0	0	0	0	0	14676590	
98	1	F	1	N	2500	6	40	346	174	41	21	35	0	0	0	0	0	0	0	0	0	0	0	0	14678914	
99	1	F	1	N	2500	6	40	456	205	54	23	43	0	0	0	0	0	0	0	0	0	0	0	0	14679756	
100	1	F	1	N	2500	0	2	329	155	32	18	29	0	0	0	0	0	0	0	0	0	0	0	0	14680193	
101	1	F	1	N	2500	0	1	201	154	44	23	38	0	0	0	0	0	0	0	0	0	0	0	0	14680209	
102	1	F	1	N	2500	0	40	404	204	52	24	36	0	0	0	0	0	0	0	0	0	0	0	0	14680224	
103	1	F	1	N	2500	0	40	242	188	50	24	45	0	0	0	0	0	0	0	0	0	0	0	0	14680646	
104	1	F	1	N	2500	0	1	581	303	65	32	59	0	0	0	0	0	0	0	0	0	0	0	0	14680817	
105	1	F	1	N	2500	0	40	351	184	47	23	42	0	0	0	0	0	0	0	0	0	0	0	0	14681051	
106	1	F	1	N	2500	0	40	405	202	50	22	38	0	0	0	0	0	0	0	0	0	0	0	0	14681301	
107	1	F	1	N	2500	0	40	263	183	40	22	39	0	0	0	0	0	0	0	0	0	0	0	0	14681394	
108	1	F	1	N	2500	0	1	298	139	30	14	26	0	0	0	0	0	0	0	0	0	0	0	0	14681675	
109	1	F	1	N	2500	0	40	382	182	44	20	36	0	0	0	0	0	0	0	0	0	0	0	0	14681706	
110	1	F	1	N	2500	0	1	239	142	33	15	24	0	0	0	0	0	0	0	0	0	0	0	0	14682221	
111	1	F	1	N	2500	0	40	334	144	36	15	30	0	0	0	0	0	0	0	0	0	0	0	0	14682502	
112	1	F	1	N	2500	0	40	350	171	41	20	33	0	0	0	0	0	0	0	0	0	0	0	0	14682564	
113	1	F	1	N	2500	0	1	81	84	51	50	94	0	0	0	0	0	0	0	0	0	0	0	0	14682580	
114	1	F	1	N	2500	0	40	237	205	49	22	34	0	0	0	0	0	0	0	0	0	0	0	0	14682752	
115	1	F	1	N	2500	0	40	443	226	64	29	51	0	0	0	0	0	0	0	0	0	0	0	0	14682908	
116	1	F	1	N	2500	0	40	339	162	39	19	31	0	0	0	0	0	0	0	0	0	0	0	0	14683064	
117	1	F	1	N	2500	0	2	287	153	33	17	31	0	0	0	0	0	0	0	0	0	0	0	0	14683563	
118	1	F	1	N	2500	0	40	235	181	47	21	35	0	0	0	0	0	0	0	0	0	0	0	0	14683672	
119	1	G	1	N	2500	2	1	291	116	24	11	20	0	0	0	0	0	0	0	0	0	0	0	0	14690489	
120	1	G	1	N	2500	6	40	367	181	45	21	36	0	0	0	0	0	0	0	0	0	0	0	0	14691394	
121	1	G	1	N	2500	6	40	292	162	36	19	33	0	0	0	0	0	0	0	0	0	0	0	0	14691410	
122	1	G	1	N	2500	2	1	161	84	19	10	18	0	0	0	0	0	0	0	0	0	0	0	0	14692252	
123	1	G	1	N	2500	2	1	211	126	24	12	22	0	0	0	0	0	0	0	0	0	0	0	0	14692751	
124	1	G	1	N	2500	2	1	320	123	25	13	27	0	0	0	0	0	0	0	0	0	0	0	0	14693453	
125	1	G	1	N	2500	2	1	184	55	8	4	11	0	0	0	0	0	0	0	0	0	0	0	0	14693781	
126	1	G	1	N	2500	6	40	229	178	48	24	45	0	0	0	0	0	0	0	0	0	0	0	0	14694733	
127	1	G	1	N	2500	0	40	503	221	58	24	40	0	0	0	0	0	0	0	0	0	0	0	0	14696199	
128	1	G	1	N	2500	0	1	273	154	32	16	30	0	0	0	0	0	0	0	0	0	0	0	0	14696917	
129	1	G	1	N	2500	0	1	252	161	35	19	38	0	0	0	0	0	0	0	0	0	0	0	0	14696917	
130	1	H	1	N	2500	2	1	70	28	4	5	24	0	0	0	0	0	0	0	0	0	0	0	0	14708944	
131	1	A	2	N	2500	6	40	355	165	36	17	32	0	0	0	0	0	0	0	0	0	0	0	0	14720972	
132	1	A	2	N	2500	2	1	62	46	18	16	39	0	0	0	0	0	0	0	0	0	0	0	0	14723421	
133	1	A	2	N	2500	6	40	337	166	40	19	31	0	0	0	0	0	0	0	0	0	0	0	0	14726728	
134	1	B	2	N	2500	6	40	277	167	38	20	34	0	0	0	0	0	0	0	0	0	0	0	0	14734840	
135	1	B	2	N	2500	6	40	259	173	47	21	34	0	0	0	0	0	0	0	0	0	0	0	0	14734996	
136	1	B	2	N	2500	2	1	290	122	27	13	26	0	0	0	0	0	0	0	0	0	0	0	0	14736665	
137	1	B	2	N	2500	2	1	317	134	36	14	24	0	0	0	0	0	0	0	0	0	0	0	0	14737461	
138	1	B	2	N	2500	6	40	310	165	47	23	37	0	0	0	0	0	0	0	0	0	0	0	0	14737757	
139	1	B	2	N	2500	0	40	398	190	47	24	46	0	0	0	0	0	0	0	0	0	0	0	0	14738257	
140	1	B	2	N	2500	0	40	240	172	38	21	32	0	0	0	0	0	0	0	0	0	0	0	0	14738413	
141	1	B	2	N	2500	0	1	270	141	35	18	32	0	0	0	0	0	0	0	0	0	0	0	0	14739317	
142	1	B	2	N	2500	0	40	371	188	46	22	35	0	0	0	0	0	0	0	0	0	0	0	0	14740503	
143	1	B	2	N	2500	0	2	337	157	32	16	27	0	0	0	0	0	0	0	0	0	0	0	0	14740971	
144	1	B	2	N	2500	0	40	339	151	37	16	28	0	0	0	0	0	0	0	0	0	0	0	0	14741330	
145	1	C	2	N	2500	2	2	355	139	29	14	26	0	0	0	0	0	0	0	0	0	0	0	0	14753217	
146	1	C	2	N	2500	2	1	163	88	18	11	17	0	0	0	0	0	0	0	0	0	0	0	0	14753342	
147	1	D	2	N	2500	2	2	338	150	34	18	28	0	0	0	0	0	0	0	0	0	0	0	0	14764262	
148	1	D	2	N	2500	6	40	345	173	42	19	34	0	0	0	0	0	0	0	0	0	0	0	0	14767070	
149	1	D	2	N	2500	6	40	321	212	57	25	46	0	0	0	0	0	0	0	0	0	0	0	0	14767304	
150	1	D	2	N	2500	6	40	350	163	37	17	30	0	0	0	0	0	0	0	0	0	0	0	0	14769394	
151	1	E	2	N	2500	6	40	365	169	39	20	35	0	0	0	0	0	0	0	0	0	0	0	0	14781796	
152	1	E	2	N	2500	6	40	392	189	45	23	35	0	0	0	0	0	0	0	0	0	0	0	0	14781937	
153	1	E	2	N	2500	2	1	198	157	40	20	29	0	0	0	0	0	0	0	0	0	0	0	0	14782077	
154	1	E	2	N	2500	6	40	364	179	42	20	39	0	0	0	0	0	0	0	0	0	0	0	0	14782467	
155	1	E	2	N	2500	0	1	180	61	6	1	3	0	0	0	0	0	0	0	0	0	0	0	0	14783777	
156	1	E	2	N	2500	0	1	232	142	36	18	28	0	0	0	0	0	0	0	0	0	0	0	0	14783933	
157	1	E	2	N	2500	0	1	195	93	18	9	16	0	0	0	0	0	0	0	0	0	0	0	0	14785275	
158	1	F	2	N	2500	2	1	80	44	18	0	4	0	0	0	0	0	0	0	0	0	0	0	0	14792248	
159	1	F	2	N	2500	2	1	176	103	24	13	27	0	0	0	0	0	0	0	0	0	0	0	0	14793933	
160	1	F	2	N	2500	2	1	271	94	17	9	16	0	0	0	0	0	0	0	0	0	0	0	0	14793933	
161	1	F	2	N	2500	2	2	340	161	35	18	34	0	0	0	0	0	0	0	0	0	0	0	0	14794417	
162	1	F	2	N	2500	6	40	338	174	40	20	34	0	0	0	0	0	0	0	0	0	0	0	0	14795087	
163	1	F	2	N	2500	6	40	299	174	39	20	32	0	0	0	0	0	0	0	0	0	0	0	0	14795930	
164	1	F	2	N	2500	6	40	217	179	44	21	34	0	0	0	0	0	0	0	0	0	0	0	0	14797193	
165	1	G	2	N	2500	2	1	257	153	33	19	32	0	0	0	0	0	0	0	0	0	0	0	0	14806866	
166	1	G	2	N	2500	2	1	211	151	37	18	30	0	0	0	0	0	0	0	0	0	0	0	0	14806897	
167	1	G	2	N	2500	6	40	375	172	45	21	33	0	0	0	0	0	0	0	0	0	0	0	0	14808862	
168	1	G	2	N	2500	2	1	234	88	15	11	19	0	0	0	0	0	0	0	0	0	0	0	0	14809783	
169	1	G	2	N	2500	6	40	277	167	43	22	37	0	0	0	0	0	0	0	0	0	0	0	0	14811764	
170	1	A	3	N	2500	6	40	345	170	40	19	38	0	0	0	0	0	0	0	0	0	0	0	0	14836646	
171	1	A	3	N	2500	2	1	287	131	35	15	24	0	0	0	0	0	0	0	0	0	0	0	0	14836849	
172	1	A	3	N	2500	6	40	385	181	43	21	39	0	0	0	0	0	0	0	0	0	0	0	0	14837832	
173	1	A	3	N	2500	2	1	205	166	45	22	38	0	0	0	0	0	0	0	0	0	0	0	0	14838378	
174	1	A	3	N	2500	6	40	346	155	39	17	27	0	0	0	0	0	0	0	0	0	0	0	0	14838627	
175	1	A	3	N	2500	0	40	271	161	51	21	41	0	0	0	0	0	0	0	0	0	0	0	0	14838814	
176	1	A	3	N	2500	0	1	138	66	13	11	27	0	0	0	0	0	0	0	0	0	0	0	0	14839407	
177	1	A	3	N	2500	0	40	309	156	41	20	41	0	0	0	0	0	0	0	0	0	0	0	0	14839438	
178	1	A	3	N	2500	0	1	193	149	41	18	28	0	0	0	0	0	0	0	0	0	0	0	0	14840094	
179	1	A	3	N	2500	0	40	344	228	66	28	54	0	0	0	0	0	0	0	0	0	0	0	0	14840265	
180	1	A	3	N	2500	0	40	451	211	55	26	44	0	0	0	0	0	0	0	0	0	0	0	0	14840406	
181	1	A	3	N	2500	0	1	217	123	39	18	27	0	0	0	0	0	0	0	0	0	0	0	0	14840484	
182	1	A	3	N	2500	0	40	208	191	60	28	45	0	0	0	0	0	0	0	0	0	0	0	0	14840577	
183	1	A	3	N	2500	0	40	336	210	43	24	45	0	0	0	0	0	0	0	0	0	0	0	0	14840874	
184	1	A	3	N	2500	0	1	87	33	7	5	16	0	0	0	0	0	0	0	0	0	0	0	0	14841154	
185	1	A	3	N	2500	0	40	350	211	66	29	43	0	0	0	0	0	0	0	0	0	0	0	0	14841373	
186	1	A	3	N	2500	0	1	274	152	38	18	37	0	0	0	0	0	0	0	0	0	0	0	0	14841451	
187	1	A	3	N	2500	0	40	358	169	42	18	35	0	0	0	0	0	0	0	0	0	0	0	0	14841451	
188	1	A	3	N	2500	0	40	350	158	41	18	31	0	0	0	0	0	0	0	0	0	0	0	0	14841482	
189	1	A	3	N	2500	0	1	298	101	17	9	19	0	0	0	0	0	0	0	0	0	0	0	0	14842028	
190	1	A	3	N	2500	0	40	274	186	52	23	36	0	0	0	0	0	0	0	0	0	0	0	0	14842434	
191	1	A	3	N	2500	0	1	203	111	25	13	25	0	0	0	0	0	0	0	0	0	0	0	0	14842590	
192	1	A	3	N	2500	0	2	299	165	35	19	33	0	0	0	0	0	0	0	0	0	0	0	0	14843604	
193	1	B	3	N	2500	2	2	325	147	33	18	27	0	0	0	0	0	0	0	0	0	0	0	0	14850468	
194	1	B	3	N	2500	2	2	390	151	31	19	25	0	0	0	0	0	0	0	0	0	0	0	0	14852480	
195	1	B	3	N	2500	6	40	285	181	56	26	45	0	0	0	0	0	0	0	0	0	0	0	0	14852652	
196	1	B	3	N	2500	2	1	268	124	27	14	26	0	0	0	0	0	0	0	0	0	0	0	0	14852667	
197	1	B	3	N	2500	6	40	376	197	49	23	40	0	0	0	0	0	0	0	0	0	0	0	0	14853681	
198	1	B	3	N	2500	6	40	369	181	44	21	35	0	0	0	0	0	0	0	0	0	0	0	0	14854898	
199	1	B	3	N	2500	0	40	331	175	44	19	35	0	0	0	0	0	0	0	0	0	0	0	0	14855444	
200	1	B	3	N	2500	0	1	471	151	41	15	31	0	0	0	0	0	0	0	0	0	0	0	0	14855553	
201	1	B	3	N	2500	0	1	239	129	44	22	39	0	0	0	0	0	0	0	0	0	0	0	0	14855990	
202	1	B	3	N	2500	0	40	345	161	39	18	32	0	0	0	0	0	0	0	0	0	0	0	0	14856006	
203	1	B	3	N	2500	0	1	218	171	46	20	31	0	0	0	0	0	0	0	0	0	0	0	0	14856520	
204	1	B	3	N	2500	0	1	208	128	38	20	33	0	0	0	0	0	0	0	0	0	0	0	0	14856598	
205	1	B	3	N	2500	0	2	349	157	34	17	26	0	0	0	0	0	0	0	0	0	0	0	0	14856988	
206	1	B	3	N	2500	0	1	232	167	32	18	33	0	0	0	0	0	0	0	0	0	0	0	0	14857176	
207	1	B	3	N	2500	0	2	247	167	35	19	33	0	0	0	0	0	0	0	0	0	0	0	0	14857628	
208	1	C	3	N	2500	6	40	339	176	41	21	35	0	0	0	0	0	0	0	0	0	0	0	0	14864898	
209	1	C	3	N	2500	2	1	352	128	25	12	25	0	0	0	0	0	0	0	0	0	0	0	0	14865771	
210	1	C	3	N	2500	2	1	223	171	47	22	35	0	0	0	0	0	0	0	0	0	0	0	0	14867768	
211	1	C	3	N	2500	6	40	403	187	44	21	38	0	0	0	0	0	0	0	0	0	0	0	0	14867830	
212	1	C	3	N	2500	6	40	346	155	38	17	30	0	0	0	0	0	0	0	0	0	0	0	0	14868252	
213	1	C	3	N	2500	0	40	271	165	37	19	33	0	0	0	0	0	0	0	0	0	0	0	0	14868564	
214	1	C	3	N	2500	0	40	360	179	52	22	37	0	0	0	0	0	0	0	0	0	0	0	0	14869219	
215	1	C	3	N	2500	0	1	255	139	29	16	25	0	0	0	0	0	0	0	0	0	0	0	0	14870046	
216	1	C	3	N	2500	0	2	308	161	35	18	30	0	0	0	0	0	0	0	0	0	0	0	0	14870748	
217	1	C	3	N	2500	0	40	329	148	39	19	31	0	0	0	0	0	0	0	0	0	0	0	0	14871169	
218	1	C	3	N	2500	0	2	327	134	32	13	21	0	0	0	0	0	0	0	0	0	0	0	0	14871777	
219	1	C	3	N	2500	0	40	415	198	54	24	40	0	0	0	0	0	0	0	0	0	0	0	0	14871996	
220	1	D	3	N	2500	6	40	316	217	54	29	49	0	0	0	0	0	0	0	0	0	0	0	0	14880170	
221	1	D	3	N	2500	6	40	351	173	48	22	36	0	0	0	0	0	0	0	0	0	0	0	0	14880435	
222	1	D	3	N	2500	2	2	322	156	31	17	28	0	0	0	0	0	0	0	0	0	0	0	0	14881917	
223	1	D	3	N	2500	2	2	326	140	34	15	30	0	0	0	0	0	0	0	0	0	0	0	0	14882432	
224	1	D	3	N	2500	6	40	282	178	37	20	31	0	0	0	0	0	0	0	0	0	0	0	0	14883664	
225	1	D	3	N	2500	0	1	236	163	39	21	37	0	0	0	0	0	0	0	0	0	0	0	0	14884600	
226	1	D	3	N	2500	0	40	358	180	40	21	35	0	0	0	0	0	0	0	0	0	0	0	0	14884647	
227	1	D	3	N	2500	0	40	246	196	56	25	40	0	0	0	0	0	0	0	0	0	0	0	0	14885599	
228	1	D	3	N	2500	0	40	244	187	47	23	41	0	0	0	0	0	0	0	0	0	0	0	0	14886176	
229	1	D	3	N	2500	0	1	287	149	29	16	27	0	0	0	0	0	0	0	0	0	0	0	0	14886394	
230	1	E	3	N	2500	2	1	191	131	30	15	23	0	0	0	0	0	0	0	0	0	0	0	0	14893804	
231	1	E	3	N	2500	6	40	397	196	50	22	38	0	0	0	0	0	0	0	0	0	0	0	0	14895084	
232	1	E	3	N	2500	6	40	358	180	41	20	34	0	0	0	0	0	0	0	0	0	0	0	0	14895099	
233	1	E	3	N	2500	2	2	347	159	33	17	26	0	0	0	0	0	0	0	0	0	0	0	0	14895801	
234	1	E	3	N	2500	6	40	302	189	47	23	35	0	0	0	0	0	0	0	0	0	0	0	0	14896534	
235	1	E	3	N	2500	0	40	450	225	59	27	47	0	0	0	0	0	0	0	0	0	0	0	0	14896846	
236	1	E	3	N	2500	0	40	248	195	51	22	37	0	0	0	0	0	0	0	0	0	0	0	0	14897221	
237	1	E	3	N	2500	0	40	490	222	63	27	45	0	0	0	0	0	0	0	0	0	0	0	0	14897314	
238	1	E	3	N	2500	0	40	389	194	48	21	36	0	0	0	0	0	0	0	0	0	0	0	0	14897720	
239	1	E	3	N	2500	0	1	175	165	38	20	32	0	0	0	0	0	0	0	0	0	0	0	0	14898344	
240	1	E	3	N	2500	0	1	186	155	34	19	31	0	0	0	0	0	0	0	0	0	0	0	0	14899420	
241	1	E	3	N	2500	0	40	361	168	41	17	32	0	0	0	0	0	0	0	0	0	0	0	0	14899483	
242	1	E	3	N	2500	0	40	433	205	46	22	44	0	0	0	0	0	0	0	0	0	0	0	0	14899592	
243	1	E	3	N	2500	0	40	426	183	45	22	39	0	0	0	0	0	0	0	0	0	0	0	0	14899920	
244	1	E	3	N	2500	0	40	357	167	39	19	36	0	0	0	0	0	0	0	0	0	0	0	0	14900559	
245	1	F	3	N	2500	8	40	244	176	52	22	38	0	0	0	0	0	0	0	0	0	0	0	0	14907486	
246	1	F	3	N	2500	6	40	367	180	44	20	33	0	0	0	0	0	0	0	0	0	0	0	0	14907782	
247	1	F	3	N	2500	6	40	452	206	51	25	46	0	0	0	0	0	0	0	0	0	0	0	0	14911916	
248	1	F	3	N	2500	6	40	330	163	36	20	33	0	0	0	0	0	0	0	0	0	0	0	0	14912478	
249	1	F	3	N	2500	0	2	389	160	35	17	31	0	0	0	0	0	0	0	0	0	0	0	0	14913460	
250	1	F	3	N	2500	0	40	234	187	43	22	38	0	0	0	0	0	0	0	0	0	0	0	0	14914131	
251	1	F	3	N	2500	0	40	359	176	41	19	36	0	0	0	0	0	0	0	0	0	0	0	0	14914334	
252	1	F	3	N	2500	0	40	364	186	50	24	44	0	0	0	0	0	0	0	0	0	0	0	0	14914833	
253	1	G	3	N	2500	6	40	347	172	51	21	37	0	0	0	0	0	0	0	0	0	0	0	0	14921744	
254	1	G	3	N	2500	6	40	258	224	63	31	48	0	0	0	0	0	0	0	0	0	0	0	0	14921760	
255	1	G	3	N	2500	2	1	278	146	43	21	34	0	0	0	0	0	0	0	0	0	0	0	0	14922041	
256	1	G	3	N	2500	2	1	602	248	85	29	57	0	0	0	0	0	0	0	0	0	0	0	0	14922930	
257	1	G	3	N	2500	8	40	412	179	39	20	40	0	0	0	0	0	0	0	0	0	0	0	0	14922930	
258	1	G	3	N	2500	6	40	340	173	42	20	40	0	0	0	0	0	0	0	0	0	0	0	0	14923757	
259	1	G	3	N	2500	0	40	337	158	42	18	30	0	0	0	0	0	0	0	0	0	0	0	0	14924006	
260	1	G	3	N	2500	0	40	380	200	47	23	41	0	0	0	0	0	0	0	0	0	0	0	0	14924349	
261	1	G	3	N	2500	0	40	267	173	44	21	38	0	0	0	0	0	0	0	0	0	0	0	0	14925332	
262	1	G	3	N	2500	0	40	362	182	50	25	41	0	0	0	0	0	0	0	0	0	0	0	0	14925379	
263	1	G	3	N	2500	0	2	333	157	35	18	31	0	0	0	0	0	0	0	0	0	0	0	0	14925909	
264	1	G	3	N	2500	0	40	383	161	37	17	34	0	0	0	0	0	0	0	0	0	0	0	0	14926346	
265	1	G	3	N	2500	0	40	261	203	49	25	43	0	0	0	0	0	0	0	0	0	0	0	0	14926970	
266	1	G	3	N	2500	0	40	360	170	39	19	35	0	0	0	0	0	0	0	0	0	0	0	0	14927251	
267	1	G	3	N	2500	0	40	346	179	57	27	45	0	0	0	0	0	0	0	0	0	0	0	0	14927282	
268	1	G	3	N	2500	0	40	372	185	48	23	38	0	0	0	0	0	0	0	0	0	0	0	0	14927423	
269	1	G	3	N	2500	0	40	231	179	56	25	41	0	0	0	0	0	0	0	0	0	0	0	0	14927688	
270	1	G	3	N	2500	0	40	402	208	54	24	47	0	0	0	0	0	0	0	0	0	0	0	0	14927703	
271	1	G	3	N	2500	0	40	323	191	43	23	39	0	0	0	0	0	0	0	0	0	0	0	0	14927750	
272	1	G	3	N	2500	0	40	348	184	50	23	39	0	0	0	0	0	0	0	0	0	0	0	0	14927813	
273	1	G	3	N	2500	0	1	328	125	25	13	22	0	0	0	0	0	0	0	0	0	0	0	0	14927844	
274	1	G	3	N	2500	0	1	209	158	41	22	35	0	0	0	0	0	0	0	0	0	0	0	0	14928093	
275	1	G	3	N	2500	0	40	381	192	48	26	46	0	0	0	0	0	0	0	0	0	0	0	0	14928405	
276	1	G	3	N	2500	0	40	349	173	40	21	35	0	0	0	0	0	0	0	0	0	0	0	0	14928437	
277	1	G	3	N	2500	0	40	386	188	47	21	34	0	0	0	0	0	0	0	0	0	0	0	0	14928468	
278	1	G	3	N	2500	0	1	268	152	39	17	31	0	0	0	0	0	0	0	0	0	0	0	0	14928468	
279	1	G	3	N	2500	0	40	467	225	58	26	44	0	0	0	0	0	0	0	0	0	0	0	0	14928561	
280	1	G	3	N	2500	0	2	281	156	36	20	33	0	0	0	0	0	0	0	0	0	0	0	0	14928967	
281	1	G	3	N	2500	0	40	257	168	50	24	40	0	0	0	0	0	0	0	0	0	0	0	0	14928983	
282	1	A	4	N	2500	6	40	315	178	41	21	38	0	0	0	0	0	0	0	0	0	0	0	0	14951883	
283	1	A	4	N	2500	2	1	188	117	34	17	31	0	0	0	0	0	0	0	0	0	0	0	0	14953085	
284	1	A	4	N	2500	2	2	353	144	30	15	30	0	0	0	0	0	0	0	0	0	0	0	0	14955627	
285	1	A	4	N	2500	2	1	213	128	25	15	26	0	0	0	0	0	0	0	0	0	0	0	0	14956719	
286	1	A	4	N	2500	6	40	361	165	37	18	31	0	0	0	0	0	0	0	0	0	0	0	0	14956797	
287	1	A	4	N	2500	2	1	213	160	37	18	36	0	0	0	0	0	0	0	0	0	0	0	0	14958545	
288	1	A	4	N	2500	2	1	172	131	30	16	31	0	0	0	0	0	0	0	0	0	0	0	0	14958810	
289	1	B	4	N	2500	2	1	161	80	18	12	23	0	0	0	0	0	0	0	0	0	0	0	0	14966969	
290	1	B	4	N	2500	6	40	360	154	36	18	30	0	0	0	0	0	0	0	0	0	0	0	0	14967764	
291	1	B	4	N	2500	2	1	274	142	34	18	29	0	0	0	0	0	0	0	0	0	0	0	0	14967811	
292	1	B	4	N	2500	2	1	292	145	32	16	23	0	0	0	0	0	0	0	0	0	0	0	0	14968591	
293	1	B	4	N	2500	2	1	237	153	35	19	32	0	0	0	0	0	0	0	0	0	0	0	0	14969870	
294	1	B	4	N	2500	6	40	372	178	44	18	30	0	0	0	0	0	0	0	0	0	0	0	0	14971586	
295	1	B	4	N	2500	2	2	371	155	35	17	28	0	0	0	0	0	0	0	0	0	0	0	0	14972070	
296	1	C	4	N	2500	2	1	164	106	22	11	22	0	0	0	0	0	0	0	0	0	0	0	0	14982007	
297	1	C	4	N	2500	2	1	298	124	30	14	20	0	0	0	0	0	0	0	0	0	0	0	0	14983271	
298	1	C	4	N	2500	6	40	439	215	56	27	52	0	0	0	0	0	0	0	0	0	0	0	0	14984113	
299	1	C	4	N	2500	2	1	246	107	24	13	21	0	0	0	0	0	0	0	0	0	0	0	0	14984519	
300	1	D	4	N	2500	2	1	311	134	33	14	22	0	0	0	0	0	0	0	0	0	0	0	0	14995813	
301	1	D	4	N	2500	2	2	316	138	34	14	24	0	0	0	0	0	0	0	0	0	0	0	0	14998855	
302	1	D	4	N	2500	2	1	172	179	53	26	38	0	0	0	0	0	0	0	0	0	0	0	0	15000696	
303	1	D	4	N	2500	2	1	282	147	47	20	39	0	0	0	0	0	0	0	0	0	0	0	0	15000930	
304	1	D	4	N	2500	2	1	291	117	24	13	23	0	0	0	0	0	0	0	0	0	0	0	0	15001242	
305	1	D	4	N	2500	2	1	98	100	59	54	108	0	0	0	0	0	0	0	0	0	0	0	0	15001257	
306	1	D	4	N	2500	2	1	190	83	17	9	16	0	0	0	0	0	0	0	0	0	0	0	0	15001975	
307	1	D	4	N	2500	6	40	267	158	39	19	34	0	0	0	0	0	0	0	0	0	0	0	0	15002396	
308	1	E	4	N	2500	2	1	244	141	31	18	29	0	0	0	0	0	0	0	0	0	0	0	0	15011600	
309	1	E	4	N	2500	2	1	261	154	33	18	30	0	0	0	0	0	0	0	0	0	0	0	0	15013316	
310	1	E	4	N	2500	2	1	177	124	26	14	23	0	0	0	0	0	0	0	0	0	0	0	0	15014299	
311	1	E	4	N	2500	2	1	180	110	27	12	18	0	0	0	0	0	0	0	0	0	0	0	0	15014689	
312	1	E	4	N	2500	2	1	225	101	21	12	21	0	0	0	0	0	0	0	0	0	0	0	0	15015032	
313	1	E	4	N	2500	6	40	439	203	53	25	41	0	0	0	0	0	0	0	0	0	0	0	0	15015126	
314	1	E	4	N	2500	2	1	205	175	43	23	36	0	0	0	0	0	0	0	0	0	0	0	0	15017201	
315	1	F	4	N	2500	6	40	331	166	41	21	34	0	0	0	0	0	0	0	0	0	0	0	0	15025359	
316	1	F	4	N	2500	2	2	355	157	33	17	30	0	0	0	0	0	0	0	0	0	0	0	0	15027465	
317	1	F	4	N	2500	2	1	215	144	28	15	27	0	0	0	0	0	0	0	0	0	0	0	0	15028027	
318	1	F	4	N	2500	2	1	322	133	29	13	23	0	0	0	0	0	0	0	0	0	0	0	0	15029618	
319	1	F	4	N	2500	2	1	526	200	57	26	44	0	0	0	0	0	0	0	0	0	0	0	0	15029915	
320	1	F	4	N	2500	2	1	200	145	33	16	25	0	0	0	0	0	0	0	0	0	0	0	0	15029977	
321	1	F	4	N	2500	6	40	334	149	39	17	24	0	0	0	0	0	0	0	0	0	0	0	0	15030305	
322	1	F	4	N	2500	2	1	243	152	41	21	36	0	0	0	0	0	0	0	0	0	0	0	0	15030476	
323	1	F	4	N	2500	6	40	255	228	60	29	51	0	0	0	0	0	0	0	0	0	0	0	0	15030866	
324	1	F	4	N	2500	0	1	324	110	20	9	19	0	0	0	0	0	0	0	0	0	0	0	0	15030897	
325	1	F	4	N	2500	0	1	204	133	27	15	26	0	0	0	0	0	0	0	0	0	0	0	0	15031053	
326	1	F	4	N	2500	0	40	373	208	52	26	41	0	0	0	0	0	0	0	0	0	0	0	0	15031350	
327	1	F	4	N	2500	0	40	375	148	37	17	31	0	0	0	0	0	0	0	0	0	0	0	0	15031646	
328	1	F	4	N	2500	0	1	284	94	18	10	19	0	0	0	0	0	0	0	0	0	0	0	0	15032005	
329	1	G	4	N	2500	2	1	113	73	15	8	12	0	0	0	0	0	0	0	0	0	0	0	0	15039103	
330	1	G	4	N	2500	33	1	54	32	7	4	6	0	0	0	0	0	0	0	0	0	0	0	0	15039103	
331	1	G	4	N	2500	2	1	245	116	25	12	21	0	0	0	0	0	0	0	0	0	0	0	0	15039228	
332	1	G	4	N	2500	6	40	431	205	52	24	38	0	0	0	0	0	0	0	0	0	0	0	0	15041896	
333	1	G	4	N	2500	2	1	204	136	235	259	300	0	0	0	0	0	0	0	0	0	0	0	0	15042504	
334	1	G	4	N	2500	2	1	568	290	69	33	49	0	0	0	0	0	0	0	0	0	0	0	0	15042894	
335	1	G	4	N	2500	2	1	160	77	17	8	14	0	0	0	0	0	0	0	0	0	0	0	0	15042910	
336	1	G	4	N	2500	2	1	208	135	28	14	22	0	0	0	0	0	0	0	0	0	0	0	0	15043643	
337	1	G	4	N	2500	6	40	471	212	55	26	52	0	0	0	0	0	0	0	0	0	0	0	0	15043768	
338	1	G	4	N	2500	6	40	264	208	48	24	45	0	0	0	0	0	0	0	0	0	0	0	0	15044173	
339	1	G	4	N	2500	0	1	190	139	35	17	27	0	0	0	0	0	0	0	0	0	0	0	0	15044704	
340	1	G	4	N	2500	0	1	266	152	35	18	30	0	0	0	0	0	0	0	0	0	0	0	0	15045421	
341	1	G	4	N	2500	0	40	356	168	41	22	39	0	0	0	0	0	0	0	0	0	0	0	0	15045889	
342	1	H	4	N	2500	2	1	59	15	6	5	15	0	0	0	0	0	0	0	0	0	0	0	0	15057886	
343	1	H	4	N	2500	2	1	72	42	12	12	28	0	0	0	0	0	0	0	0	0	0	0	0	15059243	
344	1	A	5	N	2500	6	40	375	165	36	18	27	0	0	0	0	0	0	0	0	0	0	0	0	15068884	
345	1	A	5	N	2500	2	2	339	153	35	17	33	0	0	0	0	0	0	0	0	0	0	0	0	15069788	
346	1	A	5	N	2500	8	40	333	178	47	23	34	0	0	0	0	0	0	0	0	0	0	0	0	15069804	
347	1	A	5	N	2500	6	40	377	149	42	18	29	0	0	0	0	0	0	0	0	0	0	0	0	15070412	
348	1	A	5	N	2500	2	1	173	120	26	13	23	0	0	0	0	0	0	0	0	0	0	0	0	15070756	
349	1	A	5	N	2500	2	2	360	155	34	17	29	0	0	0	0	0	0	0	0	0	0	0	0	15071317	
350	1	A	5	N	2500	6	40	399	151	39	19	34	0	0	0	0	0	0	0	0	0	0	0	0	15071567	
351	1	A	5	N	2500	0	2	316	145	30	15	26	0	0	0	0	0	0	0	0	0	0	0	0	15072721	
352	1	A	5	N	2500	0	40	325	159	36	18	30	0	0	0	0	0	0	0	0	0	0	0	0	15073782	
353	1	A	5	N	2500	0	40	349	180	47	22	38	0	0	0	0	0	0	0	0	0	0	0	0	15075514	
354	1	A	5	N	2500	0	2	314	150	33	16	24	0	0	0	0	0	0	0	0	0	0	0	0	15075592	
355	1	A	5	N	2500	0	1	267	69	21	5	18	0	0	0	0	0	0	0	0	0	0	0	0	15075638	
356	1	A	5	N	2500	0	2	298	165	35	17	33	0	0	0	0	0	0	0	0	0	0	0	0	15075888	
357	1	B	5	N	2500	6	40	312	177	39	21	36	0	0	0	0	0	0	0	0	0	0	0	0	15082986	
358	1	B	5	N	2500	6	40	289	208	48	25	42	0	0	0	0	0	0	0	0	0	0	0	0	15083002	
359	1	B	5	N	2500	2	2	261	167	36	20	35	0	0	0	0	0	0	0	0	0	0	0	0	15084702	
360	1	B	5	N	2500	6	40	365	181	41	20	37	0	0	0	0	0	0	0	0	0	0	0	0	15085279	
361	1	B	5	N	2500	0	1	191	93	16	9	16	0	0	0	0	0	0	0	0	0	0	0	0	15085654	
362	1	B	5	N	2500	0	40	329	159	41	19	36	0	0	0	0	0	0	0	0	0	0	0	0	15085856	
363	1	B	5	N	2500	0	2	324	143	32	14	26	0	0	0	0	0	0	0	0	0	0	0	0	15086246	
364	1	B	5	N	2500	0	1	258	148	31	16	30	0	0	0	0	0	0	0	0	0	0	0	0	15086387	
365	1	B	5	N	2500	0	40	266	181	44	21	41	0	0	0	0	0	0	0	0	0	0	0	0	15086434	
366	1	B	5	N	2500	0	1	264	153	39	18	32	0	0	0	0	0	0	0	0	0	0	0	0	15086590	
367	1	B	5	N	2500	0	2	247	169	32	16	29	0	0	0	0	0	0	0	0	0	0	0	0	15087307	
368	1	B	5	N	2500	0	40	269	168	41	21	35	0	0	0	0	0	0	0	0	0	0	0	0	15087822	
369	1	B	5	N	2500	0	40	255	178	40	20	34	0	0	0	0	0	0	0	0	0	0	0	0	15087978	
370	1	B	5	N	2500	0	1	226	173	41	23	35	0	0	0	0	0	0	0	0	0	0	0	0	15088540	
371	1	B	5	N	2500	0	40	377	179	42	20	41	0	0	0	0	0	0	0	0	0	0	0	0	15089023	
372	1	B	5	N	2500	0	40	341	166	41	20	32	0	0	0	0	0	0	0	0	0	0	0	0	15089132	
373	1	B	5	N	2500	0	1	213	138	31	17	27	0	0	0	0	0	0	0	0	0	0	0	0	15089460	
374	1	B	5	N	2500	0	40	334	163	37	18	33	0	0	0	0	0	0	0	0	0	0	0	0	15089600	
375	1	B	5	N	2500	0	40	362	179	40	20	38	0	0	0	0	0	0	0	0	0	0	0	0	15089725	
376	1	B	5	N	2500	0	1	210	140	31	16	27	0	0	0	0	0	0	0	0	0	0	0	0	15089944	
377	1	B	5	N	2500	0	1	320	135	29	14	22	0	0	0	0	0	0	0	0	0	0	0	0	15090037	
378	1	B	5	N	2500	0	40	387	179	43	20	34	0	0	0	0	0	0	0	0	0	0	0	0	15090302	
379	1	B	5	N	2500	0	2	339	137	29	13	22	0	0	0	0	0	0	0	0	0	0	0	0	15090349	
380	1	C	5	N	2500	6	40	374	195	48	23	43	0	0	0	0	0	0	0	0	0	0	0	0	15097603	
381	1	C	5	N	2500	2	1	336	122	22	11	17	0	0	0	0	0	0	0	0	0	0	0	0	15097619	
382	1	C	5	N	2500	2	1	199	106	19	10	16	0	0	0	0	0	0	0	0	0	0	0	0	15098570	
383	1	C	5	N	2500	2	1	233	146	36	20	31	0	0	0	0	0	0	0	0	0	0	0	0	15098882	
384	1	C	5	N	2500	6	40	279	157	45	19	37	0	0	0	0	0	0	0	0	0	0	0	0	15099007	
385	1	C	5	N	2500	2	1	300	131	28	13	24	0	0	0	0	0	0	0	0	0	0	0	0	15099538	
386	1	C	5	N	2500	2	1	599	246	85	28	50	0	0	0	0	0	0	0	0	0	0	0	0	15099694	
387	1	C	5	N	2500	6	40	389	189	45	22	41	0	0	0	0	0	0	0	0	0	0	0	0	15100084	
388	1	C	5	N	2500	0	40	373	184	54	26	37	0	0	0	0	0	0	0	0	0	0	0	0	15100442	
389	1	C	5	N	2500	0	40	367	183	43	21	38	0	0	0	0	0	0	0	0	0	0	0	0	15100692	
390	1	C	5	N	2500	0	40	383	167	42	19	35	0	0	0	0	0	0	0	0	0	0	0	0	15100739	
391	1	C	5	N	2500	0	40	249	170	48	23	37	0	0	0	0	0	0	0	0	0	0	0	0	15100801	
392	1	C	5	N	2500	0	40	353	167	37	18	30	0	0	0	0	0	0	0	0	0	0	0	0	15100832	
393	1	C	5	N	2500	0	1	174	120	24	13	17	0	0	0	0	0	0	0	0	0	0	0	0	15100926	
394	1	C	5	N	2500	0	1	311	138	29	14	24	0	0	0	0	0	0	0	0	0	0	0	0	15101020	
395	1	C	5	N	2500	0	1	76	19	4	2	4	0	0	0	0	0	0	0	0	0	0	0	0	15101066	
396	1	C	5	N	2500	0	40	286	166	43	22	38	0	0	0	0	0	0	0	0	0	0	0	0	15101066	
397	1	C	5	N	2500	0	1	208	167	47	21	33	0	0	0	0	0	0	0	0	0	0	0	0	15101503	
398	1	C	5	N	2500	0	2	347	156	34	16	31	0	0	0	0	0	0	0	0	0	0	0	0	15101831	
399	1	C	5	N	2500	0	1	240	154	34	20	31	0	0	0	0	0	0	0	0	0	0	0	0	15102252	
400	1	C	5	N	2500	0	1	238	159	45	22	40	0	0	0	0	0	0	0	0	0	0	0	0	15103391	
401	1	C	5	N	2500	0	2	325	143	29	14	23	0	0	0	0	0	0	0	0	0	0	0	0	15103422	
402	1	C	5	N	2500	0	2	329	140	28	14	25	0	0	0	0	0	0	0	0	0	0	0	0	15103453	
403	1	C	5	N	2500	0	40	397	191	54	25	44	0	0	0	0	0	0	0	0	0	0	0	0	15103609	
404	1	C	5	N	2500	0	40	369	179	39	20	39	0	0	0	0	0	0	0	0	0	0	0	0	15104186	
405	1	C	5	N	2500	0	1	203	136	37	19	31	0	0	0	0	0	0	0	0	0	0	0	0	15104358	
406	1	D	5	N	2500	2	1	68	22	5	4	11	0	0	0	0	0	0	0	0	0	0	0	0	15112454	
407	1	D	5	N	2500	2	1	138	103	27	14	24	0	0	0	0	0	0	0	0	0	0	0	0	15113016	
408	1	D	5	N	2500	33	1	56	36	9	5	8	0	0	0	0	0	0	0	0	0	0	0	0	15113016	
409	1	D	5	N	2500	8	40	276	185	55	24	39	0	0	0	0	0	0	0	0	0	0	0	0	15113032	
410	1	D	5	N	2500	2	1	313	129	26	14	25	0	0	0	0	0	0	0	0	0	0	0	0	15113219	
411	1	D	5	N	2500	6	40	438	212	48	24	41	0	0	0	0	0	0	0	0	0	0	0	0	15113858	
412	1	D	5	N	2500	6	40	369	183	50	21	39	0	0	0	0	0	0	0	0	0	0	0	0	15113890	
413	1	D	5	N	2500	2	2	360	147	33	15	25	0	0	0	0	0	0	0	0	0	0	0	0	15114826	
414	1	D	5	N	2500	2	1	113	89	19	11	19	0	0	0	0	0	0	0	0	0	0	0	0	15115044	
415	1	D	5	N	2500	2	2	330	152	33	17	28	0	0	0	0	0	0	0	0	0	0	0	0	15115122	
416	1	D	5	N	2500	6	40	414	169	36	16	31	0	0	0	0	0	0	0	0	0	0	0	0	15115216	
417	1	D	5	N	2500	0	1	229	151	37	17	26	0	0	0	0	0	0	0	0	0	0	0	0	15115481	
418	1	D	5	N	2500	0	1	205	161	42	19	35	0	0	0	0	0	0	0	0	0	0	0	0	15115481	
419	1	D	5	N	2500	0	40	388	198	52	23	42	0	0	0	0	0	0	0	0	0	0	0	0	15115606	
420	1	D	5	N	2500	0	2	323	149	34	16	26	0	0	0	0	0	0	0	0	0	0	0	0	15115918	
421	1	D	5	N	2500	0	2	350	153	35	18	28	0	0	0	0	0	0	0	0	0	0	0	0	15116510	
422	1	D	5	N	2500	0	1	71	20	3	2	4	0	0	0	0	0	0	0	0	0	0	0	0	15116588	
423	1	D	5	N	2500	0	1	187	118	29	15	26	0	0	0	0	0	0	0	0	0	0	0	0	15116588	
424	1	D	5	N	2500	0	40	289	173	52	23	39	0	0	0	0	0	0	0	0	0	0	0	0	15117415	
425	1	D	5	N	2500	0	1	241	112	38	18	27	0	0	0	0	0	0	0	0	0	0	0	0	15117524	
426	1	D	5	N	2500	0	1	100	49	11	6	11	0	0	0	0	0	0	0	0	0	0	0	0	15117524	
427	1	D	5	N	2500	0	1	241	158	43	19	31	0	0	0	0	0	0	0	0	0	0	0	0	15118258	
428	1	D	5	N	2500	0	40	269	195	51	26	43	0	0	0	0	0	0	0	0	0	0	0	0	15118351	
429	1	E	5	N	2500	6	40	350	166	47	19	33	0	0	0	0	0	0	0	0	0	0	0	0	15125668	
430	1	E	5	N	2500	6	40	346	167	37	19	31	0	0	0	0	0	0	0	0	0	0	0	0	15128320	
431	1	E	5	N	2500	6	40	362	174	40	20	34	0	0	0	0	0	0	0	0	0	0	0	0	15128788	
432	1	E	5	N	2500	0	1	317	115	21	11	22	0	0	0	0	0	0	0	0	0	0	0	0	15129178	
433	1	E	5	N	2500	0	1	166	178	47	23	34	0	0	0	0	0	0	0	0	0	0	0	0	15129427	
434	1	E	5	N	2500	0	40	270	196	52	26	46	0	0	0	0	0	0	0	0	0	0	0	0	15129833	
435	1	E	5	N	2500	0	1	182	129	26	14	24	0	0	0	0	0	0	0	0	0	0	0	0	15129942	
436	1	E	5	N	2500	0	40	371	165	37	18	35	0	0	0	0	0	0	0	0	0	0	0	0	15130784	
437	1	E	5	N	2500	0	1	195	121	28	16	28	0	0	0	0	0	0	0	0	0	0	0	0	15130847	
438	1	E	5	N	2500	0	2	258	165	35	19	29	0	0	0	0	0	0	0	0	0	0	0	0	15130956	
439	1	E	5	N	2500	0	1	282	144	36	18	33	0	0	0	0	0	0	0	0	0	0	0	0	15131159	
440	1	E	5	N	2500	0	2	340	152	32	17	29	0	0	0	0	0	0	0	0	0	0	0	0	15131174	
441	1	E	5	N	2500	0	40	233	197	53	23	39	0	0	0	0	0	0	0	0	0	0	0	0	15131533	
442	1	E	5	N	2500	0	1	235	157	42	19	32	0	0	0	0	0	0	0	0	0	0	0	0	15132407	
443	1	F	5	N	2500	6	40	278	197	45	24	42	0	0	0	0	0	0	0	0	0	0	0	0	15140737	
444	1	F	5	N	2500	6	40	518	216	48	23	41	0	0	0	0	0	0	0	0	0	0	0	0	15141112	
445	1	F	5	N	2500	2	1	154	93	18	11	18	0	0	0	0	0	0	0	0	0	0	0	0	15141595	
446	1	F	5	N	2500	6	40	270	183	45	24	39	0	0	0	0	0	0	0	0	0	0	0	0	15141626	
447	1	F	5	N	2500	0	40	291	181	45	25	42	0	0	0	0	0	0	0	0	0	0	0	0	15142750	
448	1	F	5	N	2500	0	1	236	158	41	20	34	0	0	0	0	0	0	0	0	0	0	0	0	15143358	
449	1	F	5	N	2500	0	40	407	180	41	19	36	0	0	0	0	0	0	0	0	0	0	0	0	15143982	
450	1	F	5	N	2500	0	1	206	107	22	11	22	0	0	0	0	0	0	0	0	0	0	0	0	15144029	
451	1	F	5	N	2500	0	40	367	180	39	21	38	0	0	0	0	0	0	0	0	0	0	0	0	15144107	
452	1	F	5	N	2500	0	40	347	157	36	18	28	0	0	0	0	0	0	0	0	0	0	0	0	15144247	
453	1	F	5	N	2500	0	1	196	127	33	16	25	0	0	0	0	0	0	0	0	0	0	0	0	15144356	
454	1	F	5	N	2500	0	40	422	200	53	28	47	0	0	0	0	0	0	0	0	0	0	0	0	15144544	
455	1	F	5	N	2500	0	40	306	174	39	21	33	0	0	0	0	0	0	0	0	0	0	0	0	15144762	
456	1	F	5	N	2500	0	1	174	85	16	7	15	0	0	0	0	0	0	0	0	0	0	0	0	15144793	
457	1	F	5	N	2500	0	1	246	129	31	17	32	0	0	0	0	0	0	0	0	0	0	0	0	15144871	
458	1	F	5	N	2500	0	40	433	212	55	26	46	0	0	0	0	0	0	0	0	0	0	0	0	15145402	
459	1	F	5	N	2500	0	1	201	113	22	12	16	0	0	0	0	0	0	0	0	0	0	0	0	15145792	
460	1	F	5	N	2500	0	40	355	162	41	19	35	0	0	0	0	0	0	0	0	0	0	0	0	15145838	
461	1	F	5	N	2500	0	40	419	187	47	20	39	0	0	0	0	0	0	0	0	0	0	0	0	15146806	
462	1	F	5	N	2500	0	1	233	161	52	23	41	0	0	0	0	0	0	0	0	0	0	0	0	15146962	
463	1	F	5	N	2500	0	2	336	151	34	17	33	0	0	0	0	0	0	0	0	0	0	0	0	15147118	
464	1	F	5	N	2500	0	40	236	173	38	20	30	0	0	0	0	0	0	0	0	0	0	0	0	15147430	
465	1	G	5	N	2500	2	1	242	139	38	18	34	0	0	0	0	0	0	0	0	0	0	0	0	15156291	
466	1	G	5	N	2500	2	2	354	156	34	18	28	0	0	0	0	0	0	0	0	0	0	0	0	15156384	
467	1	G	5	N	2500	2	2	341	134	31	14	24	0	0	0	0	0	0	0	0	0	0	0	0	15156759	
468	1	G	5	N	2500	6	40	314	192	61	28	49	0	0	0	0	0	0	0	0	0	0	0	0	15156852	
469	1	G	5	N	2500	2	1	299	116	22	13	24	0	0	0	0	0	0	0	0	0	0	0	0	15157086	
470	1	G	5	N	2500	2	2	269	165	36	17	35	0	0	0	0	0	0	0	0	0	0	0	0	15157726	
471	1	G	5	N	2500	2	2	360	147	31	17	34	0	0	0	0	0	0	0	0	0	0	0	0	15157773	
472	1	G	5	N	2500	2	2	318	153	33	16	28	0	0	0	0	0	0	0	0	0	0	0	0	15157773	
473	1	G	5	N	2500	2	1	323	135	34	14	22	0	0	0	0	0	0	0	0	0	0	0	0	15157960	
474	1	G	5	N	2500	8	40	333	166	41	19	29	0	0	0	0	0	0	0	0	0	0	0	0	15157960	
475	1	G	5	N	2500	6	40	350	167	39	20	35	0	0	0	0	0	0	0	0	0	0	0	0	15158287	
476	1	G	5	N	2500	6	40	249	188	52	27	46	0	0	0	0	0	0	0	0	0	0	0	0	15159005	
477	1	G	5	N	2500	0	1	184	112	27	11	21	0	0	0	0	0	0	0	0	0	0	0	0	15159021	
478	1	G	5	N	2500	0	40	361	176	42	21	36	0	0	0	0	0	0	0	0	0	0	0	0	15159099	
479	1	G	5	N	2500	0	1	195	129	29	14	22	0	0	0	0	0	0	0	0	0	0	0	0	15159270	
480	1	G	5	N	2500	0	1	205	161	46	21	37	0	0	0	0	0	0	0	0	0	0	0	0	15159567	
481	1	G	5	N	2500	0	40	373	188	49	22	44	0	0	0	0	0	0	0	0	0	0	0	0	15159582	
482	1	G	5	N	2500	0	1	201	146	33	16	29	0	0	0	0	0	0	0	0	0	0	0	0	15159941	
483	1	G	5	N	2500	0	40	368	188	47	24	42	0	0	0	0	0	0	0	0	0	0	0	0	15160331	
484	1	G	5	N	2500	0	40	366	157	37	17	26	0	0	0	0	0	0	0	0	0	0	0	0	15161017	
485	1	G	5	N	2500	0	40	330	161	37	17	31	0	0	0	0	0	0	0	0	0	0	0	0	15161267	
486	1	G	5	N	2500	0	40	509	245	61	28	52	0	0	0	0	0	0	0	0	0	0	0	0	15161407	
487	1	A	6	N	2500	2	2	319	151	34	17	33	0	0	0	0	0	0	0	0	0	0	0	0	15185572	
488	1	A	6	N	2500	6	40	394	184	48	27	48	0	0	0	0	0	0	0	0	0	0	0	0	15185728	
489	1	A	6	N	2500	2	1	238	156	36	18	28	0	0	0	0	0	0	0	0	0	0	0	0	15185790	
490	1	A	6	N	2500	2	1	235	142	34	19	33	0	0	0	0	0	0	0	0	0	0	0	0	15186274	
491	1	A	6	N	2500	2	1	309	111	22	12	21	0	0	0	0	0	0	0	0	0	0	0	0	15187288	
492	1	A	6	N	2500	6	40	286	159	41	20	35	0	0	0	0	0	0	0	0	0	0	0	0	15187849	
493	1	A	6	N	2500	2	2	329	151	35	17	26	0	0	0	0	0	0	0	0	0	0	0	0	15188801	
494	1	A	6	N	2500	6	40	352	173	43	19	36	0	0	0	0	0	0	0	0	0	0	0	0	15188926	
495	1	A	6	N	2500	0	40	371	198	50	23	45	0	0	0	0	0	0	0	0	0	0	0	0	15188941	
496	1	A	6	N	2500	0	1	255	83	14	7	14	0	0	0	0	0	0	0	0	0	0	0	0	15189113	
497	1	A	6	N	2500	0	2	336	157	35	18	26	0	0	0	0	0	0	0	0	0	0	0	0	15189222	
498	1	A	6	N	2500	0	2	343	159	34	19	29	0	0	0	0	0	0	0	0	0	0	0	0	15189472	
499	1	A	6	N	2500	0	40	236	179	40	22	35	0	0	0	0	0	0	0	0	0	0	0	0	15189675	
500	1	A	6	N	2500	0	40	360	177	43	21	33	0	0	0	0	0	0	0	0	0	0	0	0	15189737	
501	1	A	6	N	2500	0	40	245	178	40	22	35	0	0	0	0	0	0	0	0	0	0	0	0	15190548	
502	1	A	6	N	2500	0	1	178	111	23	11	18	0	0	0	0	0	0	0	0	0	0	0	0	15190735	
503	1	A	6	N	2500	0	2	314	138	28	14	24	0	0	0	0	0	0	0	0	0	0	0	0	15190813	
504	1	B	6	N	2500	2	1	207	119	23	14	25	0	0	0	0	0	0	0	0	0	0	0	0	15197974	
505	1	B	6	N	2500	2	1	83	101	33	0	3	0	0	0	0	0	0	0	0	0	0	0	0	15198239	
506	1	B	6	N	2500	2	1	281	128	25	14	26	0	0	0	0	0	0	0	0	0	0	0	0	15198504	
507	1	B	6	N	2500	6	40	329	161	41	20	37	0	0	0	0	0	0	0	0	0	0	0	0	15198691	
508	1	B	6	N	2500	2	1	250	147	34	17	30	0	0	0	0	0	0	0	0	0	0	0	0	15199393	
509	1	B	6	N	2500	2	2	370	163	35	17	33	0	0	0	0	0	0	0	0	0	0	0	0	15199908	
510	1	B	6	N	2500	6	40	351	166	44	19	31	0	0	0	0	0	0	0	0	0	0	0	0	15201546	
511	1	B	6	N	2500	6	40	327	156	39	18	33	0	0	0	0	0	0	0	0	0	0	0	0	15201733	
512	1	B	6	N	2500	0	1	244	90	17	8	16	0	0	0	0	0	0	0	0	0	0	0	0	15202248	
513	1	B	6	N	2500	0	40	355	165	36	18	33	0	0	0	0	0	0	0	0	0	0	0	0	15202701	
514	1	B	6	N	2500	0	1	534	208	45	22	38	0	0	0	0	0	0	0	0	0	0	0	0	15202903	
515	1	B	6	N	2500	0	1	274	150	32	18	30	0	0	0	0	0	0	0	0	0	0	0	0	15203418	
516	1	B	6	N	2500	0	1	313	132	31	13	26	0	0	0	0	0	0	0	0	0	0	0	0	15204697	
517	1	B	6	N	2500	0	40	416	185	42	22	42	0	0	0	0	0	0	0	0	0	0	0	0	15205212	
518	1	B	6	N	2500	0	1	218	103	19	10	16	0	0	0	0	0	0	0	0	0	0	0	0	15205415	
519	1	C	6	N	2500	6	40	340	169	44	20	35	0	0	0	0	0	0	0	0	0	0	0	0	15212326	
520	1	C	6	N	2500	2	1	176	79	20	11	17	0	0	0	0	0	0	0	0	0	0	0	0	15213153	
521	1	C	6	N	2500	2	1	288	117	23	13	21	0	0	0	0	0	0	0	0	0	0	0	0	15213808	
522	1	C	6	N	2500	2	1	284	104	19	10	14	0	0	0	0	0	0	0	0	0	0	0	0	15213855	
523	1	C	6	N	2500	6	40	363	161	40	20	33	0	0	0	0	0	0	0	0	0	0	0	0	15214026	
524	1	C	6	N	2500	6	40	384	190	59	23	43	0	0	0	0	0	0	0	0	0	0	0	0	15214791	
525	1	C	6	N	2500	0	40	376	158	37	19	30	0	0	0	0	0	0	0	0	0	0	0	0	15214978	
526	1	C	6	N	2500	0	40	353	147	36	17	25	0	0	0	0	0	0	0	0	0	0	0	0	15215711	
527	1	C	6	N	2500	0	40	341	182	39	20	35	0	0	0	0	0	0	0	0	0	0	0	0	15215836	
528	1	C	6	N	2500	0	1	261	132	38	22	37	0	0	0	0	0	0	0	0	0	0	0	0	15215976	
529	1	C	6	N	2500	0	40	323	168	45	20	38	0	0	0	0	0	0	0	0	0	0	0	0	15215992	
530	1	C	6	N	2500	0	40	315	148	40	19	34	0	0	0	0	0	0	0	0	0	0	0	0	15216179	
531	1	C	6	N	2500	0	1	291	123	24	12	24	0	0	0	0	0	0	0	0	0	0	0	0	15217255	
532	1	C	6	N	2500	0	40	357	180	47	21	37	0	0	0	0	0	0	0	0	0	0	0	0	15217427	
533	1	C	6	N	2500	0	2	325	143	28	15	30	0	0	0	0	0	0	0	0	0	0	0	0	15217583	
534	1	C	6	N	2500	0	1	298	143	33	17	28	0	0	0	0	0	0	0	0	0	0	0	0	15217879	
535	1	C	6	N	2500	0	2	325	137	29	14	25	0	0	0	0	0	0	0	0	0	0	0	0	15218301	
536	1	C	6	N	2500	0	1	220	126	28	13	21	0	0	0	0	0	0	0	0	0	0	0	0	15218706	
537	1	C	6	N	2500	0	1	216	144	35	18	32	0	0	0	0	0	0	0	0	0	0	0	0	15218706	
538	1	C	6	N	2500	0	1	267	99	16	10	15	0	0	0	0	0	0	0	0	0	0	0	0	15219361	
539	1	C	6	N	2500	0	40	403	175	44	23	41	0	0	0	0	0	0	0	0	0	0	0	0	15219377	
540	1	C	6	N	2500	0	40	418	205	56	23	40	0	0	0	0	0	0	0	0	0	0	0	0	15219439	
541	1	D	6	N	2500	6	40	341	157	41	19	34	0	0	0	0	0	0	0	0	0	0	0	0	15228659	
542	1	D	6	N	2500	6	40	377	168	46	19	33	0	0	0	0	0	0	0	0	0	0	0	0	15228784	
543	1	D	6	N	2500	2	2	325	134	33	13	25	0	0	0	0	0	0	0	0	0	0	0	0	15230453	
544	1	D	6	N	2500	2	1	243	139	44	20	35	0	0	0	0	0	0	0	0	0	0	0	0	15231795	
545	1	D	6	N	2500	2	1	236	168	40	20	32	0	0	0	0	0	0	0	0	0	0	0	0	15232169	
546	1	D	6	N	2500	2	1	193	146	35	16	28	0	0	0	0	0	0	0	0	0	0	0	0	15232200	
547	1	D	6	N	2500	2	1	171	155	40	21	35	0	0	0	0	0	0	0	0	0	0	0	0	15232434	
548	1	D	6	N	2500	2	1	213	94	18	9	15	0	0	0	0	0	0	0	0	0	0	0	0	15233947	
549	1	E	6	N	2500	2	1	220	155	32	18	27	0	0	0	0	0	0	0	0	0	0	0	0	15242153	
550	1	E	6	N	2500	2	1	204	138	28	16	26	0	0	0	0	0	0	0	0	0	0	0	0	15242621	
551	1	E	6	N	2500	2	1	229	97	21	13	24	0	0	0	0	0	0	0	0	0	0	0	0	15242871	
552	1	E	6	N	2500	6	40	344	165	36	17	30	0	0	0	0	0	0	0	0	0	0	0	0	15242995	
553	1	E	6	N	2500	2	1	297	120	22	12	17	0	0	0	0	0	0	0	0	0	0	0	0	15243339	
554	1	E	6	N	2500	2	1	233	102	19	10	19	0	0	0	0	0	0	0	0	0	0	0	0	15244743	
555	1	E	6	N	2500	2	1	325	114	20	12	23	0	0	0	0	0	0	0	0	0	0	0	0	15244821	
556	1	E	6	N	2500	6	40	255	171	39	21	37	0	0	0	0	0	0	0	0	0	0	0	0	15244992	
557	1	E	6	N	2500	2	1	240	128	22	14	23	0	0	0	0	0	0	0	0	0	0	0	0	15246131	
558	1	E	6	N	2500	2	1	209	129	24	13	26	0	0	0	0	0	0	0	0	0	0	0	0	15246771	
559	1	E	6	N	2500	6	40	363	176	44	20	37	0	0	0	0	0	0	0	0	0	0	0	0	15247036	
560	1	E	6	N	2500	0	1	162	113	20	12	17	0	0	0	0	0	0	0	0	0	0	0	0	15247675	
561	1	E	6	N	2500	0	40	308	192	52	23	37	0	0	0	0	0	0	0	0	0	0	0	0	15247878	
562	1	F	6	N	2500	2	1	244	163	45	21	33	0	0	0	0	0	0	0	0	0	0	0	0	15256021	
563	1	F	6	N	2500	6	40	376	159	41	20	34	0	0	0	0	0	0	0	0	0	0	0	0	15260202	
564	1	F	6	N	2500	2	1	278	110	22	12	24	0	0	0	0	0	0	0	0	0	0	0	0	15260967	
565	1	F	6	N	2500	2	1	236	121	26	15	23	0	0	0	0	0	0	0	0	0	0	0	0	15261201	
566	1	F	6	N	2500	2	1	178	123	31	17	27	0	0	0	0	0	0	0	0	0	0	0	0	15262028	
567	1	F	6	N	2500	2	2	332	139	27	15	24	0	0	0	0	0	0	0	0	0	0	0	0	15262464	
568	1	G	6	N	2500	2	1	308	127	30	14	25	0	0	0	0	0	0	0	0	0	0	0	0	15270639	
569	1	G	6	N	2500	2	1	312	134	29	14	24	0	0	0	0	0	0	0	0	0	0	0	0	15271575	
570	1	G	6	N	2500	2	1	195	146	34	17	29	0	0	0	0	0	0	0	0	0	0	0	0	15272511	
571	1	G	6	N	2500	6	40	365	161	43	17	30	0	0	0	0	0	0	0	0	0	0	0	0	15273026	
572	1	G	6	N	2500	6	40	364	178	45	22	35	0	0	0	0	0	0	0	0	0	0	0	0	15273104	
573	1	G	6	N	2500	6	40	313	153	38	17	31	0	0	0	0	0	0	0	0	0	0	0	0	15273213	
574	1	G	6	N	2500	0	40	380	191	45	21	37	0	0	0	0	0	0	0	0	0	0	0	0	15273478	
575	1	G	6	N	2500	0	1	299	112	25	12	22	0	0	0	0	0	0	0	0	0	0	0	0	15273696	
576	1	G	6	N	2500	0	1	250	131	27	14	25	0	0	0	0	0	0	0	0	0	0	0	0	15274430	
577	1	G	6	N	2500	0	40	270	163	38	20	33	0	0	0	0	0	0	0	0	0	0	0	0	15275428	
578	1	G	6	N	2500	0	40	359	171	46	22	36	0	0	0	0	0	0	0	0	0	0	0	0	15275615	
579	1	G	6	N	2500	0	1	259	122	23	12	26	0	0	0	0	0	0	0	0	0	0	0	0	15275943	
580	1	G	6	N	2500	0	40	230	177	48	25	39	0	0	0	0	0	0	0	0	0	0	0	0	15276426	
581	1	G	6	N	2500	0	2	349	140	30	15	26	0	0	0	0	0	0	0	0	0	0	0	0	15277097	
582	1	H	6	N	2500	2	1	288	82	16	5	16	0	0	0	0	0	0	0	0	0	0	0	0	15287612	
583	1	A	7	N	2500	2	1	209	107	23	13	26	0	0	0	0	0	0	0	0	0	0	0	0	15299561	
584	1	A	7	N	2500	2	1	320	126	29	14	26	0	0	0	0	0	0	0	0	0	0	0	0	15300294	
585	1	A	7	N	2500	2	1	279	124	23	14	24	0	0	0	0	0	0	0	0	0	0	0	0	15300716	
586	1	A	7	N	2500	2	1	279	122	21	11	27	0	0	0	0	0	0	0	0	0	0	0	0	15301901	
587	1	A	7	N	2500	2	1	218	84	15	10	18	0	0	0	0	0	0	0	0	0	0	0	0	15302104	
588	1	A	7	N	2500	2	1	244	105	21	11	23	0	0	0	0	0	0	0	0	0	0	0	0	15302260	
589	1	A	7	N	2500	2	1	193	147	33	17	32	0	0	0	0	0	0	0	0	0	0	0	0	15302338	
590	1	A	7	N	2500	2	1	154	99	18	13	25	0	0	0	0	0	0	0	0	0	0	0	0	15303087	
591	1	A	7	N	2500	2	1	184	147	40	20	29	0	0	0	0	0	0	0	0	0	0	0	0	15303118	
592	1	A	7	N	2500	2	1	287	115	26	17	33	0	0	0	0	0	0	0	0	0	0	0	0	15303274	
593	1	A	7	N	2500	2	1	139	86	16	10	18	0	0	0	0	0	0	0	0	0	0	0	0	15303648	
594	1	A	7	N	2500	2	2	240	172	36	20	33	0	0	0	0	0	0	0	0	0	0	0	0	15303820	
595	1	A	7	N	2500	2	1	302	133	30	14	24	0	0	0	0	0	0	0	0	0	0	0	0	15304226	
596	1	A	7	N	2500	2	1	135	91	17	11	18	0	0	0	0	0	0	0	0	0	0	0	0	15304288	
597	1	A	7	N	2500	2	1	118	72	17	11	19	0	0	0	0	0	0	0	0	0	0	0	0	15305489	
598	1	A	7	N	2500	2	1	171	138	32	16	25	0	0	0	0	0	0	0	0	0	0	0	0	15306082	
599	1	A	7	N	2500	2	1	173	89	22	11	21	0	0	0	0	0	0	0	0	0	0	0	0	15306207	
600	1	B	7	N	2500	2	1	256	112	20	11	21	0	0	0	0	0	0	0	0	0	0	0	0	15314724	
601	1	B	7	N	2500	2	1	262	93	14	8	16	0	0	0	0	0	0	0	0	0	0	0	0	15316206	
602	1	B	7	N	2500	2	1	222	150	36	19	30	0	0	0	0	0	0	0	0	0	0	0	0	15316846	
603	1	B	7	N	2500	2	1	239	95	19	12	23	0	0	0	0	0	0	0	0	0	0	0	0	15316846	
604	1	B	7	N	2500	2	1	199	81	14	8	16	0	0	0	0	0	0	0	0	0	0	0	0	15317018	
605	1	B	7	N	2500	2	1	260	96	20	10	18	0	0	0	0	0	0	0	0	0	0	0	0	15317564	
606	1	B	7	N	2500	2	1	263	103	22	10	19	0	0	0	0	0	0	0	0	0	0	0	0	15318032	
607	1	B	7	N	2500	2	1	278	95	16	10	20	0	0	0	0	0	0	0	0	0	0	0	0	15318562	
608	1	B	7	N	2500	2	1	269	103	17	10	17	0	0	0	0	0	0	0	0	0	0	0	0	15320075	
609	1	B	7	N	2500	2	1	299	114	20	11	22	0	0	0	0	0	0	0	0	0	0	0	0	15320450	
610	1	B	7	N	2500	2	1	227	96	20	13	24	0	0	0	0	0	0	0	0	0	0	0	0	15320528	
611	1	B	7	N	2500	2	1	155	104	23	14	21	0	0	0	0	0	0	0	0	0	0	0	0	15320871	
612	1	B	7	N	2500	2	1	136	79	17	11	18	0	0	0	0	0	0	0	0	0	0	0	0	15321120	
613	1	B	7	N	2500	2	1	272	151	29	16	27	0	0	0	0	0	0	0	0	0	0	0	0	15321417	
614	1	C	7	N	2500	2	1	234	93	21	13	21	0	0	0	0	0	0	0	0	0	0	0	0	15329154	
615	1	C	7	N	2500	2	1	219	81	14	8	17	0	0	0	0	0	0	0	0	0	0	0	0	15330449	
616	1	C	7	N	2500	2	1	264	115	25	16	33	0	0	0	0	0	0	0	0	0	0	0	0	15332243	
617	1	C	7	N	2500	2	1	173	110	23	13	21	0	0	0	0	0	0	0	0	0	0	0	0	15332867	
618	1	C	7	N	2500	2	1	234	87	15	10	18	0	0	0	0	0	0	0	0	0	0	0	0	15333164	
619	1	C	7	N	2500	6	40	437	221	59	25	50	0	0	0	0	0	0	0	0	0	0	0	0	15333710	
620	1	C	7	N	2500	2	1	289	120	25	12	22	0	0	0	0	0	0	0	0	0	0	0	0	15334131	
621	1	C	7	N	2500	2	1	154	94	22	11	18	0	0	0	0	0	0	0	0	0	0	0	0	15334958	
622	1	C	7	N	2500	2	1	311	127	25	15	27	0	0	0	0	0	0	0	0	0	0	0	0	15335488	
623	1	C	7	N	2500	2	1	249	89	16	11	19	0	0	0	0	0	0	0	0	0	0	0	0	15335987	
624	1	D	7	N	2500	2	1	223	82	15	7	14	0	0	0	0	0	0	0	0	0	0	0	0	15343756	
625	1	D	7	N	2500	2	1	246	107	19	10	19	0	0	0	0	0	0	0	0	0	0	0	0	15344786	
626	1	D	7	N	2500	2	1	169	118	26	13	22	0	0	0	0	0	0	0	0	0	0	0	0	15345472	
627	1	D	7	N	2500	2	1	226	91	15	9	16	0	0	0	0	0	0	0	0	0	0	0	0	15346096	
628	1	D	7	N	2500	2	1	255	98	20	13	23	0	0	0	0	0	0	0	0	0	0	0	0	15347157	
629	1	D	7	N	2500	2	1	203	111	21	12	23	0	0	0	0	0	0	0	0	0	0	0	0	15347204	
630	1	D	7	N	2500	2	1	163	89	19	12	18	0	0	0	0	0	0	0	0	0	0	0	0	15347391	
631	1	D	7	N	2500	2	1	153	101	21	12	23	0	0	0	0	0	0	0	0	0	0	0	0	15347391	
632	1	D	7	N	2500	2	1	170	102	21	14	22	0	0	0	0	0	0	0	0	0	0	0	0	15347516	
633	1	D	7	N	2500	2	1	80	41	7	7	17	0	0	0	0	0	0	0	0	0	0	0	0	15347812	
634	1	D	7	N	2500	2	1	173	91	17	9	15	0	0	0	0	0	0	0	0	0	0	0	0	15348452	
635	1	D	7	N	2500	2	1	222	91	19	12	21	0	0	0	0	0	0	0	0	0	0	0	0	15348686	
636	1	D	7	N	2500	6	40	330	152	36	16	28	0	0	0	0	0	0	0	0	0	0	0	0	15350324	
637	1	E	7	N	2500	2	1	229	118	25	14	26	0	0	0	0	0	0	0	0	0	0	0	0	15358560	
638	1	E	7	N	2500	2	1	228	113	23	14	24	0	0	0	0	0	0	0	0	0	0	0	0	15358701	
639	1	E	7	N	2500	2	1	195	90	21	12	20	0	0	0	0	0	0	0	0	0	0	0	0	15359200	
640	1	E	7	N	2500	2	1	114	55	11	7	12	0	0	0	0	0	0	0	0	0	0	0	0	15359824	
641	1	E	7	N	2500	2	1	208	111	29	15	29	0	0	0	0	0	0	0	0	0	0	0	0	15360198	
642	1	E	7	N	2500	2	1	183	91	17	12	19	0	0	0	0	0	0	0	0	0	0	0	0	15360978	
643	1	E	7	N	2500	2	1	273	105	22	9	19	0	0	0	0	0	0	0	0	0	0	0	0	15361166	
644	1	E	7	N	2500	2	1	183	113	27	12	25	0	0	0	0	0	0	0	0	0	0	0	0	15361774	
645	1	E	7	N	2500	2	1	203	103	24	17	27	0	0	0	0	0	0	0	0	0	0	0	0	15362445	
646	1	E	7	N	2500	2	1	189	123	25	13	25	0	0	0	0	0	0	0	0	0	0	0	0	15362835	
647	1	E	7	N	2500	2	1	185	93	16	10	21	0	0	0	0	0	0	0	0	0	0	0	0	15363849	
648	1	E	7	N	2500	2	1	236	99	20	14	25	0	0	0	0	0	0	0	0	0	0	0	0	15364286	
649	1	E	7	N	2500	2	1	311	118	23	15	31	0	0	0	0	0	0	0	0	0	0	0	0	15364332	
650	1	E	7	N	2500	2	1	152	97	25	13	23	0	0	0	0	0	0	0	0	0	0	0	0	15364800	
651	1	E	7	N	2500	4	40	333	155	36	17	31	0	0	0	0	0	0	0	0	0	0	0	0	15364956	
652	1	E	7	N	2500	2	1	296	118	22	12	24	0	0	0	0	0	0	0	0	0	0	0	0	15364972	
653	1	E	7	N	2500	2	1	148	106	23	12	19	0	0	0	0	0	0	0	0	0	0	0	0	15365222	
654	1	F	7	N	2500	2	1	176	50	8	4	12	0	0	0	0	0	0	0	0	0	0	0	0	15373973	
655	1	F	7	N	2500	2	1	207	89	18	10	21	0	0	0	0	0	0	0	0	0	0	0	0	15374348	
656	1	F	7	N	2500	2	1	243	92	16	11	21	0	0	0	0	0	0	0	0	0	0	0	0	15375393	
657	1	F	7	N	2500	6	40	409	152	39	18	29	0	0	0	0	0	0	0	0	0	0	0	0	15376033	
658	1	F	7	N	2500	2	1	203	84	17	8	18	0	0	0	0	0	0	0	0	0	0	0	0	15376516	
659	1	F	7	N	2500	6	40	249	173	46	21	36	0	0	0	0	0	0	0	0	0	0	0	0	15377000	
660	1	F	7	N	2500	2	1	172	123	28	13	21	0	0	0	0	0	0	0	0	0	0	0	0	15377577	
661	1	F	7	N	2500	2	1	295	105	21	14	27	0	0	0	0	0	0	0	0	0	0	0	0	15378123	
662	1	F	7	N	2500	2	1	64	34	18	13	38	0	0	0	0	0	0	0	0	0	0	0	0	15379823	
663	1	F	7	N	2500	2	1	195	118	26	14	22	0	0	0	0	0	0	0	0	0	0	0	0	15379933	
664	1	G	7	N	2500	2	1	161	107	21	11	23	0	0	0	0	0	0	0	0	0	0	0	0	15391055	
665	1	G	7	N	2500	2	1	231	139	34	16	27	0	0	0	0	0	0	0	0	0	0	0	0	15391492	
666	1	G	7	N	2500	2	1	191	110	24	13	21	0	0	0	0	0	0	0	0	0	0	0	0	15391523	
667	1	G	7	N	2500	2	1	268	119	22	11	22	0	0	0	0	0	0	0	0	0	0	0	0	15392491	
668	1	G	7	N	2500	2	1	114	82	14	9	17	0	0	0	0	0	0	0	0	0	0	0	0	15393255	
669	1	G	7	N	2500	6	40	459	213	54	25	44	0	0	0	0	0	0	0	0	0	0	0	0	15394097	
670	1	A	8	N	2500	2	1	198	115	25	13	25	0	0	0	0	0	0	0	0	0	0	0	0	15418043	
671	1	A	8	N	2500	2	1	225	141	38	21	40	0	0	0	0	0	0	0	0	0	0	0	0	15420259	
672	1	A	8	N	2500	6	40	368	191	47	22	40	0	0	0	0	0	0	0	0	0	0	0	0	15420321	
673	1	A	8	N	2500	2	1	245	145	34	18	29	0	0	0	0	0	0	0	0	0	0	0	0	15421741	
674	1	A	8	N	2500	2	2	339	137	28	14	25	0	0	0	0	0	0	0	0	0	0	0	0	15422255	
675	1	A	8	N	2500	2	1	250	145	32	18	27	0	0	0	0	0	0	0	0	0	0	0	0	15422739	
676	1	A	8	N	2500	6	40	454	214	53	23	45	0	0	0	0	0	0	0	0	0	0	0	0	15424049	
677	1	A	8	N	2500	2	1	213	169	49	24	36	0	0	0	0	0	0	0	0	0	0	0	0	15424923	
678	1	A	8	N	2500	6	40	347	174	51	20	34	0	0	0	0	0	0	0	0	0	0	0	0	15425126	
679	1	B	8	N	2500	2	1	203	103	22	12	20	0	0	0	0	0	0	0	0	0	0	0	0	15432177	
680	1	B	8	N	2500	2	1	205	172	43	21	37	0	0	0	0	0	0	0	0	0	0	0	0	15432349	
681	1	B	8	N	2500	6	40	406	208	54	27	44	0	0	0	0	0	0	0	0	0	0	0	0	15432411	
682	1	B	8	N	2500	6	40	246	180	43	21	30	0	0	0	0	0	0	0	0	0	0	0	0	15433238	
683	1	B	8	N	2500	2	1	265	120	37	17	31	0	0	0	0	0	0	0	0	0	0	0	0	15434767	
684	1	B	8	N	2500	33	1	77	13	4	2	4	0	0	0	0	0	0	0	0	0	0	0	0	15434767	
685	1	B	8	N	2500	2	1	177	126	29	14	23	0	0	0	0	0	0	0	0	0	0	0	0	15435578	
686	1	B	8	N	2500	6	40	357	173	48	21	34	0	0	0	0	0	0	0	0	0	0	0	0	15436171	
687	1	B	8	N	2500	0	40	346	168	38	20	34	0	0	0	0	0	0	0	0	0	0	0	0	15436327	
688	1	B	8	N	2500	0	1	454	142	50	17	31	0	0	0	0	0	0	0	0	0	0	0	0	15437731	
689	1	C	8	N	2500	2	1	234	150	30	16	25	0	0	0	0	0	0	0	0	0	0	0	0	15447637	
690	1	C	8	N	2500	6	40	341	159	40	18	35	0	0	0	0	0	0	0	0	0	0	0	0	15448495	
691	1	C	8	N	2500	6	40	300	164	46	21	37	0	0	0	0	0	0	0	0	0	0	0	0	15448573	
692	1	C	8	N	2500	2	1	68	15	4	1	5	0	0	0	0	0	0	0	0	0	0	0	0	15449181	
693	1	C	8	N	2500	2	2	332	147	30	15	29	0	0	0	0	0	0	0	0	0	0	0	0	15449524	
694	1	C	8	N	2500	2	1	194	170	45	20	31	0	0	0	0	0	0	0	0	0	0	0	0	15449743	
695	1	C	8	N	2500	2	1	210	154	31	16	25	0	0	0	0	0	0	0	0	0	0	0	0	15449930	
696	1	C	8	N	2500	2	1	209	109	22	10	17	0	0	0	0	0	0	0	0	0	0	0	0	15450335	
697	1	C	8	N	2500	6	40	363	171	44	20	33	0	0	0	0	0	0	0	0	0	0	0	0	15450351	
698	1	C	8	N	2500	0	40	445	209	52	26	50	0	0	0	0	0	0	0	0	0	0	0	0	15450538	
699	1	C	8	N	2500	0	40	383	181	47	23	35	0	0	0	0	0	0	0	0	0	0	0	0	15451256	
700	1	C	8	N	2500	0	1	202	70	11	6	10	0	0	0	0	0	0	0	0	0	0	0	0	15452051	
701	1	C	8	N	2500	0	1	251	90	16	8	16	0	0	0	0	0	0	0	0	0	0	0	0	15452192	
702	1	C	8	N	2500	0	1	230	170	41	21	34	0	0	0	0	0	0	0	0	0	0	0	0	15452285	
703	1	C	8	N	2500	0	1	161	159	34	19	30	0	0	0	0	0	0	0	0	0	0	0	0	15452457	
704	1	C	8	N	2500	0	40	324	172	51	24	38	0	0	0	0	0	0	0	0	0	0	0	0	15452738	
705	1	D	8	N	2500	2	1	208	166	47	20	34	0	0	0	0	0	0	0	0	0	0	0	0	15461053	
706	1	D	8	N	2500	6	40	350	171	37	19	29	0	0	0	0	0	0	0	0	0	0	0	0	15462535	
707	1	D	8	N	2500	2	2	332	141	35	16	28	0	0	0	0	0	0	0	0	0	0	0	0	15463034	
708	1	D	8	N	2500	2	1	226	161	37	19	32	0	0	0	0	0	0	0	0	0	0	0	0	15463065	
709	1	D	8	N	2500	6	40	385	172	42	19	35	0	0	0	0	0	0	0	0	0	0	0	0	15463377	
710	1	D	8	N	2500	6	40	449	217	63	30	55	0	0	0	0	0	0	0	0	0	0	0	0	15464063	
711	1	D	8	N	2500	0	40	354	173	40	19	34	0	0	0	0	0	0	0	0	0	0	0	0	15464531	
712	1	D	8	N	2500	0	40	267	184	47	24	38	0	0	0	0	0	0	0	0	0	0	0	0	15465093	
713	1	D	8	N	2500	0	40	368	180	41	20	34	0	0	0	0	0	0	0	0	0	0	0	0	15465826	
714	1	D	8	N	2500	0	40	277	195	49	27	45	0	0	0	0	0	0	0	0	0	0	0	0	15465951	
715	1	D	8	N	2500	0	40	362	185	49	21	39	0	0	0	0	0	0	0	0	0	0	0	0	15466372	
716	1	D	8	N	2500	0	40	446	205	51	22	39	0	0	0	0	0	0	0	0	0	0	0	0	15466793	
717	1	D	8	N	2500	0	2	324	146	29	14	24	0	0	0	0	0	0	0	0	0	0	0	0	15467246	
718	1	D	8	N	2500	0	1	208	175	52	24	35	0	0	0	0	0	0	0	0	0	0	0	0	15467761	
719	1	E	8	N	2500	2	1	289	123	23	12	23	0	0	0	0	0	0	0	0	0	0	0	0	15477323	
720	1	E	8	N	2500	2	1	169	148	47	22	33	0	0	0	0	0	0	0	0	0	0	0	0	15478415	
721	1	E	8	N	2500	2	1	290	119	27	13	20	0	0	0	0	0	0	0	0	0	0	0	0	15480038	
722	1	E	8	N	2500	2	1	281	109	20	11	21	0	0	0	0	0	0	0	0	0	0	0	0	15480194	
723	1	E	8	N	2500	2	1	72	66	41	39	81	0	0	0	0	0	0	0	0	0	0	0	0	15481676	
724	1	E	8	N	2500	6	40	420	178	44	18	28	0	0	0	0	0	0	0	0	0	0	0	0	15482409	
725	1	F	8	N	2500	2	1	195	165	43	21	35	0	0	0	0	0	0	0	0	0	0	0	0	15491800	
726	1	F	8	N	2500	6	40	374	172	42	19	33	0	0	0	0	0	0	0	0	0	0	0	0	15492159	
727	1	F	8	N	2500	6	40	277	188	47	24	36	0	0	0	0	0	0	0	0	0	0	0	0	15493657	
728	1	F	8	N	2500	6	40	361	169	46	20	35	0	0	0	0	0	0	0	0	0	0	0	0	15494062	
729	1	F	8	N	2500	0	40	319	197	56	25	41	0	0	0	0	0	0	0	0	0	0	0	0	15494109	
730	1	F	8	N	2500	0	40	386	189	48	22	36	0	0	0	0	0	0	0	0	0	0	0	0	15494546	
731	1	F	8	N	2500	0	40	358	197	53	23	42	0	0	0	0	0	0	0	0	0	0	0	0	15494874	
732	1	F	8	N	2500	0	40	242	184	52	24	36	0	0	0	0	0	0	0	0	0	0	0	0	15495451	
733	1	F	8	N	2500	0	40	346	179	40	19	30	0	0	0	0	0	0	0	0	0	0	0	0	15495856	
734	1	G	8	N	2500	2	2	328	141	32	15	25	0	0	0	0	0	0	0	0	0	0	0	0	15504499	
735	1	G	8	N	2500	6	40	251	201	49	26	44	0	0	0	0	0	0	0	0	0	0	0	0	15504655	
736	1	G	8	N	2500	2	1	158	91	17	11	18	0	0	0	0	0	0	0	0	0	0	0	0	15504858	
737	1	G	8	N	2500	2	2	391	158	35	16	29	0	0	0	0	0	0	0	0	0	0	0	0	15505123	
738	1	G	8	N	2500	2	1	220	147	37	18	33	0	0	0	0	0	0	0	0	0	0	0	0	15505154	
739	1	G	8	N	2500	6	40	236	200	57	24	43	0	0	0	0	0	0	0	0	0	0	0	0	15505606	
740	1	G	8	N	2500	2	1	217	133	28	15	25	0	0	0	0	0	0	0	0	0	0	0	0	15506761	
741	1	G	8	N	2500	6	40	231	181	47	22	41	0	0	0	0	0	0	0	0	0	0	0	0	15507229	
742	1	G	8	N	2500	0	2	335	150	30	16	27	0	0	0	0	0	0	0	0	0	0	0	0	15507432	
743	1	G	8	N	2500	0	40	301	162	38	20	33	0	0	0	0	0	0	0	0	0	0	0	0	15507853	
744	1	G	8	N	2500	0	40	419	205	51	24	40	0	0	0	0	0	0	0	0	0	0	0	0	15508477	
745	1	G	8	N	2500	0	1	236	159	36	17	27	0	0	0	0	0	0	0	0	0	0	0	0	15508976	
746	1	G	8	N	2500	0	1	182	129	29	15	28	0	0	0	0	0	0	0	0	0	0	0	0	15509506	
747	1	G	8	N	2500	0	1	183	175	48	23	39	0	0	0	0	0	0	0	0	0	0	0	0	15509662	
748	1	H	8	N	2500	2	1	56	54	15	0	1	0	0	0	0	0	0	0	0	0	0	0	0	15517774	
749	1	H	8	N	2500	6	40	436	207	55	24	42	0	0	0	0	0	0	0	0	0	0	0	0	15525294	
750	1	A	9	N	2500	2	1	277	113	20	11	21	0	0	0	0	0	0	0	0	0	0	0	0	15533546	
751	1	A	9	N	2500	2	1	238	169	46	24	40	0	0	0	0	0	0	0	0	0	0	0	0	15534451	
752	1	A	9	N	2500	2	1	276	107	24	14	26	0	0	0	0	0	0	0	0	0	0	0	0	15535153	
753	1	A	9	N	2500	6	40	368	187	50	23	35	0	0	0	0	0	0	0	0	0	0	0	0	15535543	
754	1	A	9	N	2500	6	40	246	199	54	30	53	0	0	0	0	0	0	0	0	0	0	0	0	15535668	
755	1	A	9	N	2500	2	1	296	133	28	14	24	0	0	0	0	0	0	0	0	0	0	0	0	15535839	
756	1	A	9	N	2500	2	1	161	130	40	19	34	0	0	0	0	0	0	0	0	0	0	0	0	15536292	
757	1	A	9	N	2500	2	2	322	157	34	18	31	0	0	0	0	0	0	0	0	0	0	0	0	15536479	
758	1	A	9	N	2500	2	1	257	87	16	8	16	0	0	0	0	0	0	0	0	0	0	0	0	15536494	
759	1	A	9	N	2500	6	40	339	201	61	28	50	0	0	0	0	0	0	0	0	0	0	0	0	15537103	
760	1	A	9	N	2500	0	40	365	182	42	20	36	0	0	0	0	0	0	0	0	0	0	0	0	15539100	
761	1	A	9	N	2500	0	40	354	173	46	21	39	0	0	0	0	0	0	0	0	0	0	0	0	15539412	
762	1	A	9	N	2500	0	40	350	210	57	33	57	0	0	0	0	0	0	0	0	0	0	0	0	15539708	
763	1	A	9	N	2500	0	40	390	179	41	20	32	0	0	0	0	0	0	0	0	0	0	0	0	15539911	
764	1	A	9	N	2500	0	1	201	181	50	24	45	0	0	0	0	0	0	0	0	0	0	0	0	15540098	
765	1	B	9	N	2500	2	1	294	143	36	16	33	0	0	0	0	0	0	0	0	0	0	0	0	15548475	
766	1	B	9	N	2500	2	1	220	151	33	17	29	0	0	0	0	0	0	0	0	0	0	0	0	15549598	
767	1	B	9	N	2500	6	40	350	187	49	24	37	0	0	0	0	0	0	0	0	0	0	0	0	15549770	
768	1	B	9	N	2500	2	1	193	161	38	20	36	0	0	0	0	0	0	0	0	0	0	0	0	15550051	
769	1	B	9	N	2500	6	40	261	179	42	23	38	0	0	0	0	0	0	0	0	0	0	0	0	15550363	
770	1	B	9	N	2500	2	1	229	173	47	22	38	0	0	0	0	0	0	0	0	0	0	0	0	15551455	
771	1	B	9	N	2500	6	40	348	176	48	24	41	0	0	0	0	0	0	0	0	0	0	0	0	15551642	
772	1	B	9	N	2500	0	1	294	118	23	12	22	0	0	0	0	0	0	0	0	0	0	0	0	15551658	
773	1	B	9	N	2500	0	1	275	97	17	9	19	0	0	0	0	0	0	0	0	0	0	0	0	15551720	
774	1	B	9	N	2500	0	1	270	95	17	9	13	0	0	0	0	0	0	0	0	0	0	0	0	15552734	
775	1	B	9	N	2500	0	1	257	100	17	11	21	0	0	0	0	0	0	0	0	0	0	0	0	15553795	
776	1	C	9	N	2500	6	40	271	160	40	20	32	0	0	0	0	0	0	0	0	0	0	0	0	15566290	
777	1	C	9	N	2500	2	1	219	135	32	15	23	0	0	0	0	0	0	0	0	0	0	0	0	15566509	
778	1	C	9	N	2500	2	1	152	101	23	11	17	0	0	0	0	0	0	0	0	0	0	0	0	15566977	
779	1	C	9	N	2500	2	1	204	149	36	18	26	0	0	0	0	0	0	0	0	0	0	0	0	15567024	
780	1	C	9	N	2500	6	40	399	211	54	26	42	0	0	0	0	0	0	0	0	0	0	0	0	15567694	
781	1	C	9	N	2500	6	40	440	224	50	27	46	0	0	0	0	0	0	0	0	0	0	0	0	15568708	
782	1	D	9	N	2500	6	40	324	156	36	18	29	0	0	0	0	0	0	0	0	0	0	0	0	15577273	
783	1	D	9	N	2500	6	40	299	148	37	21	35	0	0	0	0	0	0	0	0	0	0	0	0	15578334	
784	1	D	9	N	2500	6	40	416	196	53	25	37	0	0	0	0	0	0	0	0	0	0	0	0	15580689	
785	1	D	9	N	2500	0	1	159	130	31	18	28	0	0	0	0	0	0	0	0	0	0	0	0	15580923	
786	1	D	9	N	2500	0	40	333	201	48	27	44	0	0	0	0	0	0	0	0	0	0	0	0	15581157	
787	1	D	9	N	2500	0	1	176	156	36	18	31	0	0	0	0	0	0	0	0	0	0	0	0	15582234	
788	1	D	9	N	2500	0	1	237	134	44	20	35	0	0	0	0	0	0	0	0	0	0	0	0	15583092	
789	1	E	9	N	2500	2	1	198	141	28	14	25	0	0	0	0	0	0	0	0	0	0	0	0	15590283	
790	1	E	9	N	2500	2	1	179	131	32	17	25	0	0	0	0	0	0	0	0	0	0	0	0	15593528	
791	1	E	9	N	2500	2	2	334	141	35	15	26	0	0	0	0	0	0	0	0	0	0	0	0	15594916	
792	1	E	9	N	2500	2	1	81	28	21	9	12	0	0	0	0	0	0	0	0	0	0	0	0	15595041	
793	1	F	9	N	2500	2	2	363	133	27	15	30	0	0	0	0	0	0	0	0	0	0	0	0	15605103	
794	1	F	9	N	2500	6	40	375	160	41	17	29	0	0	0	0	0	0	0	0	0	0	0	0	15605478	
795	1	G	9	N	2500	6	40	372	185	44	22	37	0	0	0	0	0	0	0	0	0	0	0	0	15623808	
796	1	A	10	N	2500	6	40	390	179	45	21	36	0	0	0	0	0	0	0	0	0	0	0	0	15650141	
797	1	A	10	N	2500	2	1	131	102	20	14	22	0	0	0	0	0	0	0	0	0	0	0	0	15651233	
798	1	A	10	N	2500	6	40	358	168	37	16	29	0	0	0	0	0	0	0	0	0	0	0	0	15651482	
799	1	A	10	N	2500	6	40	455	214	53	26	46	0	0	0	0	0	0	0	0	0	0	0	0	15651591	
800	1	A	10	N	2500	0	40	257	166	57	25	43	0	0	0	0	0	0	0	0	0	0	0	0	15651638	
801	1	A	10	N	2500	0	1	153	89	22	11	17	0	0	0	0	0	0	0	0	0	0	0	0	15652449	
802	1	A	10	N	2500	0	40	318	162	40	19	34	0	0	0	0	0	0	0	0	0	0	0	0	15652824	
803	1	A	10	N	2500	0	40	432	170	46	23	43	0	0	0	0	0	0	0	0	0	0	0	0	15653027	
804	1	A	10	N	2500	0	40	344	147	36	16	26	0	0	0	0	0	0	0	0	0	0	0	0	15653666	
805	1	A	10	N	2500	0	1	142	99	18	12	19	0	0	0	0	0	0	0	0	0	0	0	0	15653697	
806	1	A	10	N	2500	0	1	282	93	17	9	18	0	0	0	0	0	0	0	0	0	0	0	0	15654165	
807	1	A	10	N	2500	0	2	316	148	32	16	30	0	0	0	0	0	0	0	0	0	0	0	0	15654228	
808	1	A	10	N	2500	0	40	353	150	36	17	28	0	0	0	0	0	0	0	0	0	0	0	0	15654914	
809	1	A	10	N	2500	0	1	248	110	28	11	19	0	0	0	0	0	0	0	0	0	0	0	0	15655601	
810	1	A	10	N	2500	0	1	245	134	37	18	30	0	0	0	0	0	0	0	0	0	0	0	0	15655897	
811	1	A	10	N	2500	0	40	230	199	46	23	41	0	0	0	0	0	0	0	0	0	0	0	0	15655928	
812	1	A	10	N	2500	0	40	330	193	54	25	42	0	0	0	0	0	0	0	0	0	0	0	0	15656193	
813	1	A	10	N	2500	0	2	318	136	28	15	25	0	0	0	0	0	0	0	0	0	0	0	0	15656833	
814	1	B	10	N	2500	2	1	221	140	35	16	30	0	0	0	0	0	0	0	0	0	0	0	0	15665195	
815	1	B	10	N	2500	6	40	315	211	51	25	45	0	0	0	0	0	0	0	0	0	0	0	0	15666333	
816	1	B	10	N	2500	6	40	350	162	39	20	41	0	0	0	0	0	0	0	0	0	0	0	0	15666489	
817	1	B	10	N	2500	2	1	236	167	43	21	32	0	0	0	0	0	0	0	0	0	0	0	0	15666926	
818	1	B	10	N	2500	6	40	384	185	43	23	42	0	0	0	0	0	0	0	0	0	0	0	0	15667191	
819	1	B	10	N	2500	0	2	328	151	32	17	26	0	0	0	0	0	0	0	0	0	0	0	0	15667675	
820	1	B	10	N	2500	0	40	427	174	45	17	34	0	0	0	0	0	0	0	0	0	0	0	0	15668049	
821	1	B	10	N	2500	0	40	268	161	38	20	34	0	0	0	0	0	0	0	0	0	0	0	0	15668299	
822	1	B	10	N	2500	0	40	304	162	38	17	33	0	0	0	0	0	0	0	0	0	0	0	0	15668455	
823	1	B	10	N	2500	0	2	260	160	33	17	28	0	0	0	0	0	0	0	0	0	0	0	0	15668907	
824	1	B	10	N	2500	0	1	216	117	38	17	32	0	0	0	0	0	0	0	0	0	0	0	0	15669173	
825	1	B	10	N	2500	0	1	209	138	41	17	28	0	0	0	0	0	0	0	0	0	0	0	0	15669219	
826	1	B	10	N	2500	0	40	345	171	39	20	36	0	0	0	0	0	0	0	0	0	0	0	0	15669438	
827	1	B	10	N	2500	0	40	359	184	51	25	39	0	0	0	0	0	0	0	0	0	0	0	0	15669875	
828	1	B	10	N	2500	0	40	327	158	36	20	33	0	0	0	0	0	0	0	0	0	0	0	0	15671107	
829	1	B	10	N	2500	0	1	304	130	26	13	26	0	0	0	0	0	0	0	0	0	0	0	0	15671403	
830	1	C	10	N	2500	2	1	193	115	36	18	35	0	0	0	0	0	0	0	0	0	0	0	0	15678689	
831	1	C	10	N	2500	6	40	271	157	38	19	29	0	0	0	0	0	0	0	0	0	0	0	0	15678735	
832	1	C	10	N	2500	2	1	194	133	41	19	30	0	0	0	0	0	0	0	0	0	0	0	0	15679952	
833	1	C	10	N	2500	2	2	336	131	27	12	23	0	0	0	0	0	0	0	0	0	0	0	0	15680280	
834	1	C	10	N	2500	2	1	295	135	31	16	24	0	0	0	0	0	0	0	0	0	0	0	0	15681185	
835	1	C	10	N	2500	2	1	136	125	30	16	28	0	0	0	0	0	0	0	0	0	0	0	0	15681341	
836	1	C	10	N	2500	2	1	211	146	32	16	28	0	0	0	0	0	0	0	0	0	0	0	0	15682183	
837	1	C	10	N	2500	6	40	335	166	41	20	32	0	0	0	0	0	0	0	0	0	0	0	0	15682994	
838	1	C	10	N	2500	2	1	236	160	43	20	32	0	0	0	0	0	0	0	0	0	0	0	0	15683228	
839	1	C	10	N	2500	6	40	463	205	52	23	43	0	0	0	0	0	0	0	0	0	0	0	0	15683259	
840	1	C	10	N	2500	0	40	330	224	57	27	45	0	0	0	0	0	0	0	0	0	0	0	0	15683384	
841	1	C	10	N	2500	0	40	445	196	51	22	41	0	0	0	0	0	0	0	0	0	0	0	0	15683462	
842	1	C	10	N	2500	0	40	237	185	44	22	37	0	0	0	0	0	0	0	0	0	0	0	0	15683681	
843	1	C	10	N	2500	0	2	338	161	32	16	28	0	0	0	0	0	0	0	0	0	0	0	0	15684024	
844	1	C	10	N	2500	0	1	309	129	30	15	27	0	0	0	0	0	0	0	0	0	0	0	0	15684336	
845	1	C	10	N	2500	0	40	367	189	46	21	35	0	0	0	0	0	0	0	0	0	0	0	0	15684866	
846	1	D	10	N	2500	6	40	311	145	36	16	26	0	0	0	0	0	0	0	0	0	0	0	0	15694616	
847	1	D	10	N	2500	2	1	173	142	38	17	26	0	0	0	0	0	0	0	0	0	0	0	0	15695474	
848	1	D	10	N	2500	2	1	282	89	21	9	22	0	0	0	0	0	0	0	0	0	0	0	0	15695724	
849	1	D	10	N	2500	6	40	287	152	41	20	34	0	0	0	0	0	0	0	0	0	0	0	0	15695739	
850	1	D	10	N	2500	2	1	229	114	32	14	24	0	0	0	0	0	0	0	0	0	0	0	0	15696395	
851	1	D	10	N	2500	2	2	374	157	30	17	27	0	0	0	0	0	0	0	0	0	0	0	0	15696691	
852	1	D	10	N	2500	2	1	229	145	32	16	28	0	0	0	0	0	0	0	0	0	0	0	0	15697409	
853	1	D	10	N	2500	6	40	281	169	53	24	42	0	0	0	0	0	0	0	0	0	0	0	0	15697471	
854	1	D	10	N	2500	0	1	168	176	46	22	38	0	0	0	0	0	0	0	0	0	0	0	0	15697986	
855	1	D	10	N	2500	0	1	180	47	11	6	11	0	0	0	0	0	0	0	0	0	0	0	0	15698360	
856	1	D	10	N	2500	0	1	53	48	11	7	12	0	0	0	0	0	0	0	0	0	0	0	0	15698360	
857	1	D	10	N	2500	0	40	381	204	60	26	43	0	0	0	0	0	0	0	0	0	0	0	0	15698516	
858	1	D	10	N	2500	0	40	316	190	58	27	45	0	0	0	0	0	0	0	0	0	0	0	0	15698719	
859	1	D	10	N	2500	0	2	276	158	36	20	36	0	0	0	0	0	0	0	0	0	0	0	0	15698828	
860	1	D	10	N	2500	0	1	218	147	34	18	35	0	0	0	0	0	0	0	0	0	0	0	0	15699281	
861	1	D	10	N	2500	0	40	394	193	49	23	39	0	0	0	0	0	0	0	0	0	0	0	0	15699374	
862	1	E	10	N	2500	6	40	299	176	56	24	38	0	0	0	0	0	0	0	0	0	0	0	0	15706893	
863	1	E	10	N	2500	6	40	303	156	36	19	30	0	0	0	0	0	0	0	0	0	0	0	0	15706940	
864	1	E	10	N	2500	2	1	205	166	43	18	28	0	0	0	0	0	0	0	0	0	0	0	0	15707049	
865	1	E	10	N	2500	6	40	378	176	47	21	33	0	0	0	0	0	0	0	0	0	0	0	0	15707361	
866	1	E	10	N	2500	0	1	182	153	32	17	28	0	0	0	0	0	0	0	0	0	0	0	0	15707611	
867	1	E	10	N	2500	0	2	328	151	35	18	32	0	0	0	0	0	0	0	0	0	0	0	0	15708485	
868	1	E	10	N	2500	0	40	323	139	36	15	29	0	0	0	0	0	0	0	0	0	0	0	0	15709670	
869	1	E	10	N	2500	0	1	207	159	34	17	26	0	0	0	0	0	0	0	0	0	0	0	0	15709967	
870	1	E	10	N	2500	0	40	320	165	39	20	33	0	0	0	0	0	0	0	0	0	0	0	0	15710169	
871	1	E	10	N	2500	0	1	166	153	42	19	31	0	0	0	0	0	0	0	0	0	0	0	0	15710232	
872	1	E	10	N	2500	0	1	309	134	33	14	27	0	0	0	0	0	0	0	0	0	0	0	0	15710310	
873	1	E	10	N	2500	0	2	324	157	35	17	29	0	0	0	0	0	0	0	0	0	0	0	0	15710591	
874	1	E	10	N	2500	0	2	328	138	28	15	27	0	0	0	0	0	0	0	0	0	0	0	0	15710653	
875	1	E	10	N	2500	0	40	330	166	36	19	35	0	0	0	0	0	0	0	0	0	0	0	0	15710778	
876	1	E	10	N	2500	0	40	325	144	39	16	31	0	0	0	0	0	0	0	0	0	0	0	0	15710887	
877	1	E	10	N	2500	0	1	111	23	6	3	6	0	0	0	0	0	0	0	0	0	0	0	0	15711854	
878	1	E	10	N	2500	0	1	174	63	12	6	13	0	0	0	0	0	0	0	0	0	0	0	0	15711854	
879	1	E	10	N	2500	0	40	379	160	37	18	32	0	0	0	0	0	0	0	0	0	0	0	0	15711932	
880	1	E	10	N	2500	0	40	419	159	37	18	32	0	0	0	0	0	0	0	0	0	0	0	0	15713617	
881	1	E	10	N	2500	0	1	322	124	24	13	25	0	0	0	0	0	0	0	0	0	0	0	0	15713617	
882	1	E	10	N	2500	0	1	330	124	28	16	31	0	0	0	0	0	0	0	0	0	0	0	0	15713945	
883	1	F	10	N	2500	6	40	373	183	42	20	37	0	0	0	0	0	0	0	0	0	0	0	0	15720965	
884	1	F	10	N	2500	6	40	304	153	41	23	38	0	0	0	0	0	0	0	0	0	0	0	0	15721074	
885	1	F	10	N	2500	6	40	394	174	47	20	35	0	0	0	0	0	0	0	0	0	0	0	0	15721152	
886	1	F	10	N	2500	0	2	341	162	34	18	28	0	0	0	0	0	0	0	0	0	0	0	0	15721589	
887	1	F	10	N	2500	0	40	445	205	57	28	43	0	0	0	0	0	0	0	0	0	0	0	0	15722572	
888	1	F	10	N	2500	0	2	336	132	33	13	24	0	0	0	0	0	0	0	0	0	0	0	0	15724381	
889	1	F	10	N	2500	0	40	338	203	47	25	42	0	0	0	0	0	0	0	0	0	0	0	0	15724709	
890	1	F	10	N	2500	0	1	201	128	25	14	22	0	0	0	0	0	0	0	0	0	0	0	0	15724912	
891	1	F	10	N	2500	0	40	303	214	48	24	42	0	0	0	0	0	0	0	0	0	0	0	0	15724927	
892	1	F	10	N	2500	0	40	377	186	44	22	38	0	0	0	0	0	0	0	0	0	0	0	0	15724990	
893	1	F	10	N	2500	0	1	235	131	26	16	23	0	0	0	0	0	0	0	0	0	0	0	0	15725161	
894	1	F	10	N	2500	0	1	196	124	38	19	33	0	0	0	0	0	0	0	0	0	0	0	0	15725239	
895	1	F	10	N	2500	0	1	198	160	36	18	30	0	0	0	0	0	0	0	0	0	0	0	0	15725660	
896	1	F	10	N	2500	0	1	283	108	22	11	21	0	0	0	0	0	0	0	0	0	0	0	0	15725770	
897	1	F	10	N	2500	0	40	274	169	41	22	39	0	0	0	0	0	0	0	0	0	0	0	0	15726019	
898	1	F	10	N	2500	0	40	289	175	47	21	35	0	0	0	0	0	0	0	0	0	0	0	0	15726066	
899	1	F	10	N	2500	0	2	392	151	35	17	31	0	0	0	0	0	0	0	0	0	0	0	0	15726347	
900	1	F	10	N	2500	0	40	336	190	48	24	43	0	0	0	0	0	0	0	0	0	0	0	0	15726752	
901	1	F	10	N	2500	0	2	380	159	35	17	28	0	0	0	0	0	0	0	0	0	0	0	0	15726893	
902	1	F	10	N	2500	0	1	183	142	28	15	26	0	0	0	0	0	0	0	0	0	0	0	0	15727018	
903	1	F	10	N	2500	0	1	218	101	28	14	26	0	0	0	0	0	0	0	0	0	0	0	0	15727080	
904	1	F	10	N	2500	0	2	323	146	33	16	30	0	0	0	0	0	0	0	0	0	0	0	0	15727267	
905	1	F	10	N	2500	0	2	330	153	31	16	29	0	0	0	0	0	0	0	0	0	0	0	0	15727501	
906	1	G	10	N	2500	6	40	399	173	43	21	36	0	0	0	0	0	0	0	0	0	0	0	0	15735691	
907	1	G	10	N	2500	6	40	297	171	52	25	39	0	0	0	0	0	0	0	0	0	0	0	0	15736097	
908	1	G	10	N	2500	6	40	244	172	43	19	35	0	0	0	0	0	0	0	0	0	0	0	0	15736705	
909	1	G	10	N	2500	0	1	178	75	14	9	17	0	0	0	0	0	0	0	0	0	0	0	0	15738718	
910	1	G	10	N	2500	0	40	361	169	49	21	34	0	0	0	0	0	0	0	0	0	0	0	0	15739591	
911	1	G	10	N	2500	0	1	112	79	15	8	14	0	0	0	0	0	0	0	0	0	0	0	0	15741026	
912	1	G	10	N	2500	0	1	264	100	18	11	20	0	0	0	0	0	0	0	0	0	0	0	0	15741214	
913	1	G	10	N	2500	0	40	260	172	43	21	40	0	0	0	0	0	0	0	0	0	0	0	0	15742212	
914	1	G	10	N	2500	0	1	289	135	26	15	25	0	0	0	0	0	0	0	0	0	0	0	0	15742430	
915	1	H	10	N	2500	6	40	412	183	40	19	34	0	0	0	0	0	0	0	0	0	0	0	0	15750293	
916	1	H	10	N	2500	6	40	479	215	49	21	43	0	0	0	0	0	0	0	0	0	0	0	0	15750652	
917	1	A	11	N	2500	2	1	94	75	21	11	18	0	0	0	0	0	0	0	0	0	0	0	0	15765316	
918	1	A	11	N	2500	6	40	362	183	40	21	38	0	0	0	0	0	0	0	0	0	0	0	0	15766439	
919	1	A	11	N	2500	2	1	116	49	7	5	10	0	0	0	0	0	0	0	0	0	0	0	0	15767687	
920	1	A	11	N	2500	6	40	359	183	42	21	36	0	0	0	0	0	0	0	0	0	0	0	0	15767921	
921	1	A	11	N	2500	2	1	205	167	36	19	26	0	0	0	0	0	0	0	0	0	0	0	0	15768217	
922	1	A	11	N	2500	6	40	342	168	36	19	34	0	0	0	0	0	0	0	0	0	0	0	0	15768638	
923	1	A	11	N	2500	0	1	192	109	21	13	25	0	0	0	0	0	0	0	0	0	0	0	0	15769044	
924	1	A	11	N	2500	0	40	238	181	43	22	36	0	0	0	0	0	0	0	0	0	0	0	0	15769278	
925	1	A	11	N	2500	0	1	196	142	44	18	30	0	0	0	0	0	0	0	0	0	0	0	0	15769481	
926	1	A	11	N	2500	0	1	199	125	27	13	23	0	0	0	0	0	0	0	0	0	0	0	0	15769933	
927	1	A	11	N	2500	0	40	381	217	52	27	45	0	0	0	0	0	0	0	0	0	0	0	0	15770058	
928	1	A	11	N	2500	0	1	290	117	23	15	27	0	0	0	0	0	0	0	0	0	0	0	0	15770214	
929	1	A	11	N	2500	0	1	316	132	25	12	23	0	0	0	0	0	0	0	0	0	0	0	0	15770620	
930	1	A	11	N	2500	0	2	282	158	34	20	33	0	0	0	0	0	0	0	0	0	0	0	0	15770822	
931	1	A	11	N	2500	0	2	340	150	31	16	27	0	0	0	0	0	0	0	0	0	0	0	0	15771727	
932	1	A	11	N	2500	0	40	365	181	45	19	34	0	0	0	0	0	0	0	0	0	0	0	0	15772070	
933	1	B	11	N	2500	6	40	433	198	52	24	47	0	0	0	0	0	0	0	0	0	0	0	0	15779543	
934	1	B	11	N	2500	2	1	160	81	14	8	11	0	0	0	0	0	0	0	0	0	0	0	0	15781228	
935	1	B	11	N	2500	6	40	331	169	42	20	35	0	0	0	0	0	0	0	0	0	0	0	0	15782366	
936	1	B	11	N	2500	2	2	309	141	31	15	26	0	0	0	0	0	0	0	0	0	0	0	0	15782444	
937	1	B	11	N	2500	2	1	271	124	27	12	25	0	0	0	0	0	0	0	0	0	0	0	0	15783115	
938	1	B	11	N	2500	2	1	190	114	24	12	18	0	0	0	0	0	0	0	0	0	0	0	0	15783692	
939	1	B	11	N	2500	2	1	311	119	22	12	22	0	0	0	0	0	0	0	0	0	0	0	0	15784472	
940	1	B	11	N	2500	2	1	233	120	33	19	29	0	0	0	0	0	0	0	0	0	0	0	0	15784784	
941	1	B	11	N	2500	2	1	285	133	35	18	26	0	0	0	0	0	0	0	0	0	0	0	0	15785221	
942	1	B	11	N	2500	2	1	279	115	19	11	22	0	0	0	0	0	0	0	0	0	0	0	0	15785237	
943	1	B	11	N	2500	2	1	251	130	26	14	24	0	0	0	0	0	0	0	0	0	0	0	0	15785596	
944	1	B	11	N	2500	2	1	237	158	41	21	31	0	0	0	0	0	0	0	0	0	0	0	0	15785876	
945	1	B	11	N	2500	6	40	346	169	41	19	31	0	0	0	0	0	0	0	0	0	0	0	0	15786360	
946	1	C	11	N	2500	2	1	388	138	37	16	25	0	0	0	0	0	0	0	0	0	0	0	0	15793536	
947	1	C	11	N	2500	6	40	359	196	48	23	41	0	0	0	0	0	0	0	0	0	0	0	0	15795034	
948	1	C	11	N	2500	2	2	332	157	34	18	34	0	0	0	0	0	0	0	0	0	0	0	0	15795548	
949	1	C	11	N	2500	6	40	384	174	42	19	33	0	0	0	0	0	0	0	0	0	0	0	0	15795736	
950	1	C	11	N	2500	6	40	336	165	38	20	35	0	0	0	0	0	0	0	0	0	0	0	0	15796453	
951	1	C	11	N	2500	0	1	220	128	25	13	24	0	0	0	0	0	0	0	0	0	0	0	0	15797857	
952	1	C	11	N	2500	0	40	352	173	47	20	34	0	0	0	0	0	0	0	0	0	0	0	0	15797966	
953	1	C	11	N	2500	0	1	231	160	38	19	28	0	0	0	0	0	0	0	0	0	0	0	0	15798622	
954	1	C	11	N	2500	0	1	309	133	32	16	29	0	0	0	0	0	0	0	0	0	0	0	0	15799745	
955	1	D	11	N	2500	6	40	387	176	44	23	36	0	0	0	0	0	0	0	0	0	0	0	0	15808091	
956	1	D	11	N	2500	2	2	322	154	32	17	27	0	0	0	0	0	0	0	0	0	0	0	0	15808356	
957	1	D	11	N	2500	2	2	341	152	35	17	29	0	0	0	0	0	0	0	0	0	0	0	0	15810337	
958	1	D	11	N	2500	6	40	389	189	51	24	40	0	0	0	0	0	0	0	0	0	0	0	0	15810509	
959	1	D	11	N	2500	2	1	284	101	16	8	18	0	0	0	0	0	0	0	0	0	0	0	0	15810821	
960	1	D	11	N	2500	6	40	282	165	46	22	38	0	0	0	0	0	0	0	0	0	0	0	0	15811320	
961	1	D	11	N	2500	0	1	52	11	4	4	10	0	0	0	0	0	0	0	0	0	0	0	0	15812334	
962	1	D	11	N	2500	0	40	345	197	53	27	47	0	0	0	0	0	0	0	0	0	0	0	0	15812989	
963	1	E	11	N	2500	2	1	177	118	33	19	32	0	0	0	0	0	0	0	0	0	0	0	0	15822926	
964	1	E	11	N	2500	2	1	209	103	23	11	20	0	0	0	0	0	0	0	0	0	0	0	0	15823192	
965	1	E	11	N	2500	6	40	284	165	47	20	34	0	0	0	0	0	0	0	0	0	0	0	0	15824845	
966	1	E	11	N	2500	2	1	195	141	46	18	28	0	0	0	0	0	0	0	0	0	0	0	0	15824970	
967	1	E	11	N	2500	2	1	276	149	30	15	25	0	0	0	0	0	0	0	0	0	0	0	0	15825828	
968	1	E	11	N	2500	6	40	234	176	42	24	37	0	0	0	0	0	0	0	0	0	0	0	0	15825875	
969	1	E	11	N	2500	2	1	60	33	12	12	31	0	0	0	0	0	0	0	0	0	0	0	0	15826499	
970	1	E	11	N	2500	6	40	344	166	43	19	33	0	0	0	0	0	0	0	0	0	0	0	0	15826530	
971	1	E	11	N	2500	0	1	210	149	38	24	43	0	0	0	0	0	0	0	0	0	0	0	0	15826702	
972	1	E	11	N	2500	0	40	444	251	63	30	49	0	0	0	0	0	0	0	0	0	0	0	0	15826842	
973	1	E	11	N	2500	0	40	438	221	57	26	43	0	0	0	0	0	0	0	0	0	0	0	0	15826873	
974	1	E	11	N	2500	0	40	486	235	53	29	55	0	0	0	0	0	0	0	0	0	0	0	0	15827591	
975	1	E	11	N	2500	0	40	325	154	37	18	27	0	0	0	0	0	0	0	0	0	0	0	0	15827684	
976	1	E	11	N	2500	0	40	388	152	36	16	28	0	0	0	0	0	0	0	0	0	0	0	0	15827965	
977	1	E	11	N	2500	0	2	325	146	29	16	28	0	0	0	0	0	0	0	0	0	0	0	0	15828293	
978	1	F	11	N	2500	6	40	237	173	44	23	35	0	0	0	0	0	0	0	0	0	0	0	0	15836327	
979	1	F	11	N	2500	2	1	268	152	35	18	30	0	0	0	0	0	0	0	0	0	0	0	0	15837060	
980	1	F	11	N	2500	2	1	317	126	26	11	23	0	0	0	0	0	0	0	0	0	0	0	0	15837637	
981	1	F	11	N	2500	10	40	255	200	59	27	48	0	0	0	0	0	0	0	0	0	0	0	0	15837637	
982	1	F	11	N	2500	2	2	329	150	35	15	27	0	0	0	0	0	0	0	0	0	0	0	0	15839275	
983	1	F	11	N	2500	2	1	229	109	28	14	26	0	0	0	0	0	0	0	0	0	0	0	0	15840586	
984	1	F	11	N	2500	2	1	341	125	24	12	25	0	0	0	0	0	0	0	0	0	0	0	0	15841413	
985	1	F	11	N	2500	6	40	339	151	39	17	30	0	0	0	0	0	0	0	0	0	0	0	0	15843519	
986	1	G	11	N	2500	6	40	388	195	44	22	35	0	0	0	0	0	0	0	0	0	0	0	0	15851740	
987	1	G	11	N	2500	2	1	190	158	40	20	31	0	0	0	0	0	0	0	0	0	0	0	0	15852863	
988	1	G	11	N	2500	6	40	355	155	40	19	38	0	0	0	0	0	0	0	0	0	0	0	0	15853191	
989	1	G	11	N	2500	6	40	373	162	38	18	35	0	0	0	0	0	0	0	0	0	0	0	0	15853331	
990	1	G	11	N	2500	0	1	151	103	22	15	27	0	0	0	0	0	0	0	0	0	0	0	0	15855297	
991	1	G	11	N	2500	0	1	215	156	34	20	32	0	0	0	0	0	0	0	0	0	0	0	0	15857527	
992	1	G	11	N	2500	0	40	353	161	39	17	26	0	0	0	0	0	0	0	0	0	0	0	0	15858073	
993	1	H	11	N	2500	2	1	62	14	2	0	2	0	0	0	0	0	0	0	0	0	0	0	0	15865827	


Threshold source: EXT,  value 50
Min TOF = 50
EXT signal gain 1.6
Green signal gain 3.0
Yellow signal gain 3.0
Red signal gain 3.0
Green PMT voltage 700
Yellow PMT voltage 700
Red PMT voltage 900
Signal multipliers: 1.0,1.0,1.0,1.0
C:\Users\unionbio\Desktop\COPAS Templates\USE for L4 dispense_columns_KSE.csv