Id	Plate	Row	Column	Clog	Scan rate	Status sort	Status sel	TOF	EXT	Green	Yellow	Red	PH Ext	PW Ext	PC Ext	PH Green	PW Green	PCGreen	PH Yellow	PW Yellow	PCYellow	PH Red	PW Red	PCRed	Time Stamp	
0	1	A	1	N	2500	2	2	326	141	34	15	25	0	0	0	0	0	0	0	0	0	0	0	0	22914777	
1	1	A	1	N	2500	6	40	433	190	49	21	37	0	0	0	0	0	0	0	0	0	0	0	0	22915588	
2	1	A	1	N	2500	6	40	412	191	45	24	41	0	0	0	0	0	0	0	0	0	0	0	0	22916571	
3	1	A	1	N	2500	2	2	332	153	35	17	27	0	0	0	0	0	0	0	0	0	0	0	0	22916867	
4	1	A	1	N	2500	2	2	357	159	34	16	24	0	0	0	0	0	0	0	0	0	0	0	0	22917975	
5	1	A	1	N	2500	2	1	192	164	38	18	32	0	0	0	0	0	0	0	0	0	0	0	0	22918287	
6	1	A	1	N	2500	2	1	170	182	56	25	46	0	0	0	0	0	0	0	0	0	0	0	0	22918833	
7	1	A	1	N	2500	2	1	104	81	16	10	14	0	0	0	0	0	0	0	0	0	0	0	0	22919395	
8	1	A	1	N	2500	6	40	291	176	38	18	31	0	0	0	0	0	0	0	0	0	0	0	0	22919473	
9	1	A	1	N	2500	0	1	109	29	5	3	5	0	0	0	0	0	0	0	0	0	0	0	0	22919504	
10	1	A	1	N	2500	0	1	255	128	39	17	28	0	0	0	0	0	0	0	0	0	0	0	0	22919504	
11	1	A	1	N	2500	0	1	278	143	31	16	27	0	0	0	0	0	0	0	0	0	0	0	0	22919613	
12	1	A	1	N	2500	0	2	384	163	32	15	24	0	0	0	0	0	0	0	0	0	0	0	0	22920081	
13	1	A	1	N	2500	0	40	319	181	50	21	38	0	0	0	0	0	0	0	0	0	0	0	0	22920221	
14	1	A	1	N	2500	0	1	319	132	32	13	23	0	0	0	0	0	0	0	0	0	0	0	0	22920455	
15	1	A	1	N	2500	0	1	240	166	46	22	37	0	0	0	0	0	0	0	0	0	0	0	0	22920643	
16	1	A	1	N	2500	0	1	213	158	40	17	27	0	0	0	0	0	0	0	0	0	0	0	0	22920986	
17	1	B	1	N	2500	2	1	164	158	39	19	28	0	0	0	0	0	0	0	0	0	0	0	0	22931859	
18	1	B	1	N	2500	6	40	226	176	40	21	29	0	0	0	0	0	0	0	0	0	0	0	0	22931890	
19	1	B	1	N	2500	2	1	247	141	34	16	25	0	0	0	0	0	0	0	0	0	0	0	0	22932296	
20	1	B	1	N	2500	6	40	289	164	38	20	30	0	0	0	0	0	0	0	0	0	0	0	0	22933357	
21	1	B	1	N	2500	2	1	71	37	6	0	1	0	0	0	0	0	0	0	0	0	0	0	0	22933372	
22	1	B	1	N	2500	6	40	426	178	37	18	34	0	0	0	0	0	0	0	0	0	0	0	0	22933403	
23	1	B	1	N	2500	0	40	342	161	42	19	34	0	0	0	0	0	0	0	0	0	0	0	0	22933435	
24	1	B	1	N	2500	0	40	455	204	47	23	43	0	0	0	0	0	0	0	0	0	0	0	0	22934105	
25	1	B	1	N	2500	0	1	310	132	30	13	20	0	0	0	0	0	0	0	0	0	0	0	0	22935775	
26	1	B	1	N	2500	0	1	210	173	46	21	34	0	0	0	0	0	0	0	0	0	0	0	0	22935915	
27	1	C	1	N	2500	2	2	341	152	34	16	27	0	0	0	0	0	0	0	0	0	0	0	0	22943653	
28	1	C	1	N	2500	2	2	349	159	33	16	30	0	0	0	0	0	0	0	0	0	0	0	0	22943668	
29	1	C	1	N	2500	2	1	155	90	20	8	15	0	0	0	0	0	0	0	0	0	0	0	0	22944557	
30	1	C	1	N	2500	6	40	342	180	47	20	33	0	0	0	0	0	0	0	0	0	0	0	0	22945150	
31	1	C	1	N	2500	6	40	265	202	48	22	35	0	0	0	0	0	0	0	0	0	0	0	0	22946195	
32	1	C	1	N	2500	2	1	233	121	34	19	30	0	0	0	0	0	0	0	0	0	0	0	0	22946710	
33	1	C	1	N	2500	2	1	194	111	20	13	25	0	0	0	0	0	0	0	0	0	0	0	0	22946851	
34	1	C	1	N	2500	6	40	265	179	44	20	37	0	0	0	0	0	0	0	0	0	0	0	0	22947584	
35	1	C	1	N	2500	0	2	328	132	27	13	24	0	0	0	0	0	0	0	0	0	0	0	0	22947724	
36	1	C	1	N	2500	0	1	203	159	35	18	30	0	0	0	0	0	0	0	0	0	0	0	0	22947927	
37	1	C	1	N	2500	0	40	456	210	42	20	35	0	0	0	0	0	0	0	0	0	0	0	0	22948863	
38	1	C	1	N	2500	0	1	246	104	29	13	20	0	0	0	0	0	0	0	0	0	0	0	0	22948894	
39	1	C	1	N	2500	0	1	87	52	13	7	12	0	0	0	0	0	0	0	0	0	0	0	0	22948894	
40	1	C	1	N	2500	0	40	371	164	37	16	28	0	0	0	0	0	0	0	0	0	0	0	0	22949924	
41	1	C	1	N	2500	0	40	261	201	65	27	42	0	0	0	0	0	0	0	0	0	0	0	0	22949939	
42	1	C	1	N	2500	0	1	293	127	24	13	25	0	0	0	0	0	0	0	0	0	0	0	0	22950049	
43	1	D	1	N	2500	6	40	363	157	40	17	29	0	0	0	0	0	0	0	0	0	0	0	0	22957802	
44	1	D	1	N	2500	6	40	282	161	43	21	33	0	0	0	0	0	0	0	0	0	0	0	0	22958738	
45	1	D	1	N	2500	2	1	185	125	29	15	24	0	0	0	0	0	0	0	0	0	0	0	0	22959549	
46	1	D	1	N	2500	2	1	151	76	16	7	13	0	0	0	0	0	0	0	0	0	0	0	0	22959939	
47	1	D	1	N	2500	6	40	365	169	42	18	33	0	0	0	0	0	0	0	0	0	0	0	0	22960688	
48	1	D	1	N	2500	0	1	278	153	37	18	35	0	0	0	0	0	0	0	0	0	0	0	0	22960859	
49	1	D	1	N	2500	0	40	244	173	46	21	32	0	0	0	0	0	0	0	0	0	0	0	0	22961140	
50	1	D	1	N	2500	0	1	164	31	3	2	6	0	0	0	0	0	0	0	0	0	0	0	0	22961889	
51	1	D	1	N	2500	0	1	205	164	38	19	29	0	0	0	0	0	0	0	0	0	0	0	0	22962279	
52	1	D	1	N	2500	0	40	262	170	41	20	33	0	0	0	0	0	0	0	0	0	0	0	0	22962357	
53	1	D	1	N	2500	0	40	237	184	50	23	41	0	0	0	0	0	0	0	0	0	0	0	0	22962997	
54	1	D	1	N	2500	0	1	178	138	40	18	27	0	0	0	0	0	0	0	0	0	0	0	0	22963262	
55	1	D	1	N	2500	0	40	354	173	38	19	37	0	0	0	0	0	0	0	0	0	0	0	0	22963293	
56	1	D	1	N	2500	0	1	144	39	4	2	5	0	0	0	0	0	0	0	0	0	0	0	0	22963309	
57	1	D	1	N	2500	0	1	206	154	36	18	28	0	0	0	0	0	0	0	0	0	0	0	0	22963558	
58	1	D	1	N	2500	0	1	210	111	22	11	21	0	0	0	0	0	0	0	0	0	0	0	0	22964042	
59	1	D	1	N	2500	0	40	346	162	48	18	28	0	0	0	0	0	0	0	0	0	0	0	0	22964338	
60	1	D	1	N	2500	0	1	62	29	12	9	24	0	0	0	0	0	0	0	0	0	0	0	0	22964588	
61	1	E	1	N	2500	6	40	285	167	42	20	31	0	0	0	0	0	0	0	0	0	0	0	0	22973105	
62	1	E	1	N	2500	6	40	344	168	40	20	34	0	0	0	0	0	0	0	0	0	0	0	0	22973527	
63	1	E	1	N	2500	2	1	205	132	25	14	21	0	0	0	0	0	0	0	0	0	0	0	0	22974853	
64	1	E	1	N	2500	6	40	275	167	43	21	34	0	0	0	0	0	0	0	0	0	0	0	0	22975399	
65	1	E	1	N	2500	0	1	568	228	58	27	47	0	0	0	0	0	0	0	0	0	0	0	0	22975430	
66	1	E	1	N	2500	0	40	270	156	39	20	36	0	0	0	0	0	0	0	0	0	0	0	0	22976397	
67	1	E	1	N	2500	0	1	176	175	51	22	34	0	0	0	0	0	0	0	0	0	0	0	0	22976615	
68	1	E	1	N	2500	0	40	401	186	39	19	30	0	0	0	0	0	0	0	0	0	0	0	0	22977255	
69	1	E	1	N	2500	0	40	417	194	47	22	39	0	0	0	0	0	0	0	0	0	0	0	0	22977302	
70	1	E	1	N	2500	0	1	287	128	31	14	25	0	0	0	0	0	0	0	0	0	0	0	0	22977661	
71	1	F	1	N	2500	2	1	246	162	38	19	31	0	0	0	0	0	0	0	0	0	0	0	0	22985632	
72	1	F	1	N	2500	6	40	373	168	38	18	28	0	0	0	0	0	0	0	0	0	0	0	0	22987036	
73	1	F	1	N	2500	2	1	160	87	22	10	15	0	0	0	0	0	0	0	0	0	0	0	0	22987239	
74	1	F	1	N	2500	6	40	287	153	41	18	31	0	0	0	0	0	0	0	0	0	0	0	0	22991170	
75	1	F	1	N	2500	2	2	325	142	31	13	23	0	0	0	0	0	0	0	0	0	0	0	0	22991529	
76	1	F	1	N	2500	2	1	260	125	26	12	18	0	0	0	0	0	0	0	0	0	0	0	0	22991825	
77	1	F	1	N	2500	6	40	450	199	49	23	40	0	0	0	0	0	0	0	0	0	0	0	0	22991966	
78	1	F	1	N	2500	0	40	394	192	52	21	36	0	0	0	0	0	0	0	0	0	0	0	0	22992153	
79	1	F	1	N	2500	0	40	374	181	39	18	33	0	0	0	0	0	0	0	0	0	0	0	0	22992231	
80	1	G	1	N	2500	6	40	353	169	39	19	34	0	0	0	0	0	0	0	0	0	0	0	0	23000405	
81	1	G	1	N	2500	2	1	229	128	24	13	24	0	0	0	0	0	0	0	0	0	0	0	0	23000561	
82	1	G	1	N	2500	6	40	239	214	67	31	53	0	0	0	0	0	0	0	0	0	0	0	0	23001419	
83	1	G	1	N	2500	2	1	230	127	29	14	24	0	0	0	0	0	0	0	0	0	0	0	0	23002964	
84	1	G	1	N	2500	2	1	194	128	27	12	23	0	0	0	0	0	0	0	0	0	0	0	0	23003619	
85	1	G	1	N	2500	2	1	54	28	7	5	15	0	0	0	0	0	0	0	0	0	0	0	0	23004040	
86	1	G	1	N	2500	2	1	255	144	36	19	31	0	0	0	0	0	0	0	0	0	0	0	0	23004118	
87	1	G	1	N	2500	6	40	329	153	42	17	28	0	0	0	0	0	0	0	0	0	0	0	0	23004290	
88	1	G	1	N	2500	0	40	359	148	39	17	27	0	0	0	0	0	0	0	0	0	0	0	0	23004337	
89	1	G	1	N	2500	0	40	285	178	43	22	36	0	0	0	0	0	0	0	0	0	0	0	0	23004446	
90	1	G	1	N	2500	0	1	230	137	23	14	24	0	0	0	0	0	0	0	0	0	0	0	0	23005070	
91	1	G	1	N	2500	0	1	301	138	28	14	28	0	0	0	0	0	0	0	0	0	0	0	0	23005382	
92	1	G	1	N	2500	0	40	253	174	41	20	39	0	0	0	0	0	0	0	0	0	0	0	0	23005538	
93	1	G	1	N	2500	0	40	356	169	37	17	31	0	0	0	0	0	0	0	0	0	0	0	0	23006068	
94	1	G	1	N	2500	0	1	68	14	1	0	1	0	0	0	0	0	0	0	0	0	0	0	0	23006068	
95	1	G	1	N	2500	0	1	233	168	41	21	34	0	0	0	0	0	0	0	0	0	0	0	0	23006115	
96	1	G	1	N	2500	0	40	351	187	51	22	35	0	0	0	0	0	0	0	0	0	0	0	0	23006256	
97	1	G	1	N	2500	0	1	145	140	38	18	32	0	0	0	0	0	0	0	0	0	0	0	0	23006692	
98	1	G	1	N	2500	0	40	283	167	44	19	32	0	0	0	0	0	0	0	0	0	0	0	0	23006739	
99	1	G	1	N	2500	0	1	235	134	29	13	22	0	0	0	0	0	0	0	0	0	0	0	0	23006973	
100	1	H	1	N	2500	2	1	55	16	1	1	3	0	0	0	0	0	0	0	0	0	0	0	0	23020124	
101	1	H	1	N	2500	2	2	344	151	30	14	25	0	0	0	0	0	0	0	0	0	0	0	0	23021544	
102	1	H	1	N	2500	8	40	342	171	49	19	31	0	0	0	0	0	0	0	0	0	0	0	0	23021544	
103	1	A	2	N	2500	2	1	176	150	32	18	31	0	0	0	0	0	0	0	0	0	0	0	0	23030202	
104	1	A	2	N	2500	2	1	147	33	3	1	2	0	0	0	0	0	0	0	0	0	0	0	0	23030358	
105	1	A	2	N	2500	2	1	84	70	44	42	84	0	0	0	0	0	0	0	0	0	0	0	0	23030670	
106	1	A	2	N	2500	6	40	345	144	40	19	30	0	0	0	0	0	0	0	0	0	0	0	0	23031122	
107	1	A	2	N	2500	2	1	211	128	26	13	23	0	0	0	0	0	0	0	0	0	0	0	0	23031543	
108	1	A	2	N	2500	6	40	282	195	61	25	41	0	0	0	0	0	0	0	0	0	0	0	0	23032152	
109	1	A	2	N	2500	2	1	222	118	34	17	27	0	0	0	0	0	0	0	0	0	0	0	0	23032635	
110	1	A	2	N	2500	2	1	227	118	26	12	21	0	0	0	0	0	0	0	0	0	0	0	0	23032807	
111	1	A	2	N	2500	2	1	187	91	18	11	21	0	0	0	0	0	0	0	0	0	0	0	0	23032963	
112	1	A	2	N	2500	2	1	255	145	41	17	25	0	0	0	0	0	0	0	0	0	0	0	0	23033290	
113	1	A	2	N	2500	6	40	343	172	38	18	29	0	0	0	0	0	0	0	0	0	0	0	0	23033400	
114	1	A	2	N	2500	0	40	265	187	54	31	58	0	0	0	0	0	0	0	0	0	0	0	0	23033649	
115	1	A	2	N	2500	0	1	268	146	36	17	31	0	0	0	0	0	0	0	0	0	0	0	0	23034554	
116	1	A	2	N	2500	0	1	244	142	34	17	27	0	0	0	0	0	0	0	0	0	0	0	0	23035506	
117	1	A	2	N	2500	0	40	348	163	40	17	30	0	0	0	0	0	0	0	0	0	0	0	0	23036332	
118	1	A	2	N	2500	0	2	358	150	30	14	27	0	0	0	0	0	0	0	0	0	0	0	0	23036473	
119	1	A	2	N	2500	0	40	343	160	37	17	23	0	0	0	0	0	0	0	0	0	0	0	0	23037050	
120	1	A	2	N	2500	0	40	370	190	44	21	35	0	0	0	0	0	0	0	0	0	0	0	0	23037190	
121	1	B	2	N	2500	6	40	287	161	42	19	31	0	0	0	0	0	0	0	0	0	0	0	0	23044460	
122	1	B	2	N	2500	2	1	256	158	40	21	38	0	0	0	0	0	0	0	0	0	0	0	0	23045287	
123	1	B	2	N	2500	2	1	212	88	23	11	21	0	0	0	0	0	0	0	0	0	0	0	0	23045770	
124	1	B	2	N	2500	2	1	315	136	28	14	23	0	0	0	0	0	0	0	0	0	0	0	0	23045895	
125	1	B	2	N	2500	2	1	249	153	37	18	29	0	0	0	0	0	0	0	0	0	0	0	0	23046098	
126	1	B	2	N	2500	2	1	261	114	28	11	23	0	0	0	0	0	0	0	0	0	0	0	0	23046410	
127	1	B	2	N	2500	2	1	249	139	39	16	27	0	0	0	0	0	0	0	0	0	0	0	0	23047845	
128	1	B	2	N	2500	2	1	193	88	17	8	13	0	0	0	0	0	0	0	0	0	0	0	0	23047908	
129	1	B	2	N	2500	2	1	202	158	41	17	25	0	0	0	0	0	0	0	0	0	0	0	0	23047970	
130	1	B	2	N	2500	2	1	96	26	2	2	4	0	0	0	0	0	0	0	0	0	0	0	0	23048095	
131	1	B	2	N	2500	2	1	305	136	31	13	26	0	0	0	0	0	0	0	0	0	0	0	0	23048313	
132	1	B	2	N	2500	2	1	364	112	8	3	8	0	0	0	0	0	0	0	0	0	0	0	0	23049530	
133	1	B	2	N	2500	2	2	356	149	28	15	27	0	0	0	0	0	0	0	0	0	0	0	0	23049780	
134	1	B	2	N	2500	2	1	226	147	37	16	26	0	0	0	0	0	0	0	0	0	0	0	0	23050918	
135	1	B	2	N	2500	6	40	317	179	40	21	31	0	0	0	0	0	0	0	0	0	0	0	0	23051199	
136	1	C	2	N	2500	2	2	362	156	31	17	32	0	0	0	0	0	0	0	0	0	0	0	0	23059171	
137	1	C	2	N	2500	6	40	359	152	40	17	32	0	0	0	0	0	0	0	0	0	0	0	0	23061620	
138	1	C	2	N	2500	6	40	199	202	55	27	47	0	0	0	0	0	0	0	0	0	0	0	0	23062759	
139	1	C	2	N	2500	2	2	322	148	33	16	27	0	0	0	0	0	0	0	0	0	0	0	0	23063102	
140	1	C	2	N	2500	2	2	318	144	33	16	29	0	0	0	0	0	0	0	0	0	0	0	0	23063320	
141	1	C	2	N	2500	2	1	203	116	21	10	19	0	0	0	0	0	0	0	0	0	0	0	0	23064054	
142	1	C	2	N	2500	6	40	336	162	40	19	35	0	0	0	0	0	0	0	0	0	0	0	0	23064069	
143	1	C	2	N	2500	0	40	345	164	37	16	28	0	0	0	0	0	0	0	0	0	0	0	0	23064178	
144	1	C	2	N	2500	0	1	65	26	6	3	10	0	0	0	0	0	0	0	0	0	0	0	0	23064506	
145	1	C	2	N	2500	0	40	317	162	43	19	34	0	0	0	0	0	0	0	0	0	0	0	0	23064678	
146	1	C	2	N	2500	0	40	350	149	41	16	29	0	0	0	0	0	0	0	0	0	0	0	0	23065083	
147	1	C	2	N	2500	0	40	337	169	39	17	31	0	0	0	0	0	0	0	0	0	0	0	0	23065489	
148	1	C	2	N	2500	0	1	164	110	26	12	21	0	0	0	0	0	0	0	0	0	0	0	0	23065598	
149	1	C	2	N	2500	0	40	242	168	43	18	31	0	0	0	0	0	0	0	0	0	0	0	0	23066035	
150	1	D	2	N	2500	2	1	72	15	3	0	2	0	0	0	0	0	0	0	0	0	0	0	0	23073429	
151	1	D	2	N	2500	2	1	80	40	23	20	49	0	0	0	0	0	0	0	0	0	0	0	0	23073492	
152	1	D	2	N	2500	2	1	230	152	37	18	33	0	0	0	0	0	0	0	0	0	0	0	0	23073538	
153	1	D	2	N	2500	2	1	260	142	40	20	36	0	0	0	0	0	0	0	0	0	0	0	0	23073835	
154	1	D	2	N	2500	6	40	300	187	57	23	38	0	0	0	0	0	0	0	0	0	0	0	0	23073850	
155	1	D	2	N	2500	2	1	251	159	37	18	32	0	0	0	0	0	0	0	0	0	0	0	0	23075941	
156	1	D	2	N	2500	2	1	200	150	37	17	30	0	0	0	0	0	0	0	0	0	0	0	0	23076112	
157	1	D	2	N	2500	2	1	234	154	38	19	33	0	0	0	0	0	0	0	0	0	0	0	0	23076690	
158	1	D	2	N	2500	2	1	285	148	46	20	36	0	0	0	0	0	0	0	0	0	0	0	0	23076908	
159	1	D	2	N	2500	6	40	297	184	48	20	35	0	0	0	0	0	0	0	0	0	0	0	0	23077111	
160	1	D	2	N	2500	6	40	355	163	41	18	33	0	0	0	0	0	0	0	0	0	0	0	0	23077111	
161	1	D	2	N	2500	0	1	81	24	3	1	2	0	0	0	0	0	0	0	0	0	0	0	0	23077220	
162	1	D	2	N	2500	0	40	337	153	40	18	31	0	0	0	0	0	0	0	0	0	0	0	0	23077314	
163	1	D	2	N	2500	0	1	201	119	24	13	21	0	0	0	0	0	0	0	0	0	0	0	0	23077423	
164	1	D	2	N	2500	0	1	216	139	30	15	19	0	0	0	0	0	0	0	0	0	0	0	0	23078312	
165	1	D	2	N	2500	0	40	246	166	42	21	35	0	0	0	0	0	0	0	0	0	0	0	0	23078686	
166	1	D	2	N	2500	0	1	140	94	22	9	19	0	0	0	0	0	0	0	0	0	0	0	0	23078702	
167	1	D	2	N	2500	0	40	354	166	44	18	32	0	0	0	0	0	0	0	0	0	0	0	0	23078796	
168	1	E	2	N	2500	6	40	357	171	43	19	35	0	0	0	0	0	0	0	0	0	0	0	0	23088093	
169	1	E	2	N	2500	6	40	379	203	49	23	37	0	0	0	0	0	0	0	0	0	0	0	0	23088374	
170	1	E	2	N	2500	2	1	246	134	40	18	31	0	0	0	0	0	0	0	0	0	0	0	0	23088514	
171	1	E	2	N	2500	2	2	346	141	28	13	27	0	0	0	0	0	0	0	0	0	0	0	0	23089731	
172	1	E	2	N	2500	2	1	56	13	5	2	3	0	0	0	0	0	0	0	0	0	0	0	0	23089825	
173	1	E	2	N	2500	6	40	324	152	38	16	26	0	0	0	0	0	0	0	0	0	0	0	0	23090168	
174	1	E	2	N	2500	0	1	199	137	29	14	25	0	0	0	0	0	0	0	0	0	0	0	0	23090854	
175	1	E	2	N	2500	0	2	328	138	31	15	26	0	0	0	0	0	0	0	0	0	0	0	0	23090901	
176	1	E	2	N	2500	0	2	328	155	35	17	26	0	0	0	0	0	0	0	0	0	0	0	0	23091244	
177	1	E	2	N	2500	0	40	242	177	48	24	39	0	0	0	0	0	0	0	0	0	0	0	0	23091978	
178	1	E	2	N	2500	0	40	341	162	42	19	33	0	0	0	0	0	0	0	0	0	0	0	0	23092227	
179	1	E	2	N	2500	0	1	184	153	35	18	29	0	0	0	0	0	0	0	0	0	0	0	0	23092851	
180	1	E	2	N	2500	0	40	445	202	49	24	40	0	0	0	0	0	0	0	0	0	0	0	0	23094224	
181	1	E	2	N	2500	0	1	180	142	31	15	25	0	0	0	0	0	0	0	0	0	0	0	0	23094271	
182	1	F	2	N	2500	2	1	280	142	30	17	26	0	0	0	0	0	0	0	0	0	0	0	0	23101338	
183	1	F	2	N	2500	6	40	309	185	49	23	38	0	0	0	0	0	0	0	0	0	0	0	0	23102211	
184	1	F	2	N	2500	6	40	396	195	53	22	36	0	0	0	0	0	0	0	0	0	0	0	0	23102352	
185	1	F	2	N	2500	6	40	350	185	48	21	35	0	0	0	0	0	0	0	0	0	0	0	0	23103022	
186	1	F	2	N	2500	0	1	210	175	48	23	36	0	0	0	0	0	0	0	0	0	0	0	0	23103225	
187	1	F	2	N	2500	0	1	137	34	24	80	85	0	0	0	0	0	0	0	0	0	0	0	0	23103678	
188	1	F	2	N	2500	0	1	211	168	45	20	36	0	0	0	0	0	0	0	0	0	0	0	0	23104816	
189	1	F	2	N	2500	0	1	330	119	20	12	24	0	0	0	0	0	0	0	0	0	0	0	0	23105222	
190	1	F	2	N	2500	0	2	271	167	35	18	29	0	0	0	0	0	0	0	0	0	0	0	0	23105238	
191	1	F	2	N	2500	0	1	185	147	29	16	22	0	0	0	0	0	0	0	0	0	0	0	0	23106033	
192	1	F	2	N	2500	0	1	215	126	35	15	25	0	0	0	0	0	0	0	0	0	0	0	0	23106220	
193	1	F	2	N	2500	0	1	267	143	39	19	33	0	0	0	0	0	0	0	0	0	0	0	0	23106439	
194	1	F	2	N	2500	0	40	364	165	41	18	32	0	0	0	0	0	0	0	0	0	0	0	0	23107312	
195	1	F	2	N	2500	0	40	278	158	44	18	30	0	0	0	0	0	0	0	0	0	0	0	0	23107375	
196	1	F	2	N	2500	0	1	246	124	24	13	25	0	0	0	0	0	0	0	0	0	0	0	0	23107734	
197	1	F	2	N	2500	0	2	344	153	34	15	21	0	0	0	0	0	0	0	0	0	0	0	0	23108046	
198	1	G	2	N	2500	2	1	71	16	2	1	2	0	0	0	0	0	0	0	0	0	0	0	0	23115690	
199	1	G	2	N	2500	33	1	147	73	15	8	14	0	0	0	0	0	0	0	0	0	0	0	0	23115690	
200	1	G	2	N	2500	2	1	213	113	25	19	49	0	0	0	0	0	0	0	0	0	0	0	0	23117125	
201	1	G	2	N	2500	6	40	365	152	36	16	28	0	0	0	0	0	0	0	0	0	0	0	0	23118233	
202	1	G	2	N	2500	2	1	226	134	36	17	32	0	0	0	0	0	0	0	0	0	0	0	0	23119137	
203	1	G	2	N	2500	2	1	267	154	44	20	29	0	0	0	0	0	0	0	0	0	0	0	0	23119153	
204	1	G	2	N	2500	6	40	328	152	44	18	30	0	0	0	0	0	0	0	0	0	0	0	0	23119559	
205	1	G	2	N	2500	2	1	219	133	36	17	31	0	0	0	0	0	0	0	0	0	0	0	0	23119590	
206	1	G	2	N	2500	2	1	84	37	32	18	36	0	0	0	0	0	0	0	0	0	0	0	0	23119605	
207	1	G	2	N	2500	2	2	329	135	26	14	24	0	0	0	0	0	0	0	0	0	0	0	0	23119933	
208	1	G	2	N	2500	2	1	185	54	6	3	9	0	0	0	0	0	0	0	0	0	0	0	0	23120151	
209	1	G	2	N	2500	2	1	210	140	29	15	25	0	0	0	0	0	0	0	0	0	0	0	0	23120276	
210	1	G	2	N	2500	2	1	255	156	44	22	38	0	0	0	0	0	0	0	0	0	0	0	0	23120541	
211	1	G	2	N	2500	2	1	305	123	28	12	21	0	0	0	0	0	0	0	0	0	0	0	0	23120900	
212	1	G	2	N	2500	2	1	228	115	30	14	25	0	0	0	0	0	0	0	0	0	0	0	0	23121275	
213	1	G	2	N	2500	6	40	281	162	38	18	28	0	0	0	0	0	0	0	0	0	0	0	0	23121509	
214	1	G	2	N	2500	0	1	234	131	28	16	28	0	0	0	0	0	0	0	0	0	0	0	0	23121680	
215	1	G	2	N	2500	0	1	208	172	43	21	38	0	0	0	0	0	0	0	0	0	0	0	0	23122039	
216	1	G	2	N	2500	0	1	213	146	41	17	29	0	0	0	0	0	0	0	0	0	0	0	0	23122445	
217	1	H	2	N	2500	6	40	247	167	51	21	34	0	0	0	0	0	0	0	0	0	0	0	0	23133708	
218	1	H	2	N	2500	2	1	259	141	29	16	24	0	0	0	0	0	0	0	0	0	0	0	0	23134223	
219	1	A	3	N	2500	6	40	357	171	40	19	34	0	0	0	0	0	0	0	0	0	0	0	0	23146640	
220	1	A	3	N	2500	6	40	344	169	41	19	31	0	0	0	0	0	0	0	0	0	0	0	0	23147576	
221	1	A	3	N	2500	6	40	290	162	38	21	37	0	0	0	0	0	0	0	0	0	0	0	0	23147748	
222	1	A	3	N	2500	0	1	191	139	32	15	27	0	0	0	0	0	0	0	0	0	0	0	0	23147857	
223	1	A	3	N	2500	0	40	411	198	46	24	35	0	0	0	0	0	0	0	0	0	0	0	0	23148325	
224	1	A	3	N	2500	0	1	69	15	3	2	5	0	0	0	0	0	0	0	0	0	0	0	0	23148372	
225	1	A	3	N	2500	0	40	328	160	40	18	28	0	0	0	0	0	0	0	0	0	0	0	0	23148731	
226	1	A	3	N	2500	0	40	297	153	43	20	33	0	0	0	0	0	0	0	0	0	0	0	0	23149105	
227	1	A	3	N	2500	0	40	410	192	48	22	43	0	0	0	0	0	0	0	0	0	0	0	0	23149136	
228	1	A	3	N	2500	0	40	353	171	44	21	33	0	0	0	0	0	0	0	0	0	0	0	0	23149199	
229	1	A	3	N	2500	0	2	264	169	36	19	34	0	0	0	0	0	0	0	0	0	0	0	0	23149526	
230	1	A	3	N	2500	0	2	341	144	29	15	27	0	0	0	0	0	0	0	0	0	0	0	0	23149557	
231	1	A	3	N	2500	0	40	265	167	39	18	30	0	0	0	0	0	0	0	0	0	0	0	0	23149713	
232	1	A	3	N	2500	0	2	329	137	30	13	25	0	0	0	0	0	0	0	0	0	0	0	0	23150025	
233	1	A	3	N	2500	0	40	350	155	44	17	31	0	0	0	0	0	0	0	0	0	0	0	0	23150571	
234	1	A	3	N	2500	0	1	292	134	35	15	28	0	0	0	0	0	0	0	0	0	0	0	0	23150681	
235	1	A	3	N	2500	0	1	190	144	35	17	30	0	0	0	0	0	0	0	0	0	0	0	0	23150774	
236	1	A	3	N	2500	0	2	310	141	33	15	27	0	0	0	0	0	0	0	0	0	0	0	0	23150790	
237	1	A	3	N	2500	0	40	356	167	42	18	31	0	0	0	0	0	0	0	0	0	0	0	0	23150868	
238	1	A	3	N	2500	0	1	196	159	35	18	27	0	0	0	0	0	0	0	0	0	0	0	0	23150977	
239	1	A	3	N	2500	0	40	306	154	42	19	29	0	0	0	0	0	0	0	0	0	0	0	0	23151429	
240	1	A	3	N	2500	0	2	363	150	33	14	26	0	0	0	0	0	0	0	0	0	0	0	0	23151461	
241	1	A	3	N	2500	0	1	209	154	35	17	30	0	0	0	0	0	0	0	0	0	0	0	0	23151492	
242	1	A	3	N	2500	0	2	380	165	33	17	29	0	0	0	0	0	0	0	0	0	0	0	0	23151570	
243	1	A	3	N	2500	0	1	238	126	32	15	25	0	0	0	0	0	0	0	0	0	0	0	0	23151679	
244	1	A	3	N	2500	0	1	259	142	32	18	31	0	0	0	0	0	0	0	0	0	0	0	0	23151773	
245	1	A	3	N	2500	0	1	211	151	38	18	32	0	0	0	0	0	0	0	0	0	0	0	0	23151897	
246	1	A	3	N	2500	0	2	321	143	30	14	26	0	0	0	0	0	0	0	0	0	0	0	0	23151960	
247	1	A	3	N	2500	0	1	1145	570	57	9	26	0	0	0	0	0	0	0	0	0	0	0	0	23152069	
248	1	A	3	N	2500	0	1	181	143	32	16	21	0	0	0	0	0	0	0	0	0	0	0	0	23152147	
249	1	A	3	N	2500	0	40	399	171	43	19	32	0	0	0	0	0	0	0	0	0	0	0	0	23152365	
250	1	B	3	N	2500	2	1	251	156	36	17	33	0	0	0	0	0	0	0	0	0	0	0	0	23159229	
251	1	B	3	N	2500	2	1	274	142	36	17	25	0	0	0	0	0	0	0	0	0	0	0	0	23160493	
252	1	B	3	N	2500	2	1	220	152	40	17	29	0	0	0	0	0	0	0	0	0	0	0	0	23160571	
253	1	B	3	N	2500	2	1	476	167	45	19	32	0	0	0	0	0	0	0	0	0	0	0	0	23160774	
254	1	B	3	N	2500	2	1	54	14	1	0	2	0	0	0	0	0	0	0	0	0	0	0	0	23161585	
255	1	B	3	N	2500	2	1	264	119	24	13	20	0	0	0	0	0	0	0	0	0	0	0	0	23161803	
256	1	B	3	N	2500	4	40	245	173	40	20	32	0	0	0	0	0	0	0	0	0	0	0	0	23161975	
257	1	B	3	N	2500	2	1	204	167	49	21	36	0	0	0	0	0	0	0	0	0	0	0	0	23161975	
258	1	B	3	N	2500	2	1	197	154	37	19	33	0	0	0	0	0	0	0	0	0	0	0	0	23161991	
259	1	B	3	N	2500	6	40	363	167	45	19	30	0	0	0	0	0	0	0	0	0	0	0	0	23162256	
260	1	B	3	N	2500	2	1	240	132	27	14	23	0	0	0	0	0	0	0	0	0	0	0	0	23162303	
261	1	B	3	N	2500	2	1	241	144	32	18	27	0	0	0	0	0	0	0	0	0	0	0	0	23162537	
262	1	B	3	N	2500	2	2	347	149	27	16	27	0	0	0	0	0	0	0	0	0	0	0	0	23162708	
263	1	B	3	N	2500	8	40	327	159	36	17	33	0	0	0	0	0	0	0	0	0	0	0	0	23162708	
264	1	B	3	N	2500	6	40	423	189	43	22	41	0	0	0	0	0	0	0	0	0	0	0	0	23163161	
265	1	B	3	N	2500	2	1	204	139	32	18	27	0	0	0	0	0	0	0	0	0	0	0	0	23163176	
266	1	B	3	N	2500	8	40	343	171	45	20	31	0	0	0	0	0	0	0	0	0	0	0	0	23163176	
267	1	B	3	N	2500	2	1	219	143	40	19	29	0	0	0	0	0	0	0	0	0	0	0	0	23163816	
268	1	B	3	N	2500	6	40	290	169	40	21	33	0	0	0	0	0	0	0	0	0	0	0	0	23164034	
269	1	B	3	N	2500	0	1	219	153	37	19	28	0	0	0	0	0	0	0	0	0	0	0	0	23164315	
270	1	B	3	N	2500	0	40	328	159	40	17	28	0	0	0	0	0	0	0	0	0	0	0	0	23164331	
271	1	B	3	N	2500	0	2	329	153	33	19	30	0	0	0	0	0	0	0	0	0	0	0	0	23164518	
272	1	B	3	N	2500	0	40	386	185	51	20	35	0	0	0	0	0	0	0	0	0	0	0	0	23164549	
273	1	B	3	N	2500	0	40	356	166	42	19	33	0	0	0	0	0	0	0	0	0	0	0	0	23165235	
274	1	B	3	N	2500	0	1	223	125	35	18	27	0	0	0	0	0	0	0	0	0	0	0	0	23165906	
275	1	B	3	N	2500	0	40	369	180	43	20	32	0	0	0	0	0	0	0	0	0	0	0	0	23165984	
276	1	B	3	N	2500	0	2	371	153	35	17	29	0	0	0	0	0	0	0	0	0	0	0	0	23166015	
277	1	B	3	N	2500	0	1	79	22	5	4	9	0	0	0	0	0	0	0	0	0	0	0	0	23166624	
278	1	C	3	N	2500	2	2	335	154	32	17	27	0	0	0	0	0	0	0	0	0	0	0	0	23173597	
279	1	C	3	N	2500	6	40	366	162	41	19	27	0	0	0	0	0	0	0	0	0	0	0	0	23173753	
280	1	C	3	N	2500	2	1	220	154	32	17	30	0	0	0	0	0	0	0	0	0	0	0	0	23174673	
281	1	C	3	N	2500	2	1	244	159	34	17	29	0	0	0	0	0	0	0	0	0	0	0	0	23174798	
282	1	C	3	N	2500	2	1	181	184	44	25	38	0	0	0	0	0	0	0	0	0	0	0	0	23175188	
283	1	C	3	N	2500	2	1	284	149	33	15	28	0	0	0	0	0	0	0	0	0	0	0	0	23175531	
284	1	C	3	N	2500	2	1	257	91	17	10	20	0	0	0	0	0	0	0	0	0	0	0	0	23175594	
285	1	C	3	N	2500	2	2	269	158	34	17	31	0	0	0	0	0	0	0	0	0	0	0	0	23175656	
286	1	C	3	N	2500	6	40	305	175	46	21	36	0	0	0	0	0	0	0	0	0	0	0	0	23176015	
287	1	C	3	N	2500	2	1	178	144	36	16	25	0	0	0	0	0	0	0	0	0	0	0	0	23176046	
288	1	C	3	N	2500	6	40	379	194	46	23	43	0	0	0	0	0	0	0	0	0	0	0	0	23176779	
289	1	C	3	N	2500	0	1	50	11	1	0	2	0	0	0	0	0	0	0	0	0	0	0	0	23176795	
290	1	C	3	N	2500	0	1	208	132	31	16	29	0	0	0	0	0	0	0	0	0	0	0	0	23176795	
291	1	C	3	N	2500	0	1	226	123	39	19	30	0	0	0	0	0	0	0	0	0	0	0	0	23176951	
292	1	C	3	N	2500	0	2	362	158	31	17	27	0	0	0	0	0	0	0	0	0	0	0	0	23177247	
293	1	C	3	N	2500	0	40	391	188	43	21	35	0	0	0	0	0	0	0	0	0	0	0	0	23177606	
294	1	C	3	N	2500	0	1	50	22	14	14	28	0	0	0	0	0	0	0	0	0	0	0	0	23177622	
295	1	C	3	N	2500	0	1	231	147	39	18	29	0	0	0	0	0	0	0	0	0	0	0	0	23177825	
296	1	C	3	N	2500	0	40	377	152	38	17	31	0	0	0	0	0	0	0	0	0	0	0	0	23177856	
297	1	C	3	N	2500	0	40	355	161	37	17	30	0	0	0	0	0	0	0	0	0	0	0	0	23177981	
298	1	C	3	N	2500	0	40	392	176	38	19	31	0	0	0	0	0	0	0	0	0	0	0	0	23178215	
299	1	C	3	N	2500	0	1	261	127	26	14	24	0	0	0	0	0	0	0	0	0	0	0	0	23178277	
300	1	C	3	N	2500	0	1	190	105	19	10	19	0	0	0	0	0	0	0	0	0	0	0	0	23179931	
301	1	C	3	N	2500	0	2	340	155	31	15	27	0	0	0	0	0	0	0	0	0	0	0	0	23180024	
302	1	D	3	N	2500	2	2	349	132	26	11	23	0	0	0	0	0	0	0	0	0	0	0	0	23187980	
303	1	D	3	N	2500	2	1	295	118	23	12	25	0	0	0	0	0	0	0	0	0	0	0	0	23188713	
304	1	D	3	N	2500	6	40	388	178	41	19	30	0	0	0	0	0	0	0	0	0	0	0	0	23189540	
305	1	D	3	N	2500	2	1	53	46	5	1	3	0	0	0	0	0	0	0	0	0	0	0	0	23189790	
306	1	D	3	N	2500	2	2	340	140	28	13	24	0	0	0	0	0	0	0	0	0	0	0	0	23189993	
307	1	D	3	N	2500	6	40	309	168	39	20	38	0	0	0	0	0	0	0	0	0	0	0	0	23190632	
308	1	D	3	N	2500	2	1	83	18	5	3	8	0	0	0	0	0	0	0	0	0	0	0	0	23190866	
309	1	D	3	N	2500	2	2	328	140	29	14	24	0	0	0	0	0	0	0	0	0	0	0	0	23191116	
310	1	D	3	N	2500	6	40	359	184	42	20	33	0	0	0	0	0	0	0	0	0	0	0	0	23191584	
311	1	D	3	N	2500	0	1	239	159	36	18	29	0	0	0	0	0	0	0	0	0	0	0	0	23191724	
312	1	D	3	N	2500	0	40	448	200	46	23	40	0	0	0	0	0	0	0	0	0	0	0	0	23192099	
313	1	D	3	N	2500	0	1	172	138	34	16	25	0	0	0	0	0	0	0	0	0	0	0	0	23192145	
314	1	D	3	N	2500	0	40	390	175	39	21	37	0	0	0	0	0	0	0	0	0	0	0	0	23192177	
315	1	D	3	N	2500	0	1	193	45	16	6	8	0	0	0	0	0	0	0	0	0	0	0	0	23192567	
316	1	D	3	N	2500	0	1	161	67	15	7	12	0	0	0	0	0	0	0	0	0	0	0	0	23192567	
317	1	D	3	N	2500	0	1	181	147	33	16	28	0	0	0	0	0	0	0	0	0	0	0	0	23192582	
318	1	D	3	N	2500	0	1	154	88	140	164	229	0	0	0	0	0	0	0	0	0	0	0	0	23192613	
319	1	D	3	N	2500	0	40	243	184	48	21	40	0	0	0	0	0	0	0	0	0	0	0	0	23192738	
320	1	D	3	N	2500	0	1	117	152	93	89	154	0	0	0	0	0	0	0	0	0	0	0	0	23192847	
321	1	D	3	N	2500	0	1	283	104	20	12	21	0	0	0	0	0	0	0	0	0	0	0	0	23193050	
322	1	D	3	N	2500	0	2	318	139	27	13	24	0	0	0	0	0	0	0	0	0	0	0	0	23193612	
323	1	D	3	N	2500	0	40	432	196	51	22	43	0	0	0	0	0	0	0	0	0	0	0	0	23193924	
324	1	D	3	N	2500	0	40	415	194	50	24	38	0	0	0	0	0	0	0	0	0	0	0	0	23194158	
325	1	D	3	N	2500	0	40	357	158	44	20	33	0	0	0	0	0	0	0	0	0	0	0	0	23194329	
326	1	D	3	N	2500	0	1	70	15	3	2	4	0	0	0	0	0	0	0	0	0	0	0	0	23194454	
327	1	D	3	N	2500	0	40	262	161	54	26	42	0	0	0	0	0	0	0	0	0	0	0	0	23195078	
328	1	D	3	N	2500	0	2	328	146	31	15	28	0	0	0	0	0	0	0	0	0	0	0	0	23195125	
329	1	E	3	N	2500	2	1	311	130	25	13	24	0	0	0	0	0	0	0	0	0	0	0	0	23202644	
330	1	E	3	N	2500	2	1	165	156	46	23	40	0	0	0	0	0	0	0	0	0	0	0	0	23202925	
331	1	E	3	N	2500	6	40	366	150	38	16	30	0	0	0	0	0	0	0	0	0	0	0	0	23203393	
332	1	E	3	N	2500	2	1	271	98	16	9	16	0	0	0	0	0	0	0	0	0	0	0	0	23203518	
333	1	E	3	N	2500	6	40	260	189	57	26	41	0	0	0	0	0	0	0	0	0	0	0	0	23203549	
334	1	E	3	N	2500	2	1	303	115	25	10	19	0	0	0	0	0	0	0	0	0	0	0	0	23203830	
335	1	E	3	N	2500	2	1	261	113	23	13	21	0	0	0	0	0	0	0	0	0	0	0	0	23204111	
336	1	E	3	N	2500	2	1	175	125	21	11	22	0	0	0	0	0	0	0	0	0	0	0	0	23204157	
337	1	E	3	N	2500	2	1	253	152	36	16	31	0	0	0	0	0	0	0	0	0	0	0	0	23204345	
338	1	E	3	N	2500	2	1	215	152	39	19	30	0	0	0	0	0	0	0	0	0	0	0	0	23204360	
339	1	E	3	N	2500	2	1	287	117	21	10	19	0	0	0	0	0	0	0	0	0	0	0	0	23204610	
340	1	E	3	N	2500	2	1	184	107	25	13	21	0	0	0	0	0	0	0	0	0	0	0	0	23205015	
341	1	E	3	N	2500	2	1	77	13	1	1	2	0	0	0	0	0	0	0	0	0	0	0	0	23205265	
342	1	E	3	N	2500	2	1	292	112	21	10	19	0	0	0	0	0	0	0	0	0	0	0	0	23205437	
343	1	E	3	N	2500	2	1	185	140	38	20	33	0	0	0	0	0	0	0	0	0	0	0	0	23205468	
344	1	E	3	N	2500	2	1	267	145	41	19	31	0	0	0	0	0	0	0	0	0	0	0	0	23205546	
345	1	E	3	N	2500	2	1	263	145	28	13	24	0	0	0	0	0	0	0	0	0	0	0	0	23205655	
346	1	E	3	N	2500	6	40	290	181	43	21	34	0	0	0	0	0	0	0	0	0	0	0	0	23205811	
347	1	E	3	N	2500	0	1	544	217	71	26	45	0	0	0	0	0	0	0	0	0	0	0	0	23206014	
348	1	E	3	N	2500	0	40	452	191	53	20	41	0	0	0	0	0	0	0	0	0	0	0	0	23206045	
349	1	E	3	N	2500	0	40	435	211	50	24	36	0	0	0	0	0	0	0	0	0	0	0	0	23206544	
350	1	E	3	N	2500	0	2	323	145	30	15	24	0	0	0	0	0	0	0	0	0	0	0	0	23206669	
351	1	E	3	N	2500	0	40	376	184	41	20	32	0	0	0	0	0	0	0	0	0	0	0	0	23206887	
352	1	E	3	N	2500	0	1	217	87	17	10	18	0	0	0	0	0	0	0	0	0	0	0	0	23207121	
353	1	E	3	N	2500	0	1	212	157	49	23	39	0	0	0	0	0	0	0	0	0	0	0	0	23207480	
354	1	E	3	N	2500	0	1	325	129	26	13	21	0	0	0	0	0	0	0	0	0	0	0	0	23207558	
355	1	E	3	N	2500	0	2	283	159	34	19	27	0	0	0	0	0	0	0	0	0	0	0	0	23207777	
356	1	E	3	N	2500	0	40	258	176	39	21	34	0	0	0	0	0	0	0	0	0	0	0	0	23207839	
357	1	E	3	N	2500	0	1	261	151	31	17	29	0	0	0	0	0	0	0	0	0	0	0	0	23207870	
358	1	E	3	N	2500	0	40	367	176	44	21	37	0	0	0	0	0	0	0	0	0	0	0	0	23207886	
359	1	E	3	N	2500	0	40	363	166	46	20	30	0	0	0	0	0	0	0	0	0	0	0	0	23208089	
360	1	E	3	N	2500	0	1	64	31	11	10	26	0	0	0	0	0	0	0	0	0	0	0	0	23208775	
361	1	E	3	N	2500	0	1	303	124	29	13	23	0	0	0	0	0	0	0	0	0	0	0	0	23208947	
362	1	E	3	N	2500	0	1	260	155	32	17	26	0	0	0	0	0	0	0	0	0	0	0	0	23209040	
363	1	F	3	N	2500	6	40	404	193	53	22	36	0	0	0	0	0	0	0	0	0	0	0	0	23216247	
364	1	F	3	N	2500	6	40	398	190	47	23	38	0	0	0	0	0	0	0	0	0	0	0	0	23216637	
365	1	F	3	N	2500	2	1	187	138	32	16	24	0	0	0	0	0	0	0	0	0	0	0	0	23217168	
366	1	F	3	N	2500	2	2	331	142	29	15	24	0	0	0	0	0	0	0	0	0	0	0	0	23217761	
367	1	F	3	N	2500	2	2	337	152	32	15	26	0	0	0	0	0	0	0	0	0	0	0	0	23218681	
368	1	F	3	N	2500	2	2	359	154	31	15	28	0	0	0	0	0	0	0	0	0	0	0	0	23218743	
369	1	F	3	N	2500	6	40	263	169	48	21	33	0	0	0	0	0	0	0	0	0	0	0	0	23219055	
370	1	F	3	N	2500	0	1	160	84	19	10	19	0	0	0	0	0	0	0	0	0	0	0	0	23219258	
371	1	F	3	N	2500	0	1	285	116	23	12	21	0	0	0	0	0	0	0	0	0	0	0	0	23219274	
372	1	F	3	N	2500	0	40	338	161	37	18	33	0	0	0	0	0	0	0	0	0	0	0	0	23219414	
373	1	F	3	N	2500	0	40	244	193	48	23	42	0	0	0	0	0	0	0	0	0	0	0	0	23219461	
374	1	F	3	N	2500	0	40	368	182	39	21	33	0	0	0	0	0	0	0	0	0	0	0	0	23219508	
375	1	F	3	N	2500	0	1	309	129	24	12	21	0	0	0	0	0	0	0	0	0	0	0	0	23219617	
376	1	F	3	N	2500	0	1	227	138	35	16	28	0	0	0	0	0	0	0	0	0	0	0	0	23219679	
377	1	F	3	N	2500	0	40	355	215	56	27	42	0	0	0	0	0	0	0	0	0	0	0	0	23219991	
378	1	F	3	N	2500	0	1	228	146	34	17	31	0	0	0	0	0	0	0	0	0	0	0	0	23220023	
379	1	F	3	N	2500	0	1	194	143	33	16	29	0	0	0	0	0	0	0	0	0	0	0	0	23220147	
380	1	F	3	N	2500	0	1	280	138	32	16	30	0	0	0	0	0	0	0	0	0	0	0	0	23220553	
381	1	F	3	N	2500	0	40	270	188	44	23	37	0	0	0	0	0	0	0	0	0	0	0	0	23220569	
382	1	F	3	N	2500	0	40	324	149	41	18	32	0	0	0	0	0	0	0	0	0	0	0	0	23220631	
383	1	F	3	N	2500	0	1	287	145	38	18	29	0	0	0	0	0	0	0	0	0	0	0	0	23220647	
384	1	F	3	N	2500	0	40	325	158	38	18	30	0	0	0	0	0	0	0	0	0	0	0	0	23220881	
385	1	F	3	N	2500	0	40	411	197	49	23	37	0	0	0	0	0	0	0	0	0	0	0	0	23221037	
386	1	F	3	N	2500	0	40	381	182	42	21	36	0	0	0	0	0	0	0	0	0	0	0	0	23221052	
387	1	F	3	N	2500	0	1	209	148	46	19	29	0	0	0	0	0	0	0	0	0	0	0	0	23221115	
388	1	F	3	N	2500	0	40	286	153	40	18	32	0	0	0	0	0	0	0	0	0	0	0	0	23221146	
389	1	F	3	N	2500	0	1	186	151	42	22	35	0	0	0	0	0	0	0	0	0	0	0	0	23221161	
390	1	F	3	N	2500	0	1	306	136	32	14	26	0	0	0	0	0	0	0	0	0	0	0	0	23221193	
391	1	F	3	N	2500	0	40	369	176	50	20	34	0	0	0	0	0	0	0	0	0	0	0	0	23221255	
392	1	F	3	N	2500	0	2	308	140	28	14	21	0	0	0	0	0	0	0	0	0	0	0	0	23221458	
393	1	F	3	N	2500	0	1	209	129	26	15	23	0	0	0	0	0	0	0	0	0	0	0	0	23221645	
394	1	F	3	N	2500	0	1	180	157	42	19	34	0	0	0	0	0	0	0	0	0	0	0	0	23222051	
395	1	F	3	N	2500	0	1	323	130	27	13	23	0	0	0	0	0	0	0	0	0	0	0	0	23222066	
396	1	F	3	N	2500	0	1	205	162	35	18	31	0	0	0	0	0	0	0	0	0	0	0	0	23222144	
397	1	F	3	N	2500	0	1	236	167	42	22	38	0	0	0	0	0	0	0	0	0	0	0	0	23222643	
398	1	F	3	N	2500	0	1	145	107	21	12	20	0	0	0	0	0	0	0	0	0	0	0	0	23222659	
399	1	F	3	N	2500	0	40	387	169	39	20	31	0	0	0	0	0	0	0	0	0	0	0	0	23222784	
400	1	F	3	N	2500	0	40	317	156	36	17	27	0	0	0	0	0	0	0	0	0	0	0	0	23223049	
401	1	F	3	N	2500	0	40	240	203	50	25	42	0	0	0	0	0	0	0	0	0	0	0	0	23223501	
402	1	F	3	N	2500	0	1	206	118	32	16	25	0	0	0	0	0	0	0	0	0	0	0	0	23223642	
403	1	F	3	N	2500	0	1	51	32	13	14	36	0	0	0	0	0	0	0	0	0	0	0	0	23223720	
404	1	F	3	N	2500	0	1	144	76	97	115	196	0	0	0	0	0	0	0	0	0	0	0	0	23223735	
405	1	F	3	N	2500	0	40	344	157	40	15	23	0	0	0	0	0	0	0	0	0	0	0	0	23223735	
406	1	G	3	N	2500	6	40	363	178	45	20	37	0	0	0	0	0	0	0	0	0	0	0	0	23231068	
407	1	G	3	N	2500	2	1	288	125	27	13	23	0	0	0	0	0	0	0	0	0	0	0	0	23231504	
408	1	G	3	N	2500	6	40	336	164	43	19	36	0	0	0	0	0	0	0	0	0	0	0	0	23231520	
409	1	G	3	N	2500	2	1	219	129	34	14	22	0	0	0	0	0	0	0	0	0	0	0	0	23232955	
410	1	G	3	N	2500	2	1	230	172	44	19	33	0	0	0	0	0	0	0	0	0	0	0	0	23233080	
411	1	G	3	N	2500	2	1	58	11	1	1	2	0	0	0	0	0	0	0	0	0	0	0	0	23233127	
412	1	G	3	N	2500	2	2	349	163	35	18	30	0	0	0	0	0	0	0	0	0	0	0	0	23233283	
413	1	G	3	N	2500	2	1	204	120	29	16	26	0	0	0	0	0	0	0	0	0	0	0	0	23233501	
414	1	G	3	N	2500	2	2	324	140	29	13	25	0	0	0	0	0	0	0	0	0	0	0	0	23233657	
415	1	G	3	N	2500	6	40	295	182	47	23	38	0	0	0	0	0	0	0	0	0	0	0	0	23233798	
416	1	G	3	N	2500	0	1	226	150	36	18	30	0	0	0	0	0	0	0	0	0	0	0	0	23234000	
417	1	G	3	N	2500	0	1	197	119	21	12	20	0	0	0	0	0	0	0	0	0	0	0	0	23234141	
418	1	G	3	N	2500	0	40	338	165	39	18	31	0	0	0	0	0	0	0	0	0	0	0	0	23234609	
419	1	G	3	N	2500	0	2	338	148	35	16	26	0	0	0	0	0	0	0	0	0	0	0	0	23234812	
420	1	G	3	N	2500	0	40	360	152	36	18	30	0	0	0	0	0	0	0	0	0	0	0	0	23234858	
421	1	G	3	N	2500	0	1	265	143	45	21	34	0	0	0	0	0	0	0	0	0	0	0	0	23234890	
422	1	G	3	N	2500	0	40	376	159	39	16	28	0	0	0	0	0	0	0	0	0	0	0	0	23235295	
423	1	G	3	N	2500	0	1	251	164	37	19	29	0	0	0	0	0	0	0	0	0	0	0	0	23236013	
424	1	G	3	N	2500	0	1	147	108	18	11	19	0	0	0	0	0	0	0	0	0	0	0	0	23236028	
425	1	G	3	N	2500	0	2	334	145	34	16	28	0	0	0	0	0	0	0	0	0	0	0	0	23236060	
426	1	G	3	N	2500	0	40	328	150	37	17	30	0	0	0	0	0	0	0	0	0	0	0	0	23236465	
427	1	G	3	N	2500	0	1	197	111	33	16	27	0	0	0	0	0	0	0	0	0	0	0	0	23236777	
428	1	G	3	N	2500	0	1	271	133	31	16	26	0	0	0	0	0	0	0	0	0	0	0	0	23237027	
429	1	G	3	N	2500	0	1	194	144	30	16	25	0	0	0	0	0	0	0	0	0	0	0	0	23237105	
430	1	G	3	N	2500	0	1	190	121	26	12	19	0	0	0	0	0	0	0	0	0	0	0	0	23237136	
431	1	G	3	N	2500	0	2	343	157	34	18	27	0	0	0	0	0	0	0	0	0	0	0	0	23237167	
432	1	G	3	N	2500	0	1	50	33	10	9	17	0	0	0	0	0	0	0	0	0	0	0	0	23237323	
433	1	G	3	N	2500	0	1	180	110	22	12	21	0	0	0	0	0	0	0	0	0	0	0	0	23237760	
434	1	H	3	N	2500	2	1	182	45	3	1	4	0	0	0	0	0	0	0	0	0	0	0	0	23245997	
435	1	A	4	N	2500	2	1	96	18	1	1	3	0	0	0	0	0	0	0	0	0	0	0	0	23260567	
436	1	A	4	N	2500	33	1	198	43	7	1	4	0	0	0	0	0	0	0	0	0	0	0	0	23260567	
437	1	A	4	N	2500	2	1	137	36	6	4	10	0	0	0	0	0	0	0	0	0	0	0	0	23265200	
438	1	A	4	N	2500	2	1	75	49	24	17	44	0	0	0	0	0	0	0	0	0	0	0	0	23266558	
439	1	B	4	N	2500	2	1	178	109	27	14	26	0	0	0	0	0	0	0	0	0	0	0	0	23276557	
440	1	B	4	N	2500	2	2	346	148	35	17	33	0	0	0	0	0	0	0	0	0	0	0	0	23277446	
441	1	B	4	N	2500	2	1	121	25	11	3	8	0	0	0	0	0	0	0	0	0	0	0	0	23277914	
442	1	B	4	N	2500	6	40	253	166	42	18	28	0	0	0	0	0	0	0	0	0	0	0	0	23279038	
443	1	C	4	N	2500	2	1	297	118	20	12	23	0	0	0	0	0	0	0	0	0	0	0	0	23289989	
444	1	C	4	N	2500	2	1	297	121	22	12	20	0	0	0	0	0	0	0	0	0	0	0	0	23294076	
445	1	C	4	N	2500	2	1	92	124	38	0	2	0	0	0	0	0	0	0	0	0	0	0	0	23296510	
446	1	D	4	N	2500	2	2	370	151	35	15	28	0	0	0	0	0	0	0	0	0	0	0	0	23307601	
447	1	D	4	N	2500	2	1	286	112	22	11	19	0	0	0	0	0	0	0	0	0	0	0	0	23307960	
448	1	E	4	N	2500	2	1	101	99	79	79	132	0	0	0	0	0	0	0	0	0	0	0	0	23321126	
449	1	E	4	N	2500	2	1	73	44	19	16	38	0	0	0	0	0	0	0	0	0	0	0	0	23322468	
450	1	E	4	N	2500	2	2	312	144	32	16	27	0	0	0	0	0	0	0	0	0	0	0	0	23324075	
451	1	E	4	N	2500	2	1	228	110	23	11	19	0	0	0	0	0	0	0	0	0	0	0	0	23324636	
452	1	F	4	N	2500	2	1	295	139	27	15	27	0	0	0	0	0	0	0	0	0	0	0	0	23334964	
453	1	F	4	N	2500	6	40	268	161	45	19	36	0	0	0	0	0	0	0	0	0	0	0	0	23339035	
454	1	F	4	N	2500	2	1	60	16	3	1	5	0	0	0	0	0	0	0	0	0	0	0	0	23341063	
455	1	G	4	N	2500	2	1	189	117	20	12	20	0	0	0	0	0	0	0	0	0	0	0	0	23349643	
456	1	G	4	N	2500	2	1	274	101	19	10	20	0	0	0	0	0	0	0	0	0	0	0	0	23353372	
457	1	G	4	N	2500	2	1	106	34	5	1	2	0	0	0	0	0	0	0	0	0	0	0	0	23354464	
458	1	G	4	N	2500	2	1	192	94	24	14	21	0	0	0	0	0	0	0	0	0	0	0	0	23355493	
459	1	H	4	N	2500	2	1	64	22	3	2	7	0	0	0	0	0	0	0	0	0	0	0	0	23370579	
460	1	A	5	N	2500	2	1	283	131	35	16	28	0	0	0	0	0	0	0	0	0	0	0	0	23381701	
461	1	A	5	N	2500	2	1	67	38	14	13	35	0	0	0	0	0	0	0	0	0	0	0	0	23382060	
462	1	A	5	N	2500	2	1	252	140	36	17	31	0	0	0	0	0	0	0	0	0	0	0	0	23382949	
463	1	A	5	N	2500	2	1	202	55	7	4	10	0	0	0	0	0	0	0	0	0	0	0	0	23384073	
464	1	A	5	N	2500	2	1	309	137	26	14	22	0	0	0	0	0	0	0	0	0	0	0	0	23384135	
465	1	A	5	N	2500	2	1	58	14	1	1	4	0	0	0	0	0	0	0	0	0	0	0	0	23385773	
466	1	B	5	N	2500	2	1	235	121	30	16	28	0	0	0	0	0	0	0	0	0	0	0	0	23394197	
467	1	B	5	N	2500	6	40	363	186	52	21	37	0	0	0	0	0	0	0	0	0	0	0	0	23394649	
468	1	B	5	N	2500	6	40	366	174	41	20	31	0	0	0	0	0	0	0	0	0	0	0	0	23394899	
469	1	B	5	N	2500	2	1	50	17	1	0	2	0	0	0	0	0	0	0	0	0	0	0	0	23396693	
470	1	B	5	N	2500	2	1	234	94	18	8	15	0	0	0	0	0	0	0	0	0	0	0	0	23397535	
471	1	B	5	N	2500	2	1	150	143	44	20	30	0	0	0	0	0	0	0	0	0	0	0	0	23398035	
472	1	C	5	N	2500	6	40	345	157	41	17	27	0	0	0	0	0	0	0	0	0	0	0	0	23410530	
473	1	C	5	N	2500	2	1	66	38	17	13	34	0	0	0	0	0	0	0	0	0	0	0	0	23411045	
474	1	C	5	N	2500	2	1	353	129	12	3	7	0	0	0	0	0	0	0	0	0	0	0	0	23413837	
475	1	C	5	N	2500	2	1	226	165	40	19	34	0	0	0	0	0	0	0	0	0	0	0	0	23414383	
476	1	D	5	N	2500	2	2	325	142	29	14	22	0	0	0	0	0	0	0	0	0	0	0	0	23424726	
477	1	D	5	N	2500	2	1	227	162	48	20	33	0	0	0	0	0	0	0	0	0	0	0	0	23427207	
478	1	D	5	N	2500	6	40	319	157	36	19	30	0	0	0	0	0	0	0	0	0	0	0	0	23427846	
479	1	D	5	N	2500	6	40	367	174	38	18	27	0	0	0	0	0	0	0	0	0	0	0	0	23429032	
480	1	D	5	N	2500	6	40	358	171	39	19	33	0	0	0	0	0	0	0	0	0	0	0	0	23429141	
481	1	D	5	N	2500	0	40	335	182	44	20	36	0	0	0	0	0	0	0	0	0	0	0	0	23429765	
482	1	D	5	N	2500	0	1	298	109	22	10	15	0	0	0	0	0	0	0	0	0	0	0	0	23430202	
483	1	E	5	N	2500	2	1	145	60	9	5	10	0	0	0	0	0	0	0	0	0	0	0	0	23437113	
484	1	E	5	N	2500	2	1	251	121	40	18	32	0	0	0	0	0	0	0	0	0	0	0	0	23437456	
485	1	E	5	N	2500	2	1	241	149	42	19	32	0	0	0	0	0	0	0	0	0	0	0	0	23438860	
486	1	E	5	N	2500	2	1	155	90	20	13	17	0	0	0	0	0	0	0	0	0	0	0	0	23440607	
487	1	E	5	N	2500	2	2	329	142	33	15	28	0	0	0	0	0	0	0	0	0	0	0	0	23442541	
488	1	E	5	N	2500	2	1	219	126	26	14	21	0	0	0	0	0	0	0	0	0	0	0	0	23442666	
489	1	E	5	N	2500	6	40	356	183	49	21	37	0	0	0	0	0	0	0	0	0	0	0	0	23442697	
490	1	E	5	N	2500	2	2	333	140	29	15	28	0	0	0	0	0	0	0	0	0	0	0	0	23443477	
491	1	E	5	N	2500	2	1	135	74	16	10	15	0	0	0	0	0	0	0	0	0	0	0	0	23444117	
492	1	F	5	N	2500	6	40	346	162	39	19	33	0	0	0	0	0	0	0	0	0	0	0	0	23453025	
493	1	F	5	N	2500	6	40	314	169	47	20	29	0	0	0	0	0	0	0	0	0	0	0	0	23453851	
494	1	F	5	N	2500	6	40	380	176	41	21	38	0	0	0	0	0	0	0	0	0	0	0	0	23455084	
495	1	F	5	N	2500	0	1	227	137	36	15	27	0	0	0	0	0	0	0	0	0	0	0	0	23455396	
496	1	F	5	N	2500	0	1	197	165	51	22	34	0	0	0	0	0	0	0	0	0	0	0	0	23455723	
497	1	F	5	N	2500	0	1	261	121	31	15	27	0	0	0	0	0	0	0	0	0	0	0	0	23456113	
498	1	F	5	N	2500	0	40	352	195	45	22	37	0	0	0	0	0	0	0	0	0	0	0	0	23456238	
499	1	F	5	N	2500	0	40	373	190	41	22	42	0	0	0	0	0	0	0	0	0	0	0	0	23456254	
500	1	F	5	N	2500	0	2	329	133	25	12	20	0	0	0	0	0	0	0	0	0	0	0	0	23456472	
501	1	F	5	N	2500	0	2	374	144	27	16	30	0	0	0	0	0	0	0	0	0	0	0	0	23457268	
502	1	F	5	N	2500	0	1	186	158	35	19	31	0	0	0	0	0	0	0	0	0	0	0	0	23457549	
503	1	F	5	N	2500	0	40	383	205	48	25	38	0	0	0	0	0	0	0	0	0	0	0	0	23457767	
504	1	G	5	N	2500	6	40	327	160	42	18	33	0	0	0	0	0	0	0	0	0	0	0	0	23466581	
505	1	G	5	N	2500	2	1	162	115	21	11	22	0	0	0	0	0	0	0	0	0	0	0	0	23466862	
506	1	G	5	N	2500	2	1	305	131	30	13	23	0	0	0	0	0	0	0	0	0	0	0	0	23467626	
507	1	G	5	N	2500	2	2	316	137	31	15	25	0	0	0	0	0	0	0	0	0	0	0	0	23467814	
508	1	G	5	N	2500	2	1	178	89	21	13	23	0	0	0	0	0	0	0	0	0	0	0	0	23467938	
509	1	G	5	N	2500	2	1	59	23	10	3	6	0	0	0	0	0	0	0	0	0	0	0	0	23469062	
510	1	G	5	N	2500	2	1	212	138	30	14	24	0	0	0	0	0	0	0	0	0	0	0	0	23470684	
511	1	G	5	N	2500	6	40	379	192	45	20	34	0	0	0	0	0	0	0	0	0	0	0	0	23470918	
512	1	G	5	N	2500	2	2	325	147	32	16	30	0	0	0	0	0	0	0	0	0	0	0	0	23470965	
513	1	G	5	N	2500	2	2	334	151	31	15	27	0	0	0	0	0	0	0	0	0	0	0	0	23471152	
514	1	G	5	N	2500	6	40	353	197	51	21	34	0	0	0	0	0	0	0	0	0	0	0	0	23473071	
515	1	H	5	N	2500	2	1	77	19	3	0	1	0	0	0	0	0	0	0	0	0	0	0	0	23482602	
516	1	H	5	N	2500	2	1	309	136	25	15	26	0	0	0	0	0	0	0	0	0	0	0	0	23482790	
517	1	A	6	N	2500	2	1	122	92	24	12	19	0	0	0	0	0	0	0	0	0	0	0	0	23496299	
518	1	A	6	N	2500	2	1	54	34	16	12	31	0	0	0	0	0	0	0	0	0	0	0	0	23499248	
519	1	A	6	N	2500	2	1	65	18	4	1	3	0	0	0	0	0	0	0	0	0	0	0	0	23499466	
520	1	A	6	N	2500	2	1	81	68	49	42	98	0	0	0	0	0	0	0	0	0	0	0	0	23500012	
521	1	A	6	N	2500	6	40	411	199	50	25	53	0	0	0	0	0	0	0	0	0	0	0	0	23501088	
522	1	A	6	N	2500	2	2	341	139	27	14	23	0	0	0	0	0	0	0	0	0	0	0	0	23501993	
523	1	A	6	N	2500	2	1	392	127	31	14	27	0	0	0	0	0	0	0	0	0	0	0	0	23502087	
524	1	B	6	N	2500	2	1	50	12	2	1	2	0	0	0	0	0	0	0	0	0	0	0	0	23510027	
525	1	B	6	N	2500	2	1	80	103	31	0	2	0	0	0	0	0	0	0	0	0	0	0	0	23512570	
526	1	B	6	N	2500	2	1	76	21	2	1	4	0	0	0	0	0	0	0	0	0	0	0	0	23513007	
527	1	B	6	N	2500	2	1	54	13	2	1	3	0	0	0	0	0	0	0	0	0	0	0	0	23513069	
528	1	B	6	N	2500	6	40	250	184	44	24	37	0	0	0	0	0	0	0	0	0	0	0	0	23513225	
529	1	B	6	N	2500	2	1	163	57	10	7	16	0	0	0	0	0	0	0	0	0	0	0	0	23513381	
530	1	B	6	N	2500	2	1	69	17	3	2	6	0	0	0	0	0	0	0	0	0	0	0	0	23513381	
531	1	B	6	N	2500	2	1	148	34	5	3	7	0	0	0	0	0	0	0	0	0	0	0	0	23514816	
532	1	B	6	N	2500	2	1	73	22	3	2	5	0	0	0	0	0	0	0	0	0	0	0	0	23514816	
533	1	B	6	N	2500	2	2	352	149	29	15	26	0	0	0	0	0	0	0	0	0	0	0	0	23514863	
534	1	B	6	N	2500	6	40	413	178	41	19	34	0	0	0	0	0	0	0	0	0	0	0	0	23515222	
535	1	C	6	N	2500	2	1	210	113	38	20	31	0	0	0	0	0	0	0	0	0	0	0	0	23526485	
536	1	C	6	N	2500	6	40	354	169	48	21	34	0	0	0	0	0	0	0	0	0	0	0	0	23528154	
537	1	C	6	N	2500	2	1	241	162	44	21	37	0	0	0	0	0	0	0	0	0	0	0	0	23528513	
538	1	C	6	N	2500	2	1	262	149	44	21	35	0	0	0	0	0	0	0	0	0	0	0	0	23529418	
539	1	C	6	N	2500	6	40	341	156	37	16	30	0	0	0	0	0	0	0	0	0	0	0	0	23529527	
540	1	C	6	N	2500	6	40	398	152	44	16	30	0	0	0	0	0	0	0	0	0	0	0	0	23529714	
541	1	C	6	N	2500	0	1	231	92	18	10	19	0	0	0	0	0	0	0	0	0	0	0	0	23530026	
542	1	C	6	N	2500	0	1	101	64	14	6	9	0	0	0	0	0	0	0	0	0	0	0	0	23530042	
543	1	C	6	N	2500	0	1	93	63	15	7	13	0	0	0	0	0	0	0	0	0	0	0	0	23530058	
544	1	C	6	N	2500	0	40	355	169	42	20	35	0	0	0	0	0	0	0	0	0	0	0	0	23532039	
545	1	D	6	N	2500	6	40	408	227	54	29	51	0	0	0	0	0	0	0	0	0	0	0	0	23539059	
546	1	D	6	N	2500	6	40	315	150	39	16	30	0	0	0	0	0	0	0	0	0	0	0	0	23539402	
547	1	D	6	N	2500	2	1	280	139	30	17	26	0	0	0	0	0	0	0	0	0	0	0	0	23540588	
548	1	D	6	N	2500	2	1	56	13	1	1	2	0	0	0	0	0	0	0	0	0	0	0	0	23541524	
549	1	D	6	N	2500	6	40	345	160	40	21	36	0	0	0	0	0	0	0	0	0	0	0	0	23542538	
550	1	D	6	N	2500	0	2	347	144	27	14	23	0	0	0	0	0	0	0	0	0	0	0	0	23542725	
551	1	D	6	N	2500	0	40	319	189	51	25	39	0	0	0	0	0	0	0	0	0	0	0	0	23544160	
552	1	D	6	N	2500	0	40	334	211	52	24	43	0	0	0	0	0	0	0	0	0	0	0	0	23544207	
553	1	D	6	N	2500	0	1	152	46	4	1	3	0	0	0	0	0	0	0	0	0	0	0	0	23545002	
554	1	D	6	N	2500	0	2	364	138	33	16	25	0	0	0	0	0	0	0	0	0	0	0	0	23545860	
555	1	D	6	N	2500	0	40	241	174	52	23	37	0	0	0	0	0	0	0	0	0	0	0	0	23546328	
556	1	E	6	N	2500	6	40	234	186	42	22	40	0	0	0	0	0	0	0	0	0	0	0	0	23555408	
557	1	E	6	N	2500	2	1	205	141	35	18	28	0	0	0	0	0	0	0	0	0	0	0	0	23555532	
558	1	E	6	N	2500	2	1	302	127	26	14	20	0	0	0	0	0	0	0	0	0	0	0	0	23555766	
559	1	E	6	N	2500	2	1	256	154	36	19	33	0	0	0	0	0	0	0	0	0	0	0	0	23556000	
560	1	E	6	N	2500	2	1	296	129	29	14	22	0	0	0	0	0	0	0	0	0	0	0	0	23556702	
561	1	E	6	N	2500	2	1	120	76	14	7	13	0	0	0	0	0	0	0	0	0	0	0	0	23557404	
562	1	E	6	N	2500	2	1	258	157	54	23	36	0	0	0	0	0	0	0	0	0	0	0	0	23557763	
563	1	E	6	N	2500	6	40	347	164	46	21	35	0	0	0	0	0	0	0	0	0	0	0	0	23558075	
564	1	E	6	N	2500	2	1	318	124	22	13	24	0	0	0	0	0	0	0	0	0	0	0	0	23558122	
565	1	E	6	N	2500	6	40	323	177	41	20	33	0	0	0	0	0	0	0	0	0	0	0	0	23560228	
566	1	F	6	N	2500	6	40	327	148	37	17	31	0	0	0	0	0	0	0	0	0	0	0	0	23568090	
567	1	F	6	N	2500	2	1	291	114	25	16	28	0	0	0	0	0	0	0	0	0	0	0	0	23568340	
568	1	F	6	N	2500	6	40	267	224	58	29	45	0	0	0	0	0	0	0	0	0	0	0	0	23568777	
569	1	F	6	N	2500	2	1	123	28	2	1	4	0	0	0	0	0	0	0	0	0	0	0	0	23569229	
570	1	F	6	N	2500	6	40	244	197	53	25	42	0	0	0	0	0	0	0	0	0	0	0	0	23569260	
571	1	F	6	N	2500	0	1	157	130	31	15	22	0	0	0	0	0	0	0	0	0	0	0	0	23569494	
572	1	F	6	N	2500	0	1	296	110	20	10	18	0	0	0	0	0	0	0	0	0	0	0	0	23569962	
573	1	F	6	N	2500	0	40	354	170	39	20	36	0	0	0	0	0	0	0	0	0	0	0	0	23570430	
574	1	F	6	N	2500	0	40	378	166	38	18	30	0	0	0	0	0	0	0	0	0	0	0	0	23570586	
575	1	F	6	N	2500	0	40	332	161	39	19	34	0	0	0	0	0	0	0	0	0	0	0	0	23570805	
576	1	F	6	N	2500	0	1	310	128	29	13	25	0	0	0	0	0	0	0	0	0	0	0	0	23570852	
577	1	F	6	N	2500	0	40	275	157	43	20	33	0	0	0	0	0	0	0	0	0	0	0	0	23570898	
578	1	F	6	N	2500	0	40	410	197	48	23	41	0	0	0	0	0	0	0	0	0	0	0	0	23570961	
579	1	F	6	N	2500	0	40	381	176	39	18	36	0	0	0	0	0	0	0	0	0	0	0	0	23571148	
580	1	F	6	N	2500	0	1	310	115	23	11	17	0	0	0	0	0	0	0	0	0	0	0	0	23571335	
581	1	F	6	N	2500	0	1	313	126	25	12	19	0	0	0	0	0	0	0	0	0	0	0	0	23571897	
582	1	F	6	N	2500	0	40	383	196	48	22	37	0	0	0	0	0	0	0	0	0	0	0	0	23571975	
583	1	F	6	N	2500	0	40	381	185	45	20	35	0	0	0	0	0	0	0	0	0	0	0	0	23572068	
584	1	F	6	N	2500	0	40	320	184	45	24	41	0	0	0	0	0	0	0	0	0	0	0	0	23572459	
585	1	F	6	N	2500	0	1	270	120	28	15	29	0	0	0	0	0	0	0	0	0	0	0	0	23572693	
586	1	F	6	N	2500	0	40	371	175	45	19	32	0	0	0	0	0	0	0	0	0	0	0	0	23572771	
587	1	F	6	N	2500	0	1	53	31	6	0	0	0	0	0	0	0	0	0	0	0	0	0	0	23573941	
588	1	F	6	N	2500	0	40	378	175	39	18	28	0	0	0	0	0	0	0	0	0	0	0	0	23573972	
589	1	F	6	N	2500	0	1	229	97	21	11	17	0	0	0	0	0	0	0	0	0	0	0	0	23574237	
590	1	G	6	N	2500	6	40	391	185	47	21	38	0	0	0	0	0	0	0	0	0	0	0	0	23582021	
591	1	G	6	N	2500	2	1	230	157	41	19	30	0	0	0	0	0	0	0	0	0	0	0	0	23582333	
592	1	G	6	N	2500	2	1	68	35	19	14	35	0	0	0	0	0	0	0	0	0	0	0	0	23583035	
593	1	G	6	N	2500	2	1	171	165	41	23	41	0	0	0	0	0	0	0	0	0	0	0	0	23583815	
594	1	G	6	N	2500	2	1	213	154	37	18	29	0	0	0	0	0	0	0	0	0	0	0	0	23583987	
595	1	G	6	N	2500	2	1	169	117	20	13	21	0	0	0	0	0	0	0	0	0	0	0	0	23584268	
596	1	G	6	N	2500	6	40	359	181	50	27	53	0	0	0	0	0	0	0	0	0	0	0	0	23584517	
597	1	G	6	N	2500	6	40	425	206	56	25	47	0	0	0	0	0	0	0	0	0	0	0	0	23584861	
598	1	G	6	N	2500	0	1	159	163	44	22	36	0	0	0	0	0	0	0	0	0	0	0	0	23585110	
599	1	G	6	N	2500	0	40	304	172	38	20	36	0	0	0	0	0	0	0	0	0	0	0	0	23585141	
600	1	G	6	N	2500	0	1	317	130	32	14	24	0	0	0	0	0	0	0	0	0	0	0	0	23585360	
601	1	G	6	N	2500	0	1	200	177	52	29	49	0	0	0	0	0	0	0	0	0	0	0	0	23585422	
602	1	G	6	N	2500	0	1	224	139	32	17	28	0	0	0	0	0	0	0	0	0	0	0	0	23585578	
603	1	G	6	N	2500	0	40	377	197	48	24	39	0	0	0	0	0	0	0	0	0	0	0	0	23585859	
604	1	G	6	N	2500	0	2	302	162	35	19	32	0	0	0	0	0	0	0	0	0	0	0	0	23585921	
605	1	G	6	N	2500	0	2	354	153	31	15	27	0	0	0	0	0	0	0	0	0	0	0	0	23586140	
606	1	G	6	N	2500	0	1	283	101	19	10	18	0	0	0	0	0	0	0	0	0	0	0	0	23586327	
607	1	G	6	N	2500	0	2	332	134	24	14	24	0	0	0	0	0	0	0	0	0	0	0	0	23586467	
608	1	G	6	N	2500	0	1	219	170	44	22	40	0	0	0	0	0	0	0	0	0	0	0	0	23586857	
609	1	G	6	N	2500	0	1	255	151	41	20	36	0	0	0	0	0	0	0	0	0	0	0	0	23586998	
610	1	G	6	N	2500	0	40	372	177	50	26	46	0	0	0	0	0	0	0	0	0	0	0	0	23587138	
611	1	G	6	N	2500	0	40	311	190	49	20	38	0	0	0	0	0	0	0	0	0	0	0	0	23588043	
612	1	G	6	N	2500	0	40	291	179	41	20	36	0	0	0	0	0	0	0	0	0	0	0	0	23588137	
613	1	G	6	N	2500	0	40	384	197	45	21	35	0	0	0	0	0	0	0	0	0	0	0	0	23588573	
614	1	G	6	N	2500	0	40	391	214	57	29	55	0	0	0	0	0	0	0	0	0	0	0	0	23588636	
615	1	G	6	N	2500	0	40	361	173	44	20	32	0	0	0	0	0	0	0	0	0	0	0	0	23588636	
616	1	G	6	N	2500	0	1	277	133	24	12	19	0	0	0	0	0	0	0	0	0	0	0	0	23588698	
617	1	G	6	N	2500	0	40	505	235	64	26	50	0	0	0	0	0	0	0	0	0	0	0	0	23588963	
618	1	H	6	N	2500	2	2	370	172	34	19	31	0	0	0	0	0	0	0	0	0	0	0	0	23596139	
619	1	H	6	N	2500	2	2	319	145	31	16	27	0	0	0	0	0	0	0	0	0	0	0	0	23596451	
620	1	H	6	N	2500	2	1	64	12	0	0	0	0	0	0	0	0	0	0	0	0	0	0	0	23597465	
621	1	A	7	N	2500	2	1	217	143	36	15	25	0	0	0	0	0	0	0	0	0	0	0	0	23611256	
622	1	A	7	N	2500	2	1	232	124	34	16	24	0	0	0	0	0	0	0	0	0	0	0	0	23611303	
623	1	A	7	N	2500	6	40	323	151	37	18	29	0	0	0	0	0	0	0	0	0	0	0	0	23611396	
624	1	A	7	N	2500	2	1	281	108	24	12	24	0	0	0	0	0	0	0	0	0	0	0	0	23611490	
625	1	A	7	N	2500	2	1	206	128	25	13	19	0	0	0	0	0	0	0	0	0	0	0	0	23612239	
626	1	A	7	N	2500	2	1	183	141	29	16	22	0	0	0	0	0	0	0	0	0	0	0	0	23612629	
627	1	A	7	N	2500	2	1	206	148	46	21	34	0	0	0	0	0	0	0	0	0	0	0	0	23612816	
628	1	A	7	N	2500	2	1	196	112	21	11	19	0	0	0	0	0	0	0	0	0	0	0	0	23613299	
629	1	A	7	N	2500	2	2	309	145	31	16	27	0	0	0	0	0	0	0	0	0	0	0	0	23613611	
630	1	A	7	N	2500	2	2	317	139	30	15	20	0	0	0	0	0	0	0	0	0	0	0	0	23614033	
631	1	A	7	N	2500	2	1	67	36	19	15	39	0	0	0	0	0	0	0	0	0	0	0	0	23614126	
632	1	A	7	N	2500	6	40	332	170	40	19	34	0	0	0	0	0	0	0	0	0	0	0	0	23614235	
633	1	A	7	N	2500	6	40	293	160	43	23	39	0	0	0	0	0	0	0	0	0	0	0	0	23614703	
634	1	A	7	N	2500	0	1	194	145	44	19	31	0	0	0	0	0	0	0	0	0	0	0	0	23615359	
635	1	A	7	N	2500	0	1	229	165	41	21	35	0	0	0	0	0	0	0	0	0	0	0	0	23615359	
636	1	A	7	N	2500	0	40	349	149	39	15	26	0	0	0	0	0	0	0	0	0	0	0	0	23615468	
637	1	A	7	N	2500	0	40	358	218	53	28	57	0	0	0	0	0	0	0	0	0	0	0	0	23615546	
638	1	A	7	N	2500	0	40	342	156	40	17	24	0	0	0	0	0	0	0	0	0	0	0	0	23615655	
639	1	A	7	N	2500	0	2	354	158	35	18	30	0	0	0	0	0	0	0	0	0	0	0	0	23615951	
640	1	A	7	N	2500	0	40	354	156	39	18	29	0	0	0	0	0	0	0	0	0	0	0	0	23616123	
641	1	A	7	N	2500	0	40	256	179	48	24	38	0	0	0	0	0	0	0	0	0	0	0	0	23616185	
642	1	A	7	N	2500	0	1	204	142	36	18	32	0	0	0	0	0	0	0	0	0	0	0	0	23616232	
643	1	A	7	N	2500	0	2	339	161	35	18	32	0	0	0	0	0	0	0	0	0	0	0	0	23616326	
644	1	A	7	N	2500	0	1	197	107	19	11	22	0	0	0	0	0	0	0	0	0	0	0	0	23616404	
645	1	A	7	N	2500	0	1	191	101	19	10	18	0	0	0	0	0	0	0	0	0	0	0	0	23616419	
646	1	A	7	N	2500	0	1	213	102	20	13	21	0	0	0	0	0	0	0	0	0	0	0	0	23616497	
647	1	A	7	N	2500	0	40	356	161	36	17	30	0	0	0	0	0	0	0	0	0	0	0	0	23616529	
648	1	A	7	N	2500	0	40	428	194	52	23	38	0	0	0	0	0	0	0	0	0	0	0	0	23616685	
649	1	A	7	N	2500	0	2	348	135	26	14	22	0	0	0	0	0	0	0	0	0	0	0	0	23616685	
650	1	A	7	N	2500	0	1	327	133	33	14	24	0	0	0	0	0	0	0	0	0	0	0	0	23616841	
651	1	A	7	N	2500	0	40	298	186	51	22	34	0	0	0	0	0	0	0	0	0	0	0	0	23616872	
652	1	B	7	N	2500	2	2	322	143	29	14	28	0	0	0	0	0	0	0	0	0	0	0	0	23625421	
653	1	B	7	N	2500	6	40	324	151	36	18	35	0	0	0	0	0	0	0	0	0	0	0	0	23625545	
654	1	B	7	N	2500	2	1	117	95	20	10	16	0	0	0	0	0	0	0	0	0	0	0	0	23625811	
655	1	B	7	N	2500	6	40	316	144	37	15	27	0	0	0	0	0	0	0	0	0	0	0	0	23626201	
656	1	B	7	N	2500	2	1	225	164	38	19	30	0	0	0	0	0	0	0	0	0	0	0	0	23626871	
657	1	B	7	N	2500	6	40	334	176	42	21	33	0	0	0	0	0	0	0	0	0	0	0	0	23627059	
658	1	B	7	N	2500	0	2	307	145	34	17	31	0	0	0	0	0	0	0	0	0	0	0	0	23627105	
659	1	B	7	N	2500	0	40	391	182	48	22	37	0	0	0	0	0	0	0	0	0	0	0	0	23628307	
660	1	B	7	N	2500	0	2	351	151	29	15	29	0	0	0	0	0	0	0	0	0	0	0	0	23628369	
661	1	B	7	N	2500	0	1	220	108	23	15	24	0	0	0	0	0	0	0	0	0	0	0	0	23628478	
662	1	B	7	N	2500	0	1	248	159	40	19	31	0	0	0	0	0	0	0	0	0	0	0	0	23628899	
663	1	B	7	N	2500	0	2	324	139	31	14	27	0	0	0	0	0	0	0	0	0	0	0	0	23628993	
664	1	B	7	N	2500	0	1	185	166	45	20	33	0	0	0	0	0	0	0	0	0	0	0	0	23629102	
665	1	B	7	N	2500	0	1	212	147	37	17	29	0	0	0	0	0	0	0	0	0	0	0	0	23629305	
666	1	B	7	N	2500	0	1	215	140	33	18	35	0	0	0	0	0	0	0	0	0	0	0	0	23629336	
667	1	B	7	N	2500	0	40	378	161	38	18	35	0	0	0	0	0	0	0	0	0	0	0	0	23629461	
668	1	B	7	N	2500	0	2	323	138	26	13	28	0	0	0	0	0	0	0	0	0	0	0	0	23629804	
669	1	B	7	N	2500	0	1	322	124	24	11	20	0	0	0	0	0	0	0	0	0	0	0	0	23629945	
670	1	B	7	N	2500	0	2	326	144	31	15	26	0	0	0	0	0	0	0	0	0	0	0	0	23629991	
671	1	B	7	N	2500	0	1	262	116	26	12	19	0	0	0	0	0	0	0	0	0	0	0	0	23630147	
672	1	B	7	N	2500	0	1	211	130	24	12	20	0	0	0	0	0	0	0	0	0	0	0	0	23630257	
673	1	B	7	N	2500	0	1	189	95	19	8	18	0	0	0	0	0	0	0	0	0	0	0	0	23630444	
674	1	B	7	N	2500	0	40	352	198	53	25	42	0	0	0	0	0	0	0	0	0	0	0	0	23630569	
675	1	B	7	N	2500	0	1	295	125	24	14	25	0	0	0	0	0	0	0	0	0	0	0	0	23630959	
676	1	B	7	N	2500	0	1	201	140	39	19	28	0	0	0	0	0	0	0	0	0	0	0	0	23631442	
677	1	B	7	N	2500	0	40	267	171	40	20	39	0	0	0	0	0	0	0	0	0	0	0	0	23631739	
678	1	B	7	N	2500	0	40	428	185	46	22	33	0	0	0	0	0	0	0	0	0	0	0	0	23631770	
679	1	B	7	N	2500	0	2	345	154	33	17	29	0	0	0	0	0	0	0	0	0	0	0	0	23632066	
680	1	B	7	N	2500	0	40	288	164	41	20	36	0	0	0	0	0	0	0	0	0	0	0	0	23632690	
681	1	C	7	N	2500	6	40	334	168	54	20	36	0	0	0	0	0	0	0	0	0	0	0	0	23640241	
682	1	C	7	N	2500	2	1	301	114	22	12	19	0	0	0	0	0	0	0	0	0	0	0	0	23640755	
683	1	C	7	N	2500	6	40	349	171	41	20	33	0	0	0	0	0	0	0	0	0	0	0	0	23640849	
684	1	C	7	N	2500	2	1	285	126	28	14	27	0	0	0	0	0	0	0	0	0	0	0	0	23641239	
685	1	C	7	N	2500	2	1	196	146	32	17	26	0	0	0	0	0	0	0	0	0	0	0	0	23641582	
686	1	C	7	N	2500	6	40	280	196	52	23	40	0	0	0	0	0	0	0	0	0	0	0	0	23642035	
687	1	C	7	N	2500	0	40	314	143	41	17	26	0	0	0	0	0	0	0	0	0	0	0	0	23642300	
688	1	C	7	N	2500	0	40	245	183	45	25	40	0	0	0	0	0	0	0	0	0	0	0	0	23642518	
689	1	C	7	N	2500	0	1	50	16	12	14	33	0	0	0	0	0	0	0	0	0	0	0	0	23642659	
690	1	C	7	N	2500	0	2	339	147	32	16	28	0	0	0	0	0	0	0	0	0	0	0	0	23642783	
691	1	C	7	N	2500	0	1	259	87	17	8	19	0	0	0	0	0	0	0	0	0	0	0	0	23642799	
692	1	C	7	N	2500	0	1	222	71	14	7	13	0	0	0	0	0	0	0	0	0	0	0	0	23642830	
693	1	C	7	N	2500	0	1	249	91	16	10	17	0	0	0	0	0	0	0	0	0	0	0	0	23643002	
694	1	C	7	N	2500	0	2	345	157	35	19	34	0	0	0	0	0	0	0	0	0	0	0	0	23643579	
695	1	C	7	N	2500	0	1	262	100	19	8	20	0	0	0	0	0	0	0	0	0	0	0	0	23643610	
696	1	C	7	N	2500	0	40	327	155	38	19	30	0	0	0	0	0	0	0	0	0	0	0	0	23643719	
697	1	C	7	N	2500	0	1	224	154	41	19	32	0	0	0	0	0	0	0	0	0	0	0	0	23643985	
698	1	C	7	N	2500	0	1	224	150	38	18	30	0	0	0	0	0	0	0	0	0	0	0	0	23644141	
699	1	C	7	N	2500	0	1	277	110	18	12	23	0	0	0	0	0	0	0	0	0	0	0	0	23644297	
700	1	C	7	N	2500	0	1	171	106	24	11	17	0	0	0	0	0	0	0	0	0	0	0	0	23644328	
701	1	C	7	N	2500	0	1	231	169	41	21	37	0	0	0	0	0	0	0	0	0	0	0	0	23644515	
702	1	C	7	N	2500	0	1	301	141	38	16	27	0	0	0	0	0	0	0	0	0	0	0	0	23644811	
703	1	C	7	N	2500	0	1	179	150	34	19	34	0	0	0	0	0	0	0	0	0	0	0	0	23644936	
704	1	C	7	N	2500	0	1	294	111	26	11	18	0	0	0	0	0	0	0	0	0	0	0	0	23644936	
705	1	C	7	N	2500	0	1	182	72	16	7	12	0	0	0	0	0	0	0	0	0	0	0	0	23645295	
706	1	C	7	N	2500	0	40	342	147	36	15	27	0	0	0	0	0	0	0	0	0	0	0	0	23645404	
707	1	C	7	N	2500	0	40	420	181	41	20	38	0	0	0	0	0	0	0	0	0	0	0	0	23645467	
708	1	C	7	N	2500	0	40	322	164	44	22	42	0	0	0	0	0	0	0	0	0	0	0	0	23646153	
709	1	C	7	N	2500	0	1	222	60	9	4	8	0	0	0	0	0	0	0	0	0	0	0	0	23646278	
710	1	C	7	N	2500	0	2	333	151	34	16	28	0	0	0	0	0	0	0	0	0	0	0	0	23646449	
711	1	C	7	N	2500	0	40	348	166	47	19	34	0	0	0	0	0	0	0	0	0	0	0	0	23646621	
712	1	C	7	N	2500	0	1	188	139	31	16	24	0	0	0	0	0	0	0	0	0	0	0	0	23646652	
713	1	C	7	N	2500	0	40	359	173	40	21	34	0	0	0	0	0	0	0	0	0	0	0	0	23646668	
714	1	C	7	N	2500	0	40	321	176	40	19	31	0	0	0	0	0	0	0	0	0	0	0	0	23646683	
715	1	C	7	N	2500	0	1	264	142	32	18	30	0	0	0	0	0	0	0	0	0	0	0	0	23646730	
716	1	C	7	N	2500	0	40	401	182	49	20	33	0	0	0	0	0	0	0	0	0	0	0	0	23646839	
717	1	D	7	N	2500	2	1	73	18	2	0	1	0	0	0	0	0	0	0	0	0	0	0	0	23655107	
718	1	D	7	N	2500	2	1	255	123	27	13	22	0	0	0	0	0	0	0	0	0	0	0	0	23655653	
719	1	D	7	N	2500	2	2	350	144	31	14	25	0	0	0	0	0	0	0	0	0	0	0	0	23656028	
720	1	D	7	N	2500	6	40	407	184	49	25	46	0	0	0	0	0	0	0	0	0	0	0	0	23656059	
721	1	D	7	N	2500	2	1	147	116	27	13	22	0	0	0	0	0	0	0	0	0	0	0	0	23656340	
722	1	D	7	N	2500	2	1	288	113	21	11	19	0	0	0	0	0	0	0	0	0	0	0	0	23656480	
723	1	D	7	N	2500	2	1	212	126	38	18	34	0	0	0	0	0	0	0	0	0	0	0	0	23656870	
724	1	D	7	N	2500	2	1	242	73	13	8	18	0	0	0	0	0	0	0	0	0	0	0	0	23657026	
725	1	D	7	N	2500	6	40	360	154	39	16	32	0	0	0	0	0	0	0	0	0	0	0	0	23657120	
726	1	D	7	N	2500	6	40	343	160	37	17	34	0	0	0	0	0	0	0	0	0	0	0	0	23657135	
727	1	D	7	N	2500	0	1	207	131	30	16	27	0	0	0	0	0	0	0	0	0	0	0	0	23657338	
728	1	D	7	N	2500	0	1	197	137	31	13	24	0	0	0	0	0	0	0	0	0	0	0	0	23657635	
729	1	D	7	N	2500	0	1	309	125	23	12	21	0	0	0	0	0	0	0	0	0	0	0	0	23657947	
730	1	D	7	N	2500	0	2	336	149	32	16	28	0	0	0	0	0	0	0	0	0	0	0	0	23658056	
731	1	D	7	N	2500	0	40	395	207	50	25	41	0	0	0	0	0	0	0	0	0	0	0	0	23658399	
732	1	D	7	N	2500	0	2	320	145	30	17	26	0	0	0	0	0	0	0	0	0	0	0	0	23658430	
733	1	D	7	N	2500	0	40	391	166	40	18	32	0	0	0	0	0	0	0	0	0	0	0	0	23658617	
734	1	D	7	N	2500	0	1	287	143	31	15	25	0	0	0	0	0	0	0	0	0	0	0	0	23659335	
735	1	D	7	N	2500	0	1	209	159	45	21	36	0	0	0	0	0	0	0	0	0	0	0	0	23659491	
736	1	D	7	N	2500	0	2	338	153	33	16	29	0	0	0	0	0	0	0	0	0	0	0	0	23659507	
737	1	D	7	N	2500	0	2	337	149	28	15	27	0	0	0	0	0	0	0	0	0	0	0	0	23659522	
738	1	D	7	N	2500	0	1	169	110	20	11	18	0	0	0	0	0	0	0	0	0	0	0	0	23659678	
739	1	D	7	N	2500	0	40	314	162	41	20	38	0	0	0	0	0	0	0	0	0	0	0	0	23659787	
740	1	D	7	N	2500	0	1	210	142	35	16	25	0	0	0	0	0	0	0	0	0	0	0	0	23659834	
741	1	D	7	N	2500	0	1	338	123	25	11	23	0	0	0	0	0	0	0	0	0	0	0	0	23659912	
742	1	D	7	N	2500	0	40	362	168	41	20	35	0	0	0	0	0	0	0	0	0	0	0	0	23660131	
743	1	D	7	N	2500	0	2	342	150	33	16	27	0	0	0	0	0	0	0	0	0	0	0	0	23660287	
744	1	D	7	N	2500	0	1	214	161	47	20	34	0	0	0	0	0	0	0	0	0	0	0	0	23660396	
745	1	D	7	N	2500	0	40	338	155	37	17	25	0	0	0	0	0	0	0	0	0	0	0	0	23660692	
746	1	D	7	N	2500	0	2	345	148	33	15	24	0	0	0	0	0	0	0	0	0	0	0	0	23660723	
747	1	D	7	N	2500	0	1	79	22	5	3	8	0	0	0	0	0	0	0	0	0	0	0	0	23660973	
748	1	D	7	N	2500	0	1	193	137	36	14	23	0	0	0	0	0	0	0	0	0	0	0	0	23661191	
749	1	E	7	N	2500	6	40	319	163	36	19	35	0	0	0	0	0	0	0	0	0	0	0	0	23668196	
750	1	E	7	N	2500	2	1	250	143	39	18	30	0	0	0	0	0	0	0	0	0	0	0	0	23668258	
751	1	E	7	N	2500	6	40	346	195	50	25	36	0	0	0	0	0	0	0	0	0	0	0	0	23668633	
752	1	E	7	N	2500	6	40	327	170	47	20	35	0	0	0	0	0	0	0	0	0	0	0	0	23668742	
753	1	E	7	N	2500	0	40	346	169	36	19	34	0	0	0	0	0	0	0	0	0	0	0	0	23668804	
754	1	E	7	N	2500	0	2	298	155	34	19	32	0	0	0	0	0	0	0	0	0	0	0	0	23669147	
755	1	E	7	N	2500	0	2	288	150	30	17	27	0	0	0	0	0	0	0	0	0	0	0	0	23669210	
756	1	E	7	N	2500	0	40	262	171	49	22	35	0	0	0	0	0	0	0	0	0	0	0	0	23669241	
757	1	E	7	N	2500	0	40	420	198	43	21	42	0	0	0	0	0	0	0	0	0	0	0	0	23669366	
758	1	E	7	N	2500	0	40	358	151	36	17	31	0	0	0	0	0	0	0	0	0	0	0	0	23669693	
759	1	E	7	N	2500	0	40	262	170	51	23	35	0	0	0	0	0	0	0	0	0	0	0	0	23669990	
760	1	E	7	N	2500	0	40	411	183	43	20	37	0	0	0	0	0	0	0	0	0	0	0	0	23670068	
761	1	E	7	N	2500	0	1	238	116	21	11	18	0	0	0	0	0	0	0	0	0	0	0	0	23670863	
762	1	E	7	N	2500	0	1	264	136	30	16	25	0	0	0	0	0	0	0	0	0	0	0	0	23671097	
763	1	E	7	N	2500	0	1	201	148	42	17	26	0	0	0	0	0	0	0	0	0	0	0	0	23671160	
764	1	E	7	N	2500	0	1	341	120	20	11	24	0	0	0	0	0	0	0	0	0	0	0	0	23671565	
765	1	E	7	N	2500	0	40	237	185	43	23	39	0	0	0	0	0	0	0	0	0	0	0	0	23671675	
766	1	E	7	N	2500	0	40	336	153	39	17	26	0	0	0	0	0	0	0	0	0	0	0	0	23671940	
767	1	E	7	N	2500	0	1	208	66	12	6	12	0	0	0	0	0	0	0	0	0	0	0	0	23671955	
768	1	E	7	N	2500	0	1	326	133	31	13	25	0	0	0	0	0	0	0	0	0	0	0	0	23672252	
769	1	E	7	N	2500	0	2	328	156	32	18	31	0	0	0	0	0	0	0	0	0	0	0	0	23672267	
770	1	E	7	N	2500	0	2	363	140	29	14	23	0	0	0	0	0	0	0	0	0	0	0	0	23672455	
771	1	E	7	N	2500	0	1	214	150	39	18	29	0	0	0	0	0	0	0	0	0	0	0	0	23672470	
772	1	E	7	N	2500	0	40	263	161	42	22	36	0	0	0	0	0	0	0	0	0	0	0	0	23672486	
773	1	E	7	N	2500	0	1	306	126	24	12	20	0	0	0	0	0	0	0	0	0	0	0	0	23672517	
774	1	E	7	N	2500	0	40	299	147	39	19	32	0	0	0	0	0	0	0	0	0	0	0	0	23672673	
775	1	E	7	N	2500	0	1	152	31	5	1	5	0	0	0	0	0	0	0	0	0	0	0	0	23672813	
776	1	E	7	N	2500	0	1	189	133	37	16	25	0	0	0	0	0	0	0	0	0	0	0	0	23672923	
777	1	E	7	N	2500	0	1	217	153	30	17	31	0	0	0	0	0	0	0	0	0	0	0	0	23673125	
778	1	E	7	N	2500	0	1	231	156	37	20	34	0	0	0	0	0	0	0	0	0	0	0	0	23673344	
779	1	E	7	N	2500	0	40	278	187	47	22	40	0	0	0	0	0	0	0	0	0	0	0	0	23673453	
780	1	E	7	N	2500	0	40	375	165	41	18	32	0	0	0	0	0	0	0	0	0	0	0	0	23673515	
781	1	E	7	N	2500	0	2	346	154	35	17	30	0	0	0	0	0	0	0	0	0	0	0	0	23673531	
782	1	E	7	N	2500	0	1	420	143	30	14	24	0	0	0	0	0	0	0	0	0	0	0	0	23673640	
783	1	E	7	N	2500	0	2	332	156	32	19	31	0	0	0	0	0	0	0	0	0	0	0	0	23673796	
784	1	E	7	N	2500	0	2	315	150	35	17	29	0	0	0	0	0	0	0	0	0	0	0	0	23673812	
785	1	E	7	N	2500	0	2	353	156	32	17	26	0	0	0	0	0	0	0	0	0	0	0	0	23673937	
786	1	E	7	N	2500	0	40	366	170	37	21	30	0	0	0	0	0	0	0	0	0	0	0	0	23673952	
787	1	E	7	N	2500	0	1	141	133	27	16	25	0	0	0	0	0	0	0	0	0	0	0	0	23673983	
788	1	E	7	N	2500	0	1	214	93	16	7	17	0	0	0	0	0	0	0	0	0	0	0	0	23674108	
789	1	E	7	N	2500	0	1	51	12	2	1	4	0	0	0	0	0	0	0	0	0	0	0	0	23674139	
790	1	E	7	N	2500	0	1	82	19	2	1	3	0	0	0	0	0	0	0	0	0	0	0	0	23674639	
791	1	E	7	N	2500	0	40	403	191	46	23	45	0	0	0	0	0	0	0	0	0	0	0	0	23674779	
792	1	E	7	N	2500	0	40	379	165	41	18	33	0	0	0	0	0	0	0	0	0	0	0	0	23674982	
793	1	E	7	N	2500	0	1	236	159	39	18	34	0	0	0	0	0	0	0	0	0	0	0	0	23675185	
794	1	E	7	N	2500	0	1	189	111	24	14	22	0	0	0	0	0	0	0	0	0	0	0	0	23675341	
795	1	F	7	N	2500	6	40	350	175	49	20	35	0	0	0	0	0	0	0	0	0	0	0	0	23682610	
796	1	F	7	N	2500	2	1	222	111	25	12	21	0	0	0	0	0	0	0	0	0	0	0	0	23683094	
797	1	F	7	N	2500	2	1	176	102	19	11	19	0	0	0	0	0	0	0	0	0	0	0	0	23683749	
798	1	F	7	N	2500	2	1	187	116	36	15	27	0	0	0	0	0	0	0	0	0	0	0	0	23684373	
799	1	F	7	N	2500	6	40	319	157	39	18	33	0	0	0	0	0	0	0	0	0	0	0	0	23684389	
800	1	F	7	N	2500	2	1	164	121	22	12	22	0	0	0	0	0	0	0	0	0	0	0	0	23684513	
801	1	F	7	N	2500	2	1	242	138	30	17	28	0	0	0	0	0	0	0	0	0	0	0	0	23684903	
802	1	F	7	N	2500	6	40	344	163	40	18	26	0	0	0	0	0	0	0	0	0	0	0	0	23684997	
803	1	F	7	N	2500	0	2	303	156	32	18	28	0	0	0	0	0	0	0	0	0	0	0	0	23685028	
804	1	F	7	N	2500	0	1	261	112	19	10	18	0	0	0	0	0	0	0	0	0	0	0	0	23685418	
805	1	F	7	N	2500	0	40	343	168	41	20	37	0	0	0	0	0	0	0	0	0	0	0	0	23685652	
806	1	F	7	N	2500	0	40	384	194	45	25	42	0	0	0	0	0	0	0	0	0	0	0	0	23685683	
807	1	F	7	N	2500	0	1	246	162	37	18	27	0	0	0	0	0	0	0	0	0	0	0	0	23685871	
808	1	F	7	N	2500	0	1	90	72	49	39	86	0	0	0	0	0	0	0	0	0	0	0	0	23686323	
809	1	F	7	N	2500	0	1	255	142	34	16	28	0	0	0	0	0	0	0	0	0	0	0	0	23686947	
810	1	F	7	N	2500	0	1	166	104	21	14	21	0	0	0	0	0	0	0	0	0	0	0	0	23687010	
811	1	F	7	N	2500	0	40	362	178	42	22	33	0	0	0	0	0	0	0	0	0	0	0	0	23687025	
812	1	F	7	N	2500	0	1	248	164	38	21	31	0	0	0	0	0	0	0	0	0	0	0	0	23687212	
813	1	F	7	N	2500	0	1	194	146	31	18	29	0	0	0	0	0	0	0	0	0	0	0	0	23687228	
814	1	F	7	N	2500	0	1	203	160	42	21	39	0	0	0	0	0	0	0	0	0	0	0	0	23687275	
815	1	F	7	N	2500	0	40	370	195	50	23	39	0	0	0	0	0	0	0	0	0	0	0	0	23687337	
816	1	F	7	N	2500	0	1	237	163	35	19	32	0	0	0	0	0	0	0	0	0	0	0	0	23687368	
817	1	F	7	N	2500	0	1	198	154	40	21	31	0	0	0	0	0	0	0	0	0	0	0	0	23687524	
818	1	F	7	N	2500	0	1	225	140	28	16	25	0	0	0	0	0	0	0	0	0	0	0	0	23687556	
819	1	F	7	N	2500	0	1	151	124	23	12	22	0	0	0	0	0	0	0	0	0	0	0	0	23687743	
820	1	F	7	N	2500	0	40	343	155	36	16	32	0	0	0	0	0	0	0	0	0	0	0	0	23687790	
821	1	F	7	N	2500	0	2	331	146	29	16	28	0	0	0	0	0	0	0	0	0	0	0	0	23687821	
822	1	F	7	N	2500	0	2	347	145	29	16	29	0	0	0	0	0	0	0	0	0	0	0	0	23687868	
823	1	F	7	N	2500	0	2	326	154	35	17	26	0	0	0	0	0	0	0	0	0	0	0	0	23688055	
824	1	F	7	N	2500	0	40	392	163	40	19	35	0	0	0	0	0	0	0	0	0	0	0	0	23688304	
825	1	F	7	N	2500	0	40	347	161	39	17	32	0	0	0	0	0	0	0	0	0	0	0	0	23688913	
826	1	F	7	N	2500	0	1	277	101	17	10	20	0	0	0	0	0	0	0	0	0	0	0	0	23688960	
827	1	F	7	N	2500	0	1	293	110	19	10	21	0	0	0	0	0	0	0	0	0	0	0	0	23688991	
828	1	F	7	N	2500	0	2	338	155	32	16	32	0	0	0	0	0	0	0	0	0	0	0	0	23689100	
829	1	F	7	N	2500	0	40	280	194	44	24	44	0	0	0	0	0	0	0	0	0	0	0	0	23689365	
830	1	F	7	N	2500	0	40	324	227	58	29	46	0	0	0	0	0	0	0	0	0	0	0	0	23689630	
831	1	F	7	N	2500	0	40	339	166	37	18	31	0	0	0	0	0	0	0	0	0	0	0	0	23689646	
832	1	F	7	N	2500	0	40	355	174	46	20	35	0	0	0	0	0	0	0	0	0	0	0	0	23689693	
833	1	G	7	N	2500	2	2	323	137	28	14	28	0	0	0	0	0	0	0	0	0	0	0	0	23698070	
834	1	G	7	N	2500	2	1	52	18	9	0	1	0	0	0	0	0	0	0	0	0	0	0	0	23698476	
835	1	G	7	N	2500	6	40	365	174	44	20	33	0	0	0	0	0	0	0	0	0	0	0	0	23699162	
836	1	G	7	N	2500	6	40	316	159	38	19	35	0	0	0	0	0	0	0	0	0	0	0	0	23699349	
837	1	G	7	N	2500	6	40	387	198	49	22	41	0	0	0	0	0	0	0	0	0	0	0	0	23699817	
838	1	G	7	N	2500	0	40	330	165	42	19	31	0	0	0	0	0	0	0	0	0	0	0	0	23699880	
839	1	G	7	N	2500	0	1	273	124	31	15	27	0	0	0	0	0	0	0	0	0	0	0	0	23700160	
840	1	G	7	N	2500	0	40	289	176	43	21	30	0	0	0	0	0	0	0	0	0	0	0	0	23700254	
841	1	G	7	N	2500	0	1	321	130	31	14	18	0	0	0	0	0	0	0	0	0	0	0	0	23700519	
842	1	G	7	N	2500	0	40	282	187	46	26	50	0	0	0	0	0	0	0	0	0	0	0	0	23700675	
843	1	G	7	N	2500	0	40	343	163	43	20	33	0	0	0	0	0	0	0	0	0	0	0	0	23700675	
844	1	G	7	N	2500	0	2	335	142	28	13	24	0	0	0	0	0	0	0	0	0	0	0	0	23700972	
845	1	G	7	N	2500	0	40	395	183	40	20	38	0	0	0	0	0	0	0	0	0	0	0	0	23701346	
846	1	G	7	N	2500	0	1	179	138	34	16	24	0	0	0	0	0	0	0	0	0	0	0	0	23701642	
847	1	G	7	N	2500	0	2	364	153	32	15	30	0	0	0	0	0	0	0	0	0	0	0	0	23701674	
848	1	G	7	N	2500	0	40	388	197	48	24	47	0	0	0	0	0	0	0	0	0	0	0	0	23701830	
849	1	G	7	N	2500	0	1	201	158	48	20	36	0	0	0	0	0	0	0	0	0	0	0	0	23701939	
850	1	G	7	N	2500	0	2	328	163	35	18	29	0	0	0	0	0	0	0	0	0	0	0	0	23702188	
851	1	G	7	N	2500	0	1	236	161	34	18	32	0	0	0	0	0	0	0	0	0	0	0	0	23702547	
852	1	G	7	N	2500	0	1	52	12	1	1	3	0	0	0	0	0	0	0	0	0	0	0	0	23702610	
853	1	G	7	N	2500	0	40	409	195	51	23	37	0	0	0	0	0	0	0	0	0	0	0	0	23702797	
854	1	G	7	N	2500	0	40	258	186	54	27	39	0	0	0	0	0	0	0	0	0	0	0	0	23702859	
855	1	G	7	N	2500	0	1	181	149	34	19	26	0	0	0	0	0	0	0	0	0	0	0	0	23703015	
856	1	G	7	N	2500	0	1	297	143	39	19	31	0	0	0	0	0	0	0	0	0	0	0	0	23703561	
857	1	G	7	N	2500	0	40	235	178	43	24	35	0	0	0	0	0	0	0	0	0	0	0	0	23703592	
858	1	G	7	N	2500	0	1	115	91	22	12	19	0	0	0	0	0	0	0	0	0	0	0	0	23703826	
859	1	B	8	N	2500	2	1	203	168	46	19	36	0	0	0	0	0	0	0	0	0	0	0	0	23742265	
860	1	B	8	N	2500	2	1	208	139	32	15	28	0	0	0	0	0	0	0	0	0	0	0	0	23745650	
861	1	B	8	N	2500	6	40	364	171	39	19	28	0	0	0	0	0	0	0	0	0	0	0	0	23746149	
862	1	C	8	N	2500	2	1	330	128	23	12	24	0	0	0	0	0	0	0	0	0	0	0	0	23761749	
863	1	C	8	N	2500	2	1	290	107	21	10	20	0	0	0	0	0	0	0	0	0	0	0	0	23762685	
864	1	D	8	N	2500	2	1	214	144	32	16	27	0	0	0	0	0	0	0	0	0	0	0	0	23771390	
865	1	D	8	N	2500	2	1	69	38	16	13	35	0	0	0	0	0	0	0	0	0	0	0	0	23772357	
866	1	D	8	N	2500	2	1	224	150	37	19	28	0	0	0	0	0	0	0	0	0	0	0	0	23773636	
867	1	D	8	N	2500	6	40	338	156	37	19	32	0	0	0	0	0	0	0	0	0	0	0	0	23775259	
868	1	D	8	N	2500	6	40	245	176	47	20	33	0	0	0	0	0	0	0	0	0	0	0	0	23776086	
869	1	D	8	N	2500	2	1	291	119	22	13	23	0	0	0	0	0	0	0	0	0	0	0	0	23776772	
870	1	E	8	N	2500	2	2	342	142	28	15	27	0	0	0	0	0	0	0	0	0	0	0	0	23785056	
871	1	E	8	N	2500	6	40	366	193	53	24	44	0	0	0	0	0	0	0	0	0	0	0	0	23785742	
872	1	E	8	N	2500	2	1	250	153	33	19	29	0	0	0	0	0	0	0	0	0	0	0	0	23785867	
873	1	E	8	N	2500	2	1	215	143	30	16	27	0	0	0	0	0	0	0	0	0	0	0	0	23785882	
874	1	E	8	N	2500	2	2	328	151	33	16	27	0	0	0	0	0	0	0	0	0	0	0	0	23788082	
875	1	E	8	N	2500	2	1	72	41	21	17	38	0	0	0	0	0	0	0	0	0	0	0	0	23788160	
876	1	E	8	N	2500	2	1	164	40	6	2	9	0	0	0	0	0	0	0	0	0	0	0	0	23788191	
877	1	E	8	N	2500	2	1	266	96	20	8	14	0	0	0	0	0	0	0	0	0	0	0	0	23789392	
878	1	E	8	N	2500	2	2	326	145	30	15	28	0	0	0	0	0	0	0	0	0	0	0	0	23789502	
879	1	E	8	N	2500	2	1	208	104	20	10	16	0	0	0	0	0	0	0	0	0	0	0	0	23789845	
880	1	E	8	N	2500	6	40	341	174	41	20	36	0	0	0	0	0	0	0	0	0	0	0	0	23790188	
881	1	E	8	N	2500	2	2	330	133	26	12	23	0	0	0	0	0	0	0	0	0	0	0	0	23790360	
882	1	E	8	N	2500	6	40	346	158	37	16	25	0	0	0	0	0	0	0	0	0	0	0	0	23791140	
883	1	E	8	N	2500	0	1	289	128	33	16	27	0	0	0	0	0	0	0	0	0	0	0	0	23791561	
884	1	F	8	N	2500	2	1	302	121	20	11	20	0	0	0	0	0	0	0	0	0	0	0	0	23799876	
885	1	F	8	N	2500	2	1	195	161	51	23	39	0	0	0	0	0	0	0	0	0	0	0	0	23802980	
886	1	F	8	N	2500	6	40	276	169	40	21	34	0	0	0	0	0	0	0	0	0	0	0	0	23803557	
887	1	F	8	N	2500	2	1	304	108	20	10	19	0	0	0	0	0	0	0	0	0	0	0	0	23803713	
888	1	F	8	N	2500	2	1	115	43	10	3	12	0	0	0	0	0	0	0	0	0	0	0	0	23804228	
889	1	F	8	N	2500	2	1	199	144	33	16	25	0	0	0	0	0	0	0	0	0	0	0	0	23804727	
890	1	F	8	N	2500	2	1	174	179	48	23	39	0	0	0	0	0	0	0	0	0	0	0	0	23804790	
891	1	F	8	N	2500	2	1	314	125	23	12	22	0	0	0	0	0	0	0	0	0	0	0	0	23805227	
892	1	G	8	N	2500	6	40	343	163	41	18	34	0	0	0	0	0	0	0	0	0	0	0	0	23817051	
893	1	G	8	N	2500	2	1	195	124	36	16	25	0	0	0	0	0	0	0	0	0	0	0	0	23817161	
894	1	G	8	N	2500	2	1	58	26	6	4	10	0	0	0	0	0	0	0	0	0	0	0	0	23818206	
895	1	G	8	N	2500	2	1	194	145	33	16	30	0	0	0	0	0	0	0	0	0	0	0	0	23818767	
896	1	G	8	N	2500	6	40	240	172	39	19	27	0	0	0	0	0	0	0	0	0	0	0	0	23820296	
897	1	G	8	N	2500	6	40	272	165	41	18	33	0	0	0	0	0	0	0	0	0	0	0	0	23820686	
898	1	A	9	N	2500	6	40	223	178	38	19	32	0	0	0	0	0	0	0	0	0	0	0	0	23846067	
899	1	A	9	N	2500	2	1	315	124	24	12	24	0	0	0	0	0	0	0	0	0	0	0	0	23846411	
900	1	A	9	N	2500	2	2	354	153	33	15	27	0	0	0	0	0	0	0	0	0	0	0	0	23846535	
901	1	A	9	N	2500	2	1	148	102	22	11	18	0	0	0	0	0	0	0	0	0	0	0	0	23847440	
902	1	A	9	N	2500	6	40	231	180	47	23	37	0	0	0	0	0	0	0	0	0	0	0	0	23850576	
903	1	B	9	N	2500	6	40	257	181	47	22	37	0	0	0	0	0	0	0	0	0	0	0	0	23861699	
904	1	B	9	N	2500	2	1	84	79	56	49	106	0	0	0	0	0	0	0	0	0	0	0	0	23863633	
905	1	C	9	N	2500	2	1	61	52	17	16	44	0	0	0	0	0	0	0	0	0	0	0	0	23873726	
906	1	C	9	N	2500	2	1	86	20	4	2	6	0	0	0	0	0	0	0	0	0	0	0	0	23878734	
907	1	C	9	N	2500	2	1	152	84	16	8	15	0	0	0	0	0	0	0	0	0	0	0	0	23879826	
908	1	C	9	N	2500	2	2	357	153	33	16	25	0	0	0	0	0	0	0	0	0	0	0	0	23879982	
909	1	D	9	N	2500	6	40	379	177	45	23	37	0	0	0	0	0	0	0	0	0	0	0	0	23890403	
910	1	D	9	N	2500	2	1	205	80	15	10	17	0	0	0	0	0	0	0	0	0	0	0	0	23893242	
911	1	D	9	N	2500	6	40	377	179	40	19	32	0	0	0	0	0	0	0	0	0	0	0	0	23893476	
912	1	D	9	N	2500	2	1	247	58	9	5	13	0	0	0	0	0	0	0	0	0	0	0	0	23894349	
913	1	D	9	N	2500	2	1	308	137	27	14	25	0	0	0	0	0	0	0	0	0	0	0	0	23894958	
914	1	D	9	N	2500	2	1	234	151	34	19	25	0	0	0	0	0	0	0	0	0	0	0	0	23894989	
915	1	E	9	N	2500	6	40	399	174	39	18	32	0	0	0	0	0	0	0	0	0	0	0	0	23903210	
916	1	E	9	N	2500	2	1	213	151	44	21	35	0	0	0	0	0	0	0	0	0	0	0	0	23906143	
917	1	E	9	N	2500	2	1	321	126	30	15	24	0	0	0	0	0	0	0	0	0	0	0	0	23906471	
918	1	E	9	N	2500	2	1	66	17	1	0	2	0	0	0	0	0	0	0	0	0	0	0	0	23907500	
919	1	E	9	N	2500	2	2	354	152	33	17	25	0	0	0	0	0	0	0	0	0	0	0	0	23908343	
920	1	F	9	N	2500	2	1	275	129	26	14	28	0	0	0	0	0	0	0	0	0	0	0	0	23917266	
921	1	F	9	N	2500	2	1	147	92	20	9	14	0	0	0	0	0	0	0	0	0	0	0	0	23917656	
922	1	F	9	N	2500	2	1	84	42	15	13	32	0	0	0	0	0	0	0	0	0	0	0	0	23918420	
923	1	F	9	N	2500	2	1	149	110	21	12	22	0	0	0	0	0	0	0	0	0	0	0	0	23918452	
924	1	F	9	N	2500	2	2	324	147	34	16	26	0	0	0	0	0	0	0	0	0	0	0	0	23919450	
925	1	F	9	N	2500	2	1	251	156	45	22	35	0	0	0	0	0	0	0	0	0	0	0	0	23920043	
926	1	F	9	N	2500	2	1	255	147	39	18	31	0	0	0	0	0	0	0	0	0	0	0	0	23920386	
927	1	F	9	N	2500	2	1	251	153	42	21	35	0	0	0	0	0	0	0	0	0	0	0	0	23921618	
928	1	F	9	N	2500	2	2	359	143	35	17	32	0	0	0	0	0	0	0	0	0	0	0	0	23922008	
929	1	F	9	N	2500	2	2	353	159	35	17	29	0	0	0	0	0	0	0	0	0	0	0	0	23922118	
930	1	F	9	N	2500	2	1	213	99	56	31	81	0	0	0	0	0	0	0	0	0	0	0	0	23922164	
931	1	F	9	N	2500	2	1	212	134	36	16	27	0	0	0	0	0	0	0	0	0	0	0	0	23923147	
932	1	F	9	N	2500	2	2	317	136	29	15	25	0	0	0	0	0	0	0	0	0	0	0	0	23923412	
933	1	F	9	N	2500	2	1	260	150	34	18	28	0	0	0	0	0	0	0	0	0	0	0	0	23924317	
934	1	F	9	N	2500	6	40	394	160	36	17	29	0	0	0	0	0	0	0	0	0	0	0	0	23924380	
935	1	G	9	N	2500	2	1	239	143	37	19	30	0	0	0	0	0	0	0	0	0	0	0	0	23931758	
936	1	G	9	N	2500	2	1	167	122	33	17	29	0	0	0	0	0	0	0	0	0	0	0	0	23931868	
937	1	G	9	N	2500	6	40	436	242	61	30	55	0	0	0	0	0	0	0	0	0	0	0	0	23932460	
938	1	G	9	N	2500	2	1	291	132	27	14	27	0	0	0	0	0	0	0	0	0	0	0	0	23932726	
939	1	G	9	N	2500	2	1	152	144	38	17	30	0	0	0	0	0	0	0	0	0	0	0	0	23933677	
940	1	G	9	N	2500	6	40	356	169	39	21	32	0	0	0	0	0	0	0	0	0	0	0	0	23934816	
941	1	G	9	N	2500	2	1	178	118	29	14	26	0	0	0	0	0	0	0	0	0	0	0	0	23934910	
942	1	G	9	N	2500	2	1	263	159	45	20	31	0	0	0	0	0	0	0	0	0	0	0	0	23935019	
943	1	G	9	N	2500	6	40	341	165	37	19	36	0	0	0	0	0	0	0	0	0	0	0	0	23935066	
944	1	G	9	N	2500	0	1	58	11	4	4	9	0	0	0	0	0	0	0	0	0	0	0	0	23936064	
945	1	G	9	N	2500	0	40	345	165	41	18	36	0	0	0	0	0	0	0	0	0	0	0	0	23936579	
946	1	G	9	N	2500	0	40	350	198	48	22	40	0	0	0	0	0	0	0	0	0	0	0	0	23936641	
947	1	G	9	N	2500	0	1	279	141	28	16	27	0	0	0	0	0	0	0	0	0	0	0	0	23937031	
948	1	G	9	N	2500	0	40	384	160	36	17	27	0	0	0	0	0	0	0	0	0	0	0	0	23937250	
949	1	G	9	N	2500	0	1	216	65	11	6	12	0	0	0	0	0	0	0	0	0	0	0	0	23937265	
950	1	G	9	N	2500	0	1	262	92	19	11	21	0	0	0	0	0	0	0	0	0	0	0	0	23937265	
951	1	G	9	N	2500	0	2	326	139	34	14	22	0	0	0	0	0	0	0	0	0	0	0	0	23938201	
952	1	G	9	N	2500	0	1	318	129	25	12	26	0	0	0	0	0	0	0	0	0	0	0	0	23938232	
953	1	A	10	N	2500	2	1	168	116	25	12	21	0	0	0	0	0	0	0	0	0	0	0	0	23961866	
954	1	A	10	N	2500	2	1	63	19	2	0	0	0	0	0	0	0	0	0	0	0	0	0	0	23963926	
955	1	A	10	N	2500	2	1	84	38	44	46	97	0	0	0	0	0	0	0	0	0	0	0	0	23965158	
956	1	A	10	N	2500	6	40	360	173	40	19	37	0	0	0	0	0	0	0	0	0	0	0	0	23965922	
957	1	A	10	N	2500	2	2	322	137	31	14	24	0	0	0	0	0	0	0	0	0	0	0	0	23966406	
958	1	A	10	N	2500	2	2	332	143	30	15	25	0	0	0	0	0	0	0	0	0	0	0	0	23966453	
959	1	B	10	N	2500	2	1	78	21	4	2	3	0	0	0	0	0	0	0	0	0	0	0	0	23976374	
960	1	B	10	N	2500	2	1	246	134	29	16	29	0	0	0	0	0	0	0	0	0	0	0	0	23976374	
961	1	B	10	N	2500	2	2	355	143	34	15	25	0	0	0	0	0	0	0	0	0	0	0	0	23980212	
962	1	B	10	N	2500	2	1	95	60	13	8	10	0	0	0	0	0	0	0	0	0	0	0	0	23980384	
963	1	B	10	N	2500	2	1	157	90	18	9	18	0	0	0	0	0	0	0	0	0	0	0	0	23980820	
964	1	C	10	N	2500	6	40	208	185	51	24	41	0	0	0	0	0	0	0	0	0	0	0	0	23991647	
965	1	C	10	N	2500	6	40	353	161	43	20	35	0	0	0	0	0	0	0	0	0	0	0	0	23993082	
966	1	C	10	N	2500	6	40	410	174	41	19	31	0	0	0	0	0	0	0	0	0	0	0	0	23994658	
967	1	C	10	N	2500	0	40	281	166	52	22	35	0	0	0	0	0	0	0	0	0	0	0	0	23995172	
968	1	C	10	N	2500	0	1	208	172	40	18	33	0	0	0	0	0	0	0	0	0	0	0	0	23995204	
969	1	C	10	N	2500	0	1	55	17	9	0	0	0	0	0	0	0	0	0	0	0	0	0	0	23995609	
970	1	C	10	N	2500	0	1	63	14	2	1	2	0	0	0	0	0	0	0	0	0	0	0	0	23996639	
971	1	C	10	N	2500	0	1	193	107	29	14	24	0	0	0	0	0	0	0	0	0	0	0	0	23996639	
972	1	C	10	N	2500	0	1	218	124	22	13	22	0	0	0	0	0	0	0	0	0	0	0	0	23996795	
973	1	C	10	N	2500	0	40	311	157	41	20	34	0	0	0	0	0	0	0	0	0	0	0	0	23997793	
974	1	C	10	N	2500	0	40	241	193	54	23	40	0	0	0	0	0	0	0	0	0	0	0	0	23997887	
975	1	D	10	N	2500	6	40	339	207	54	26	45	0	0	0	0	0	0	0	0	0	0	0	0	24008510	
976	1	D	10	N	2500	2	1	229	138	33	17	30	0	0	0	0	0	0	0	0	0	0	0	0	24008776	
977	1	D	10	N	2500	2	1	212	155	40	18	29	0	0	0	0	0	0	0	0	0	0	0	0	24009041	
978	1	D	10	N	2500	2	1	186	128	28	15	26	0	0	0	0	0	0	0	0	0	0	0	0	24009166	
979	1	D	10	N	2500	2	1	295	129	28	13	21	0	0	0	0	0	0	0	0	0	0	0	0	24009431	
980	1	D	10	N	2500	2	1	303	134	27	14	23	0	0	0	0	0	0	0	0	0	0	0	0	24009821	
981	1	E	10	N	2500	2	1	265	143	31	16	28	0	0	0	0	0	0	0	0	0	0	0	0	24021755	
982	1	E	10	N	2500	2	1	192	144	38	16	26	0	0	0	0	0	0	0	0	0	0	0	0	24022192	
983	1	E	10	N	2500	2	1	241	151	45	19	31	0	0	0	0	0	0	0	0	0	0	0	0	24024064	
984	1	E	10	N	2500	2	2	322	152	34	17	27	0	0	0	0	0	0	0	0	0	0	0	0	24024266	
985	1	E	10	N	2500	2	1	216	76	14	6	13	0	0	0	0	0	0	0	0	0	0	0	0	24024516	
986	1	E	10	N	2500	6	40	342	150	40	17	26	0	0	0	0	0	0	0	0	0	0	0	0	24024594	
987	1	E	10	N	2500	6	40	363	193	50	23	39	0	0	0	0	0	0	0	0	0	0	0	0	24024781	
988	1	E	10	N	2500	2	1	192	130	29	14	22	0	0	0	0	0	0	0	0	0	0	0	0	24026123	
989	1	F	10	N	2500	2	1	262	94	17	9	15	0	0	0	0	0	0	0	0	0	0	0	0	24034110	
990	1	F	10	N	2500	2	1	113	93	51	43	107	0	0	0	0	0	0	0	0	0	0	0	0	24034999	
991	1	F	10	N	2500	2	1	237	128	29	14	25	0	0	0	0	0	0	0	0	0	0	0	0	24037090	
992	1	F	10	N	2500	2	1	84	20	3	1	5	0	0	0	0	0	0	0	0	0	0	0	0	24038291	
993	1	F	10	N	2500	2	1	306	132	35	15	22	0	0	0	0	0	0	0	0	0	0	0	0	24038759	
994	1	F	10	N	2500	2	1	138	80	19	10	19	0	0	0	0	0	0	0	0	0	0	0	0	24039570	
995	1	F	10	N	2500	6	40	394	185	48	20	36	0	0	0	0	0	0	0	0	0	0	0	0	24039633	
996	1	F	10	N	2500	6	40	278	156	41	20	32	0	0	0	0	0	0	0	0	0	0	0	0	24039679	
997	1	F	10	N	2500	6	40	279	159	40	21	34	0	0	0	0	0	0	0	0	0	0	0	0	24039679	
998	1	F	10	N	2500	0	2	333	137	31	17	24	0	0	0	0	0	0	0	0	0	0	0	0	24040335	
999	1	G	10	N	2500	2	1	160	68	31	25	0	0	0	0	0	0	0	0	0	0	0	0	0	24048010	
1000	1	G	10	N	2500	2	1	322	122	33	13	23	0	0	0	0	0	0	0	0	0	0	0	0	24049617	
1001	1	G	10	N	2500	2	1	253	115	21	12	23	0	0	0	0	0	0	0	0	0	0	0	0	24050459	
1002	1	G	10	N	2500	6	40	353	172	38	19	34	0	0	0	0	0	0	0	0	0	0	0	0	24051223	
1003	1	G	10	N	2500	2	1	184	186	50	26	45	0	0	0	0	0	0	0	0	0	0	0	0	24051894	
1004	1	G	10	N	2500	2	2	348	156	35	17	27	0	0	0	0	0	0	0	0	0	0	0	0	24053095	
1005	1	G	10	N	2500	2	1	264	117	27	12	19	0	0	0	0	0	0	0	0	0	0	0	0	24053329	
1006	1	G	10	N	2500	2	2	333	139	31	15	25	0	0	0	0	0	0	0	0	0	0	0	0	24053782	
1007	1	G	10	N	2500	2	1	180	150	41	18	34	0	0	0	0	0	0	0	0	0	0	0	0	24054328	
1008	1	G	10	N	2500	2	1	229	149	36	17	29	0	0	0	0	0	0	0	0	0	0	0	0	24054952	
1009	1	G	10	N	2500	2	1	260	152	37	18	33	0	0	0	0	0	0	0	0	0	0	0	0	24055030	
1010	1	G	10	N	2500	6	40	377	181	42	21	36	0	0	0	0	0	0	0	0	0	0	0	0	24055607	
1011	1	H	10	N	2500	2	1	115	84	15	8	15	0	0	0	0	0	0	0	0	0	0	0	0	24067432	
1012	1	A	11	N	2500	6	40	419	220	58	25	45	0	0	0	0	0	0	0	0	0	0	0	0	24081768	
1013	1	A	11	N	2500	2	1	137	67	20	12	21	0	0	0	0	0	0	0	0	0	0	0	0	24081768	
1014	1	A	11	N	2500	2	1	72	15	3	2	5	0	0	0	0	0	0	0	0	0	0	0	0	24084311	
1015	1	B	11	N	2500	2	1	280	124	26	13	23	0	0	0	0	0	0	0	0	0	0	0	0	24093827	
1016	1	C	11	N	2500	2	1	322	81	41	32	71	0	0	0	0	0	0	0	0	0	0	0	0	24110035	
1017	1	C	11	N	2500	2	1	184	77	18	8	13	0	0	0	0	0	0	0	0	0	0	0	0	24114107	
1018	1	D	11	N	2500	6	40	353	175	45	21	37	0	0	0	0	0	0	0	0	0	0	0	0	24124621	
1019	1	D	11	N	2500	2	1	308	134	27	14	26	0	0	0	0	0	0	0	0	0	0	0	0	24126540	
1020	1	D	11	N	2500	6	40	222	215	57	26	43	0	0	0	0	0	0	0	0	0	0	0	0	24128787	
1021	1	E	11	N	2500	2	1	88	30	6	3	8	0	0	0	0	0	0	0	0	0	0	0	0	24140159	
1022	1	E	11	N	2500	2	2	382	165	34	16	33	0	0	0	0	0	0	0	0	0	0	0	0	24142109	
1023	1	E	11	N	2500	2	1	317	126	27	13	23	0	0	0	0	0	0	0	0	0	0	0	0	24142484	
1024	1	E	11	N	2500	2	1	275	107	19	11	17	0	0	0	0	0	0	0	0	0	0	0	0	24143560	
1025	1	E	11	N	2500	2	1	55	23	4	2	5	0	0	0	0	0	0	0	0	0	0	0	0	24145026	
1026	1	F	11	N	2500	2	1	173	123	26	14	19	0	0	0	0	0	0	0	0	0	0	0	0	24156414	
1027	1	F	11	N	2500	2	2	337	148	35	17	27	0	0	0	0	0	0	0	0	0	0	0	0	24157366	
1028	1	F	11	N	2500	2	1	209	157	49	21	32	0	0	0	0	0	0	0	0	0	0	0	0	24158754	
1029	1	F	11	N	2500	2	1	51	19	3	3	8	0	0	0	0	0	0	0	0	0	0	0	0	24160658	
1030	1	G	11	N	2500	2	1	159	89	16	10	18	0	0	0	0	0	0	0	0	0	0	0	0	24168442	
1031	1	G	11	N	2500	2	1	262	113	21	11	21	0	0	0	0	0	0	0	0	0	0	0	0	24170158	
1032	1	G	11	N	2500	6	40	333	194	44	24	38	0	0	0	0	0	0	0	0	0	0	0	0	24171141	
1033	1	G	11	N	2500	2	1	285	139	28	16	27	0	0	0	0	0	0	0	0	0	0	0	0	24171172	
1034	1	G	11	N	2500	2	1	106	31	4	2	8	0	0	0	0	0	0	0	0	0	0	0	0	24172342	
1035	1	G	11	N	2500	6	40	357	190	42	23	38	0	0	0	0	0	0	0	0	0	0	0	0	24173715	
1036	1	G	11	N	2500	2	1	71	23	1	0	2	0	0	0	0	0	0	0	0	0	0	0	0	24174011	
1037	1	G	11	N	2500	2	1	308	124	25	13	26	0	0	0	0	0	0	0	0	0	0	0	0	24174308	
