Id	Plate	Row	Column	Clog	Scan rate	Status sort	Status sel	TOF	EXT	Green	Yellow	Red	PH Ext	PW Ext	PC Ext	PH Green	PW Green	PCGreen	PH Yellow	PW Yellow	PCYellow	PH Red	PW Red	PCRed	Time Stamp	
0	1	A	1	N	2500	6	40	337	138	42	17	30	0	0	0	0	0	0	0	0	0	0	0	0	24237425	
1	1	A	1	N	2500	2	1	260	146	36	18	29	0	0	0	0	0	0	0	0	0	0	0	0	24238611	
2	1	A	1	N	2500	6	40	247	206	52	25	44	0	0	0	0	0	0	0	0	0	0	0	0	24239984	
3	1	A	1	N	2500	6	40	337	164	36	16	27	0	0	0	0	0	0	0	0	0	0	0	0	24239999	
4	1	A	1	N	2500	0	40	266	171	50	22	34	0	0	0	0	0	0	0	0	0	0	0	0	24240264	
5	1	A	1	N	2500	0	2	296	155	33	17	29	0	0	0	0	0	0	0	0	0	0	0	0	24240623	
6	1	A	1	N	2500	0	40	243	192	52	23	31	0	0	0	0	0	0	0	0	0	0	0	0	24240639	
7	1	A	1	N	2500	0	1	52	9	0	0	2	0	0	0	0	0	0	0	0	0	0	0	0	24240873	
8	1	A	1	N	2500	0	1	220	163	38	17	27	0	0	0	0	0	0	0	0	0	0	0	0	24241029	
9	1	A	1	N	2500	0	1	218	156	34	17	28	0	0	0	0	0	0	0	0	0	0	0	0	24241887	
10	1	A	1	N	2500	0	40	356	172	38	19	31	0	0	0	0	0	0	0	0	0	0	0	0	24242074	
11	1	A	1	N	2500	0	1	187	107	20	11	20	0	0	0	0	0	0	0	0	0	0	0	0	24242121	
12	1	A	1	N	2500	0	40	244	173	46	20	32	0	0	0	0	0	0	0	0	0	0	0	0	24242261	
13	1	A	1	N	2500	0	2	369	162	33	15	24	0	0	0	0	0	0	0	0	0	0	0	0	24242495	
14	1	B	1	N	2500	6	40	360	171	37	18	30	0	0	0	0	0	0	0	0	0	0	0	0	24251621	
15	1	B	1	N	2500	6	40	345	160	36	16	31	0	0	0	0	0	0	0	0	0	0	0	0	24251996	
16	1	B	1	N	2500	2	1	136	128	28	13	25	0	0	0	0	0	0	0	0	0	0	0	0	24252276	
17	1	B	1	N	2500	2	1	253	160	40	20	33	0	0	0	0	0	0	0	0	0	0	0	0	24252869	
18	1	B	1	N	2500	2	1	197	139	34	16	28	0	0	0	0	0	0	0	0	0	0	0	0	24253540	
19	1	B	1	N	2500	2	1	248	160	36	17	31	0	0	0	0	0	0	0	0	0	0	0	0	24253556	
20	1	B	1	N	2500	8	40	338	168	40	19	33	0	0	0	0	0	0	0	0	0	0	0	0	24253774	
21	1	B	1	N	2500	2	1	243	79	13	6	13	0	0	0	0	0	0	0	0	0	0	0	0	24253821	
22	1	B	1	N	2500	2	1	209	175	41	22	31	0	0	0	0	0	0	0	0	0	0	0	0	24254726	
23	1	B	1	N	2500	2	2	336	151	31	14	25	0	0	0	0	0	0	0	0	0	0	0	0	24255240	
24	1	B	1	N	2500	2	1	57	19	4	3	10	0	0	0	0	0	0	0	0	0	0	0	0	24256723	
25	1	B	1	N	2500	2	1	198	150	30	16	25	0	0	0	0	0	0	0	0	0	0	0	0	24257393	
26	1	B	1	N	2500	2	1	202	158	41	19	29	0	0	0	0	0	0	0	0	0	0	0	0	24257456	
27	1	C	1	N	2500	2	1	280	109	21	10	18	0	0	0	0	0	0	0	0	0	0	0	0	24266301	
28	1	C	1	N	2500	2	1	275	118	27	16	29	0	0	0	0	0	0	0	0	0	0	0	0	24266972	
29	1	C	1	N	2500	2	2	316	138	30	13	22	0	0	0	0	0	0	0	0	0	0	0	0	24267596	
30	1	C	1	N	2500	6	40	372	184	46	21	35	0	0	0	0	0	0	0	0	0	0	0	0	24267643	
31	1	C	1	N	2500	6	40	375	174	43	18	32	0	0	0	0	0	0	0	0	0	0	0	0	24267736	
32	1	C	1	N	2500	2	1	219	155	35	17	26	0	0	0	0	0	0	0	0	0	0	0	0	24268142	
33	1	C	1	N	2500	2	1	153	79	15	9	18	0	0	0	0	0	0	0	0	0	0	0	0	24269359	
34	1	C	1	N	2500	2	1	274	124	22	11	19	0	0	0	0	0	0	0	0	0	0	0	0	24270154	
35	1	C	1	N	2500	2	1	91	44	41	33	60	0	0	0	0	0	0	0	0	0	0	0	0	24270295	
36	1	C	1	N	2500	2	1	164	118	21	11	19	0	0	0	0	0	0	0	0	0	0	0	0	24270529	
37	1	C	1	N	2500	2	1	257	135	36	16	32	0	0	0	0	0	0	0	0	0	0	0	0	24270575	
38	1	C	1	N	2500	6	40	360	165	36	18	35	0	0	0	0	0	0	0	0	0	0	0	0	24271371	
39	1	C	1	N	2500	0	40	347	168	44	19	30	0	0	0	0	0	0	0	0	0	0	0	0	24271605	
40	1	C	1	N	2500	0	40	256	172	47	21	34	0	0	0	0	0	0	0	0	0	0	0	0	24271621	
41	1	C	1	N	2500	0	1	176	132	24	14	23	0	0	0	0	0	0	0	0	0	0	0	0	24271808	
42	1	C	1	N	2500	0	40	342	161	40	17	30	0	0	0	0	0	0	0	0	0	0	0	0	24272073	
43	1	C	1	N	2500	0	1	306	117	20	10	20	0	0	0	0	0	0	0	0	0	0	0	0	24272401	
44	1	C	1	N	2500	0	2	316	145	32	16	24	0	0	0	0	0	0	0	0	0	0	0	0	24273087	
45	1	D	1	N	2500	2	2	347	152	30	14	27	0	0	0	0	0	0	0	0	0	0	0	0	24282010	
46	1	D	1	N	2500	2	2	330	143	29	14	22	0	0	0	0	0	0	0	0	0	0	0	0	24284023	
47	1	D	1	N	2500	6	40	294	219	50	26	43	0	0	0	0	0	0	0	0	0	0	0	0	24284147	
48	1	D	1	N	2500	2	1	273	149	27	15	26	0	0	0	0	0	0	0	0	0	0	0	0	24284319	
49	1	D	1	N	2500	2	2	339	150	31	15	27	0	0	0	0	0	0	0	0	0	0	0	0	24284678	
50	1	D	1	N	2500	6	40	361	170	45	18	29	0	0	0	0	0	0	0	0	0	0	0	0	24284803	
51	1	D	1	N	2500	2	1	187	161	41	19	29	0	0	0	0	0	0	0	0	0	0	0	0	24284803	
52	1	D	1	N	2500	2	1	149	89	18	10	16	0	0	0	0	0	0	0	0	0	0	0	0	24285817	
53	1	D	1	N	2500	6	40	309	167	40	17	33	0	0	0	0	0	0	0	0	0	0	0	0	24285910	
54	1	D	1	N	2500	0	1	286	115	22	10	21	0	0	0	0	0	0	0	0	0	0	0	0	24286144	
55	1	D	1	N	2500	0	2	349	150	30	14	27	0	0	0	0	0	0	0	0	0	0	0	0	24286253	
56	1	D	1	N	2500	0	40	397	190	55	21	35	0	0	0	0	0	0	0	0	0	0	0	0	24286409	
57	1	D	1	N	2500	0	1	113	57	27	25	73	0	0	0	0	0	0	0	0	0	0	0	0	24286612	
58	1	D	1	N	2500	0	1	279	101	19	10	19	0	0	0	0	0	0	0	0	0	0	0	0	24286659	
59	1	D	1	N	2500	0	1	191	106	18	11	19	0	0	0	0	0	0	0	0	0	0	0	0	24286987	
60	1	E	1	N	2500	2	1	74	82	15	0	1	0	0	0	0	0	0	0	0	0	0	0	0	24294709	
61	1	E	1	N	2500	2	1	65	39	15	15	37	0	0	0	0	0	0	0	0	0	0	0	0	24298421	
62	1	E	1	N	2500	2	2	323	151	33	16	26	0	0	0	0	0	0	0	0	0	0	0	0	24299295	
63	1	E	1	N	2500	2	1	320	126	26	12	22	0	0	0	0	0	0	0	0	0	0	0	0	24299591	
64	1	E	1	N	2500	2	1	228	157	35	16	27	0	0	0	0	0	0	0	0	0	0	0	0	24300434	
65	1	E	1	N	2500	2	1	327	130	31	11	22	0	0	0	0	0	0	0	0	0	0	0	0	24300543	
66	1	E	1	N	2500	6	40	341	194	46	22	39	0	0	0	0	0	0	0	0	0	0	0	0	24301448	
67	1	E	1	N	2500	2	1	259	93	20	8	17	0	0	0	0	0	0	0	0	0	0	0	0	24302087	
68	1	F	1	N	2500	2	2	338	141	29	14	28	0	0	0	0	0	0	0	0	0	0	0	0	24311915	
69	1	F	1	N	2500	6	40	244	168	37	20	37	0	0	0	0	0	0	0	0	0	0	0	0	24312493	
70	1	F	1	N	2500	2	2	329	136	27	13	26	0	0	0	0	0	0	0	0	0	0	0	0	24312695	
71	1	F	1	N	2500	2	1	309	115	23	11	22	0	0	0	0	0	0	0	0	0	0	0	0	24312992	
72	1	F	1	N	2500	6	40	398	184	43	20	32	0	0	0	0	0	0	0	0	0	0	0	0	24313897	
73	1	F	1	N	2500	6	40	308	173	42	20	36	0	0	0	0	0	0	0	0	0	0	0	0	24314021	
74	1	F	1	N	2500	0	1	227	147	42	19	35	0	0	0	0	0	0	0	0	0	0	0	0	24314318	
75	1	F	1	N	2500	0	2	320	147	34	15	24	0	0	0	0	0	0	0	0	0	0	0	0	24314957	
76	1	F	1	N	2500	0	40	359	166	36	18	28	0	0	0	0	0	0	0	0	0	0	0	0	24315067	
77	1	F	1	N	2500	0	1	250	116	21	13	22	0	0	0	0	0	0	0	0	0	0	0	0	24315207	
78	1	F	1	N	2500	0	40	291	194	46	23	36	0	0	0	0	0	0	0	0	0	0	0	0	24316783	
79	1	G	1	N	2500	6	40	339	154	42	15	31	0	0	0	0	0	0	0	0	0	0	0	0	24324161	
80	1	G	1	N	2500	2	1	219	147	32	15	28	0	0	0	0	0	0	0	0	0	0	0	0	24326969	
81	1	G	1	N	2500	6	40	260	168	43	20	33	0	0	0	0	0	0	0	0	0	0	0	0	24329762	
82	1	G	1	N	2500	2	1	205	144	34	19	30	0	0	0	0	0	0	0	0	0	0	0	0	24329824	
83	1	G	1	N	2500	6	40	280	173	37	18	36	0	0	0	0	0	0	0	0	0	0	0	0	24329996	
84	1	G	1	N	2500	0	1	312	108	19	11	18	0	0	0	0	0	0	0	0	0	0	0	0	24330370	
85	1	G	1	N	2500	0	1	73	61	34	24	62	0	0	0	0	0	0	0	0	0	0	0	0	24330542	
86	1	G	1	N	2500	0	1	270	146	36	17	28	0	0	0	0	0	0	0	0	0	0	0	0	24330713	
87	1	A	2	N	2500	2	1	223	110	24	11	19	0	0	0	0	0	0	0	0	0	0	0	0	24353318	
88	1	A	2	N	2500	2	1	253	147	44	18	35	0	0	0	0	0	0	0	0	0	0	0	0	24356048	
89	1	A	2	N	2500	6	40	371	174	50	20	37	0	0	0	0	0	0	0	0	0	0	0	0	24356282	
90	1	A	2	N	2500	2	1	271	153	42	18	30	0	0	0	0	0	0	0	0	0	0	0	0	24356375	
91	1	A	2	N	2500	2	1	203	112	19	10	19	0	0	0	0	0	0	0	0	0	0	0	0	24357109	
92	1	A	2	N	2500	6	40	420	183	46	24	43	0	0	0	0	0	0	0	0	0	0	0	0	24357327	
93	1	A	2	N	2500	6	40	264	177	37	18	32	0	0	0	0	0	0	0	0	0	0	0	0	24358949	
94	1	A	2	N	2500	0	1	535	247	51	22	38	0	0	0	0	0	0	0	0	0	0	0	0	24359074	
95	1	A	2	N	2500	0	1	251	134	36	19	31	0	0	0	0	0	0	0	0	0	0	0	0	24359527	
96	1	A	2	N	2500	0	40	352	171	44	19	31	0	0	0	0	0	0	0	0	0	0	0	0	24360088	
97	1	B	2	N	2500	6	40	326	150	36	17	30	0	0	0	0	0	0	0	0	0	0	0	0	24369136	
98	1	B	2	N	2500	2	2	317	137	32	13	22	0	0	0	0	0	0	0	0	0	0	0	0	24369417	
99	1	B	2	N	2500	6	40	356	168	38	18	33	0	0	0	0	0	0	0	0	0	0	0	0	24370228	
100	1	B	2	N	2500	2	1	254	124	29	15	26	0	0	0	0	0	0	0	0	0	0	0	0	24370837	
101	1	B	2	N	2500	2	1	313	130	28	12	27	0	0	0	0	0	0	0	0	0	0	0	0	24370930	
102	1	B	2	N	2500	4	40	343	163	41	18	34	0	0	0	0	0	0	0	0	0	0	0	0	24371476	
103	1	B	2	N	2500	2	1	230	155	33	18	30	0	0	0	0	0	0	0	0	0	0	0	0	24371476	
104	1	B	2	N	2500	2	1	216	122	34	14	27	0	0	0	0	0	0	0	0	0	0	0	0	24371788	
105	1	B	2	N	2500	6	40	412	168	38	19	31	0	0	0	0	0	0	0	0	0	0	0	0	24372303	
106	1	B	2	N	2500	0	1	317	133	27	13	25	0	0	0	0	0	0	0	0	0	0	0	0	24374440	
107	1	B	2	N	2500	0	2	340	156	34	16	26	0	0	0	0	0	0	0	0	0	0	0	0	24374674	
108	1	B	2	N	2500	0	1	55	22	5	4	11	0	0	0	0	0	0	0	0	0	0	0	0	24374721	
109	1	B	2	N	2500	0	1	69	47	20	18	45	0	0	0	0	0	0	0	0	0	0	0	0	24374784	
110	1	C	2	N	2500	2	1	293	121	26	12	23	0	0	0	0	0	0	0	0	0	0	0	0	24382630	
111	1	C	2	N	2500	2	2	325	170	35	19	32	0	0	0	0	0	0	0	0	0	0	0	0	24384705	
112	1	C	2	N	2500	2	1	217	156	39	18	30	0	0	0	0	0	0	0	0	0	0	0	0	24385095	
113	1	C	2	N	2500	2	2	331	132	30	13	25	0	0	0	0	0	0	0	0	0	0	0	0	24385111	
114	1	C	2	N	2500	6	40	269	192	55	25	40	0	0	0	0	0	0	0	0	0	0	0	0	24386452	
115	1	C	2	N	2500	2	2	334	158	35	17	32	0	0	0	0	0	0	0	0	0	0	0	0	24386530	
116	1	C	2	N	2500	2	1	218	136	31	15	23	0	0	0	0	0	0	0	0	0	0	0	0	24386546	
117	1	C	2	N	2500	2	2	338	151	32	15	29	0	0	0	0	0	0	0	0	0	0	0	0	24386655	
118	1	C	2	N	2500	2	1	213	161	40	19	32	0	0	0	0	0	0	0	0	0	0	0	0	24386920	
119	1	C	2	N	2500	2	1	184	130	25	13	22	0	0	0	0	0	0	0	0	0	0	0	0	24387825	
120	1	C	2	N	2500	2	1	268	126	33	13	21	0	0	0	0	0	0	0	0	0	0	0	0	24388434	
121	1	C	2	N	2500	2	1	272	126	24	12	22	0	0	0	0	0	0	0	0	0	0	0	0	24389011	
122	1	D	2	N	2500	2	1	438	137	39	15	27	0	0	0	0	0	0	0	0	0	0	0	0	24396951	
123	1	D	2	N	2500	6	40	313	150	36	16	28	0	0	0	0	0	0	0	0	0	0	0	0	24397934	
124	1	D	2	N	2500	2	1	175	94	27	13	20	0	0	0	0	0	0	0	0	0	0	0	0	24399572	
125	1	D	2	N	2500	2	1	232	115	26	12	23	0	0	0	0	0	0	0	0	0	0	0	0	24401054	
126	1	D	2	N	2500	6	40	331	173	46	20	41	0	0	0	0	0	0	0	0	0	0	0	0	24401085	
127	1	D	2	N	2500	2	1	338	127	27	12	20	0	0	0	0	0	0	0	0	0	0	0	0	24401350	
128	1	D	2	N	2500	6	40	371	175	42	19	31	0	0	0	0	0	0	0	0	0	0	0	0	24401522	
129	1	D	2	N	2500	0	1	164	88	16	8	14	0	0	0	0	0	0	0	0	0	0	0	0	24401725	
130	1	D	2	N	2500	0	40	354	173	39	18	31	0	0	0	0	0	0	0	0	0	0	0	0	24402006	
131	1	D	2	N	2500	0	2	312	159	35	19	31	0	0	0	0	0	0	0	0	0	0	0	0	24402520	
132	1	E	2	N	2500	2	1	180	146	37	17	28	0	0	0	0	0	0	0	0	0	0	0	0	24412520	
133	1	E	2	N	2500	6	40	359	156	41	18	27	0	0	0	0	0	0	0	0	0	0	0	0	24412926	
134	1	E	2	N	2500	2	1	246	153	39	18	33	0	0	0	0	0	0	0	0	0	0	0	0	24413752	
135	1	E	2	N	2500	2	1	228	145	31	16	25	0	0	0	0	0	0	0	0	0	0	0	0	24414018	
136	1	E	2	N	2500	6	40	470	188	42	21	37	0	0	0	0	0	0	0	0	0	0	0	0	24414267	
137	1	E	2	N	2500	2	2	352	141	28	16	28	0	0	0	0	0	0	0	0	0	0	0	0	24414330	
138	1	E	2	N	2500	6	40	272	176	44	20	30	0	0	0	0	0	0	0	0	0	0	0	0	24414517	
139	1	E	2	N	2500	0	40	465	218	57	25	43	0	0	0	0	0	0	0	0	0	0	0	0	24414642	
140	1	E	2	N	2500	0	1	217	172	46	21	32	0	0	0	0	0	0	0	0	0	0	0	0	24415468	
141	1	E	2	N	2500	0	2	314	152	31	16	25	0	0	0	0	0	0	0	0	0	0	0	0	24416139	
142	1	E	2	N	2500	0	1	235	140	42	20	32	0	0	0	0	0	0	0	0	0	0	0	0	24416358	
143	1	E	2	N	2500	0	1	156	129	38	7	12	0	0	0	0	0	0	0	0	0	0	0	0	24416404	
144	1	E	2	N	2500	0	1	193	119	27	13	21	0	0	0	0	0	0	0	0	0	0	0	0	24416670	
145	1	E	2	N	2500	0	40	357	168	40	18	34	0	0	0	0	0	0	0	0	0	0	0	0	24417262	
146	1	E	2	N	2500	0	1	322	118	23	13	24	0	0	0	0	0	0	0	0	0	0	0	0	24417590	
147	1	E	2	N	2500	0	1	268	119	29	16	26	0	0	0	0	0	0	0	0	0	0	0	0	24417637	
148	1	E	2	N	2500	0	40	303	171	36	20	34	0	0	0	0	0	0	0	0	0	0	0	0	24418105	
149	1	F	2	N	2500	2	1	291	112	23	11	22	0	0	0	0	0	0	0	0	0	0	0	0	24425515	
150	1	F	2	N	2500	2	2	344	150	32	17	28	0	0	0	0	0	0	0	0	0	0	0	0	24426326	
151	1	F	2	N	2500	2	1	239	151	30	15	26	0	0	0	0	0	0	0	0	0	0	0	0	24426607	
152	1	F	2	N	2500	2	1	285	138	32	17	28	0	0	0	0	0	0	0	0	0	0	0	0	24426638	
153	1	F	2	N	2500	2	1	227	155	37	19	31	0	0	0	0	0	0	0	0	0	0	0	0	24427059	
154	1	F	2	N	2500	6	40	340	161	36	17	32	0	0	0	0	0	0	0	0	0	0	0	0	24428182	
155	1	F	2	N	2500	2	1	271	155	50	24	37	0	0	0	0	0	0	0	0	0	0	0	0	24428448	
156	1	F	2	N	2500	2	2	344	151	34	15	28	0	0	0	0	0	0	0	0	0	0	0	0	24428760	
157	1	F	2	N	2500	2	2	342	145	30	14	26	0	0	0	0	0	0	0	0	0	0	0	0	24428916	
158	1	F	2	N	2500	2	2	316	153	33	15	27	0	0	0	0	0	0	0	0	0	0	0	0	24429056	
159	1	F	2	N	2500	2	1	214	130	27	13	21	0	0	0	0	0	0	0	0	0	0	0	0	24429228	
160	1	F	2	N	2500	6	40	371	162	40	17	31	0	0	0	0	0	0	0	0	0	0	0	0	24429259	
161	1	F	2	N	2500	2	1	249	159	35	15	26	0	0	0	0	0	0	0	0	0	0	0	0	24430148	
162	1	F	2	N	2500	6	40	345	157	40	16	30	0	0	0	0	0	0	0	0	0	0	0	0	24430351	
163	1	F	2	N	2500	0	40	223	176	48	21	36	0	0	0	0	0	0	0	0	0	0	0	0	24430413	
164	1	F	2	N	2500	0	1	209	125	26	13	27	0	0	0	0	0	0	0	0	0	0	0	0	24430476	
165	1	F	2	N	2500	0	1	250	158	47	20	34	0	0	0	0	0	0	0	0	0	0	0	0	24430585	
166	1	F	2	N	2500	0	40	261	192	49	22	39	0	0	0	0	0	0	0	0	0	0	0	0	24430616	
167	1	F	2	N	2500	0	40	389	186	44	20	36	0	0	0	0	0	0	0	0	0	0	0	0	24431146	
168	1	F	2	N	2500	0	40	366	176	40	20	31	0	0	0	0	0	0	0	0	0	0	0	0	24431224	
169	1	F	2	N	2500	0	1	209	154	42	18	30	0	0	0	0	0	0	0	0	0	0	0	0	24431521	
170	1	F	2	N	2500	0	1	214	124	30	13	22	0	0	0	0	0	0	0	0	0	0	0	0	24431692	
171	1	F	2	N	2500	0	1	527	240	52	22	37	0	0	0	0	0	0	0	0	0	0	0	0	24431708	
172	1	F	2	N	2500	0	2	356	152	35	16	27	0	0	0	0	0	0	0	0	0	0	0	0	24431942	
173	1	G	2	N	2500	2	2	324	136	27	13	25	0	0	0	0	0	0	0	0	0	0	0	0	24439071	
174	1	G	2	N	2500	2	1	238	136	40	16	27	0	0	0	0	0	0	0	0	0	0	0	0	24439087	
175	1	G	2	N	2500	6	40	324	151	42	16	27	0	0	0	0	0	0	0	0	0	0	0	0	24439321	
176	1	G	2	N	2500	2	1	278	126	27	13	25	0	0	0	0	0	0	0	0	0	0	0	0	24440631	
177	1	G	2	N	2500	6	40	413	193	46	23	40	0	0	0	0	0	0	0	0	0	0	0	0	24440662	
178	1	G	2	N	2500	2	1	204	158	40	18	27	0	0	0	0	0	0	0	0	0	0	0	0	24440694	
179	1	G	2	N	2500	2	1	198	150	36	17	30	0	0	0	0	0	0	0	0	0	0	0	0	24440725	
180	1	G	2	N	2500	2	1	263	98	16	8	14	0	0	0	0	0	0	0	0	0	0	0	0	24441037	
181	1	G	2	N	2500	2	2	296	155	33	18	30	0	0	0	0	0	0	0	0	0	0	0	0	24442020	
182	1	G	2	N	2500	2	1	231	144	32	17	28	0	0	0	0	0	0	0	0	0	0	0	0	24442503	
183	1	G	2	N	2500	2	2	350	135	28	14	25	0	0	0	0	0	0	0	0	0	0	0	0	24442519	
184	1	G	2	N	2500	2	1	247	145	31	17	28	0	0	0	0	0	0	0	0	0	0	0	0	24442534	
185	1	G	2	N	2500	6	40	329	158	37	18	33	0	0	0	0	0	0	0	0	0	0	0	0	24442612	
186	1	G	2	N	2500	0	1	290	109	22	10	21	0	0	0	0	0	0	0	0	0	0	0	0	24442878	
187	1	G	2	N	2500	0	1	302	135	27	14	25	0	0	0	0	0	0	0	0	0	0	0	0	24442893	
188	1	G	2	N	2500	0	40	352	157	36	19	36	0	0	0	0	0	0	0	0	0	0	0	0	24443221	
189	1	G	2	N	2500	0	1	193	150	34	17	30	0	0	0	0	0	0	0	0	0	0	0	0	24443252	
190	1	G	2	N	2500	0	1	144	74	15	8	14	0	0	0	0	0	0	0	0	0	0	0	0	24443299	
191	1	G	2	N	2500	0	40	232	186	51	26	41	0	0	0	0	0	0	0	0	0	0	0	0	24443314	
192	1	G	2	N	2500	0	40	418	197	51	21	37	0	0	0	0	0	0	0	0	0	0	0	0	24443377	
193	1	G	2	N	2500	0	1	227	139	34	17	30	0	0	0	0	0	0	0	0	0	0	0	0	24443377	
194	1	G	2	N	2500	0	40	374	189	42	21	34	0	0	0	0	0	0	0	0	0	0	0	0	24443642	
195	1	G	2	N	2500	0	1	293	120	23	12	18	0	0	0	0	0	0	0	0	0	0	0	0	24443938	
196	1	G	2	N	2500	0	2	328	138	31	14	23	0	0	0	0	0	0	0	0	0	0	0	0	24444360	
197	1	G	2	N	2500	0	1	220	117	24	15	26	0	0	0	0	0	0	0	0	0	0	0	0	24444656	
198	1	G	2	N	2500	0	1	279	144	44	20	33	0	0	0	0	0	0	0	0	0	0	0	0	24444687	
199	1	G	2	N	2500	0	1	260	155	31	16	26	0	0	0	0	0	0	0	0	0	0	0	0	24444718	
200	1	G	2	N	2500	0	1	195	155	40	18	30	0	0	0	0	0	0	0	0	0	0	0	0	24445046	
201	1	G	2	N	2500	0	1	204	62	8	6	10	0	0	0	0	0	0	0	0	0	0	0	0	24445140	
202	1	G	2	N	2500	0	2	329	137	34	13	18	0	0	0	0	0	0	0	0	0	0	0	0	24445826	
203	1	G	2	N	2500	0	1	190	161	35	18	29	0	0	0	0	0	0	0	0	0	0	0	0	24445951	
204	1	G	2	N	2500	0	1	248	142	26	13	20	0	0	0	0	0	0	0	0	0	0	0	0	24446310	
205	1	H	2	N	2500	2	1	299	106	20	10	17	0	0	0	0	0	0	0	0	0	0	0	0	24458821	
206	1	H	2	N	2500	6	40	418	184	42	19	34	0	0	0	0	0	0	0	0	0	0	0	0	24460615	
207	1	A	3	N	2500	6	40	247	167	49	20	37	0	0	0	0	0	0	0	0	0	0	0	0	24469382	
208	1	A	3	N	2500	2	1	195	158	47	20	31	0	0	0	0	0	0	0	0	0	0	0	0	24469928	
209	1	A	3	N	2500	2	1	267	156	44	22	34	0	0	0	0	0	0	0	0	0	0	0	0	24470209	
210	1	A	3	N	2500	6	40	314	173	43	21	31	0	0	0	0	0	0	0	0	0	0	0	0	24470989	
211	1	A	3	N	2500	2	1	223	153	35	20	32	0	0	0	0	0	0	0	0	0	0	0	0	24471020	
212	1	A	3	N	2500	2	2	314	139	31	15	26	0	0	0	0	0	0	0	0	0	0	0	0	24471036	
213	1	A	3	N	2500	2	1	146	77	116	133	200	0	0	0	0	0	0	0	0	0	0	0	0	24471223	
214	1	A	3	N	2500	2	2	331	146	33	16	25	0	0	0	0	0	0	0	0	0	0	0	0	24471847	
215	1	A	3	N	2500	6	40	211	189	43	20	32	0	0	0	0	0	0	0	0	0	0	0	0	24471894	
216	1	A	3	N	2500	0	1	380	124	31	13	19	0	0	0	0	0	0	0	0	0	0	0	0	24471972	
217	1	A	3	N	2500	0	40	388	183	44	20	40	0	0	0	0	0	0	0	0	0	0	0	0	24472096	
218	1	A	3	N	2500	0	1	213	171	52	20	32	0	0	0	0	0	0	0	0	0	0	0	0	24472658	
219	1	A	3	N	2500	0	1	120	71	83	94	165	0	0	0	0	0	0	0	0	0	0	0	0	24472658	
220	1	A	3	N	2500	0	1	295	124	24	11	23	0	0	0	0	0	0	0	0	0	0	0	0	24472705	
221	1	A	3	N	2500	0	1	169	104	18	12	19	0	0	0	0	0	0	0	0	0	0	0	0	24472705	
222	1	A	3	N	2500	0	1	279	128	27	13	24	0	0	0	0	0	0	0	0	0	0	0	0	24472752	
223	1	A	3	N	2500	0	2	358	149	32	16	29	0	0	0	0	0	0	0	0	0	0	0	0	24472767	
224	1	A	3	N	2500	0	40	289	185	44	22	32	0	0	0	0	0	0	0	0	0	0	0	0	24472908	
225	1	A	3	N	2500	0	1	144	148	38	19	30	0	0	0	0	0	0	0	0	0	0	0	0	24472923	
226	1	A	3	N	2500	0	1	274	103	18	11	19	0	0	0	0	0	0	0	0	0	0	0	0	24473422	
227	1	A	3	N	2500	0	1	187	52	10	1	4	0	0	0	0	0	0	0	0	0	0	0	0	24473672	
228	1	A	3	N	2500	0	40	336	148	37	16	28	0	0	0	0	0	0	0	0	0	0	0	0	24473719	
229	1	A	3	N	2500	0	1	260	115	26	12	24	0	0	0	0	0	0	0	0	0	0	0	0	24474000	
230	1	A	3	N	2500	0	40	403	166	38	19	28	0	0	0	0	0	0	0	0	0	0	0	0	24474171	
231	1	A	3	N	2500	0	2	358	168	34	18	30	0	0	0	0	0	0	0	0	0	0	0	0	24474280	
232	1	A	3	N	2500	0	1	248	129	29	16	30	0	0	0	0	0	0	0	0	0	0	0	0	24474358	
233	1	A	3	N	2500	0	1	56	10	1	1	2	0	0	0	0	0	0	0	0	0	0	0	0	24474358	
234	1	A	3	N	2500	0	40	215	229	59	30	49	0	0	0	0	0	0	0	0	0	0	0	0	24474374	
235	1	A	3	N	2500	0	1	278	145	34	15	23	0	0	0	0	0	0	0	0	0	0	0	0	24474405	
236	1	A	3	N	2500	0	1	238	164	40	19	30	0	0	0	0	0	0	0	0	0	0	0	0	24474514	
237	1	A	3	N	2500	0	40	349	171	39	20	31	0	0	0	0	0	0	0	0	0	0	0	0	24474748	
238	1	A	3	N	2500	0	40	338	154	39	18	30	0	0	0	0	0	0	0	0	0	0	0	0	24474904	
239	1	A	3	N	2500	0	40	290	170	38	19	34	0	0	0	0	0	0	0	0	0	0	0	0	24475934	
240	1	A	3	N	2500	0	1	237	169	44	18	27	0	0	0	0	0	0	0	0	0	0	0	0	24476262	
241	1	B	3	N	2500	2	1	231	151	38	19	30	0	0	0	0	0	0	0	0	0	0	0	0	24484686	
242	1	B	3	N	2500	2	1	226	155	32	16	28	0	0	0	0	0	0	0	0	0	0	0	0	24484764	
243	1	B	3	N	2500	6	40	396	156	42	17	31	0	0	0	0	0	0	0	0	0	0	0	0	24485903	
244	1	B	3	N	2500	2	1	207	166	51	23	32	0	0	0	0	0	0	0	0	0	0	0	0	24487478	
245	1	B	3	N	2500	2	2	326	149	35	16	31	0	0	0	0	0	0	0	0	0	0	0	0	24489444	
246	1	B	3	N	2500	2	1	150	69	74	81	140	0	0	0	0	0	0	0	0	0	0	0	0	24489615	
247	1	C	3	N	2500	2	1	238	75	12	7	12	0	0	0	0	0	0	0	0	0	0	0	0	24498773	
248	1	C	3	N	2500	2	2	317	146	35	17	28	0	0	0	0	0	0	0	0	0	0	0	0	24499022	
249	1	C	3	N	2500	2	1	189	72	16	8	13	0	0	0	0	0	0	0	0	0	0	0	0	24499521	
250	1	C	3	N	2500	33	1	136	71	17	9	14	0	0	0	0	0	0	0	0	0	0	0	0	24499521	
251	1	C	3	N	2500	2	1	216	122	41	15	27	0	0	0	0	0	0	0	0	0	0	0	0	24499787	
252	1	C	3	N	2500	2	1	227	150	35	19	32	0	0	0	0	0	0	0	0	0	0	0	0	24500957	
253	1	C	3	N	2500	6	40	383	168	40	20	32	0	0	0	0	0	0	0	0	0	0	0	0	24501222	
254	1	C	3	N	2500	2	1	223	118	24	13	20	0	0	0	0	0	0	0	0	0	0	0	0	24501331	
255	1	C	3	N	2500	2	1	213	158	33	17	29	0	0	0	0	0	0	0	0	0	0	0	0	24501721	
256	1	C	3	N	2500	6	40	298	170	39	20	33	0	0	0	0	0	0	0	0	0	0	0	0	24501955	
257	1	C	3	N	2500	6	40	348	200	44	22	39	0	0	0	0	0	0	0	0	0	0	0	0	24502064	
258	1	C	3	N	2500	0	1	158	91	160	184	222	0	0	0	0	0	0	0	0	0	0	0	0	24502298	
259	1	C	3	N	2500	0	1	378	128	27	13	24	0	0	0	0	0	0	0	0	0	0	0	0	24502548	
260	1	C	3	N	2500	0	1	177	122	24	13	24	0	0	0	0	0	0	0	0	0	0	0	0	24502688	
261	1	C	3	N	2500	0	40	333	186	42	23	41	0	0	0	0	0	0	0	0	0	0	0	0	24502985	
262	1	C	3	N	2500	0	1	109	42	39	42	93	0	0	0	0	0	0	0	0	0	0	0	0	24503016	
263	1	C	3	N	2500	0	2	366	148	33	16	34	0	0	0	0	0	0	0	0	0	0	0	0	24503250	
264	1	C	3	N	2500	0	1	198	139	31	17	26	0	0	0	0	0	0	0	0	0	0	0	0	24503328	
265	1	C	3	N	2500	0	1	241	163	51	21	36	0	0	0	0	0	0	0	0	0	0	0	0	24503749	
266	1	C	3	N	2500	0	40	377	186	39	20	34	0	0	0	0	0	0	0	0	0	0	0	0	24504248	
267	1	C	3	N	2500	0	40	359	173	39	19	36	0	0	0	0	0	0	0	0	0	0	0	0	24505106	
268	1	D	3	N	2500	2	1	218	128	26	13	23	0	0	0	0	0	0	0	0	0	0	0	0	24514170	
269	1	D	3	N	2500	6	40	346	171	41	19	32	0	0	0	0	0	0	0	0	0	0	0	0	24514903	
270	1	D	3	N	2500	6	40	342	159	36	17	33	0	0	0	0	0	0	0	0	0	0	0	0	24515371	
271	1	D	3	N	2500	2	1	202	145	34	16	27	0	0	0	0	0	0	0	0	0	0	0	0	24515808	
272	1	D	3	N	2500	2	1	264	117	28	14	24	0	0	0	0	0	0	0	0	0	0	0	0	24515823	
273	1	D	3	N	2500	2	1	286	104	20	11	21	0	0	0	0	0	0	0	0	0	0	0	0	24516276	
274	1	D	3	N	2500	8	40	374	168	42	19	36	0	0	0	0	0	0	0	0	0	0	0	0	24516276	
275	1	D	3	N	2500	2	1	214	160	32	16	25	0	0	0	0	0	0	0	0	0	0	0	0	24516369	
276	1	D	3	N	2500	2	1	223	138	30	14	21	0	0	0	0	0	0	0	0	0	0	0	0	24516447	
277	1	D	3	N	2500	2	2	371	160	33	17	32	0	0	0	0	0	0	0	0	0	0	0	0	24517149	
278	1	D	3	N	2500	2	1	198	163	38	19	31	0	0	0	0	0	0	0	0	0	0	0	0	24517259	
279	1	D	3	N	2500	6	40	323	149	39	15	25	0	0	0	0	0	0	0	0	0	0	0	0	24517898	
280	1	D	3	N	2500	0	1	185	132	33	15	21	0	0	0	0	0	0	0	0	0	0	0	0	24518163	
281	1	D	3	N	2500	0	40	351	168	46	19	33	0	0	0	0	0	0	0	0	0	0	0	0	24518163	
282	1	D	3	N	2500	0	40	342	224	58	28	47	0	0	0	0	0	0	0	0	0	0	0	0	24518850	
283	1	E	3	N	2500	2	2	355	149	31	17	34	0	0	0	0	0	0	0	0	0	0	0	0	24527040	
284	1	E	3	N	2500	2	1	209	141	33	18	32	0	0	0	0	0	0	0	0	0	0	0	0	24528038	
285	1	E	3	N	2500	2	1	55	13	2	1	4	0	0	0	0	0	0	0	0	0	0	0	0	24528413	
286	1	E	3	N	2500	6	40	224	187	49	23	39	0	0	0	0	0	0	0	0	0	0	0	0	24528678	
287	1	E	3	N	2500	2	2	341	133	30	12	27	0	0	0	0	0	0	0	0	0	0	0	0	24529021	
288	1	E	3	N	2500	6	40	242	200	57	23	33	0	0	0	0	0	0	0	0	0	0	0	0	24529692	
289	1	E	3	N	2500	2	1	257	156	39	17	30	0	0	0	0	0	0	0	0	0	0	0	0	24529895	
290	1	E	3	N	2500	2	2	323	152	35	17	30	0	0	0	0	0	0	0	0	0	0	0	0	24529988	
291	1	E	3	N	2500	6	40	339	150	38	15	24	0	0	0	0	0	0	0	0	0	0	0	0	24530877	
292	1	E	3	N	2500	0	1	214	65	10	5	12	0	0	0	0	0	0	0	0	0	0	0	0	24531174	
293	1	E	3	N	2500	0	40	306	160	41	20	27	0	0	0	0	0	0	0	0	0	0	0	0	24531564	
294	1	E	3	N	2500	0	1	277	128	26	13	20	0	0	0	0	0	0	0	0	0	0	0	0	24531611	
295	1	E	3	N	2500	0	2	339	150	33	16	32	0	0	0	0	0	0	0	0	0	0	0	0	24531829	
296	1	E	3	N	2500	0	40	367	201	54	25	38	0	0	0	0	0	0	0	0	0	0	0	0	24531845	
297	1	E	3	N	2500	0	40	336	153	39	17	30	0	0	0	0	0	0	0	0	0	0	0	0	24532063	
298	1	E	3	N	2500	0	1	73	45	22	18	44	0	0	0	0	0	0	0	0	0	0	0	0	24532562	
299	1	E	3	N	2500	0	2	264	168	36	19	31	0	0	0	0	0	0	0	0	0	0	0	0	24532703	
300	1	E	3	N	2500	0	40	508	216	53	25	44	0	0	0	0	0	0	0	0	0	0	0	0	24533061	
301	1	E	3	N	2500	0	2	330	144	30	14	19	0	0	0	0	0	0	0	0	0	0	0	0	24533061	
302	1	F	3	N	2500	2	1	184	145	29	17	28	0	0	0	0	0	0	0	0	0	0	0	0	24540674	
303	1	F	3	N	2500	6	40	416	182	47	21	30	0	0	0	0	0	0	0	0	0	0	0	0	24541251	
304	1	F	3	N	2500	2	2	353	161	34	18	31	0	0	0	0	0	0	0	0	0	0	0	0	24541517	
305	1	F	3	N	2500	2	2	384	168	35	17	28	0	0	0	0	0	0	0	0	0	0	0	0	24541610	
306	1	F	3	N	2500	6	40	278	163	54	24	36	0	0	0	0	0	0	0	0	0	0	0	0	24541907	
307	1	F	3	N	2500	2	1	237	133	29	15	23	0	0	0	0	0	0	0	0	0	0	0	0	24541985	
308	1	F	3	N	2500	2	1	214	116	25	12	19	0	0	0	0	0	0	0	0	0	0	0	0	24542593	
309	1	F	3	N	2500	2	1	307	126	24	13	24	0	0	0	0	0	0	0	0	0	0	0	0	24543326	
310	1	F	3	N	2500	6	40	444	200	61	26	44	0	0	0	0	0	0	0	0	0	0	0	0	24543435	
311	1	F	3	N	2500	0	1	151	148	38	19	30	0	0	0	0	0	0	0	0	0	0	0	0	24543607	
312	1	F	3	N	2500	0	40	393	184	42	20	33	0	0	0	0	0	0	0	0	0	0	0	0	24543732	
313	1	F	3	N	2500	0	1	253	144	31	17	30	0	0	0	0	0	0	0	0	0	0	0	0	24543747	
314	1	F	3	N	2500	0	40	373	189	47	23	43	0	0	0	0	0	0	0	0	0	0	0	0	24544106	
315	1	F	3	N	2500	0	1	224	103	21	11	19	0	0	0	0	0	0	0	0	0	0	0	0	24544293	
316	1	F	3	N	2500	0	40	242	186	54	24	43	0	0	0	0	0	0	0	0	0	0	0	0	24544465	
317	1	F	3	N	2500	0	1	203	147	29	17	30	0	0	0	0	0	0	0	0	0	0	0	0	24545245	
318	1	F	3	N	2500	0	1	267	123	27	13	23	0	0	0	0	0	0	0	0	0	0	0	0	24545261	
319	1	F	3	N	2500	0	1	196	75	16	9	16	0	0	0	0	0	0	0	0	0	0	0	0	24545432	
320	1	F	3	N	2500	0	40	310	161	39	18	33	0	0	0	0	0	0	0	0	0	0	0	0	24545682	
321	1	F	3	N	2500	0	1	306	141	33	15	26	0	0	0	0	0	0	0	0	0	0	0	0	24545931	
322	1	F	3	N	2500	0	2	347	136	26	14	30	0	0	0	0	0	0	0	0	0	0	0	0	24546540	
323	1	F	3	N	2500	0	40	337	187	43	22	38	0	0	0	0	0	0	0	0	0	0	0	0	24546696	
324	1	F	3	N	2500	0	40	395	170	39	18	31	0	0	0	0	0	0	0	0	0	0	0	0	24547023	
325	1	F	3	N	2500	0	1	309	133	27	13	24	0	0	0	0	0	0	0	0	0	0	0	0	24547023	
326	1	G	3	N	2500	2	1	185	157	40	19	32	0	0	0	0	0	0	0	0	0	0	0	0	24554870	
327	1	G	3	N	2500	6	40	269	165	40	22	36	0	0	0	0	0	0	0	0	0	0	0	0	24555151	
328	1	G	3	N	2500	2	1	315	118	23	12	21	0	0	0	0	0	0	0	0	0	0	0	0	24555416	
329	1	G	3	N	2500	6	40	314	147	39	16	29	0	0	0	0	0	0	0	0	0	0	0	0	24556571	
330	1	G	3	N	2500	2	2	330	156	34	17	27	0	0	0	0	0	0	0	0	0	0	0	0	24556789	
331	1	G	3	N	2500	8	40	348	161	38	20	32	0	0	0	0	0	0	0	0	0	0	0	0	24556789	
332	1	G	3	N	2500	2	2	320	148	34	16	29	0	0	0	0	0	0	0	0	0	0	0	0	24557678	
333	1	G	3	N	2500	2	1	266	114	23	14	25	0	0	0	0	0	0	0	0	0	0	0	0	24557803	
334	1	G	3	N	2500	2	1	174	110	22	14	23	0	0	0	0	0	0	0	0	0	0	0	0	24557834	
335	1	G	3	N	2500	6	40	327	154	40	19	30	0	0	0	0	0	0	0	0	0	0	0	0	24558021	
336	1	G	3	N	2500	0	1	284	104	20	10	20	0	0	0	0	0	0	0	0	0	0	0	0	24558131	
337	1	G	3	N	2500	0	1	192	126	27	14	25	0	0	0	0	0	0	0	0	0	0	0	0	24558271	
338	1	G	3	N	2500	0	40	303	167	46	19	35	0	0	0	0	0	0	0	0	0	0	0	0	24558333	
339	1	G	3	N	2500	0	40	394	193	47	21	31	0	0	0	0	0	0	0	0	0	0	0	0	24558630	
340	1	G	3	N	2500	0	1	155	113	23	11	19	0	0	0	0	0	0	0	0	0	0	0	0	24558755	
341	1	G	3	N	2500	0	1	87	40	51	56	108	0	0	0	0	0	0	0	0	0	0	0	0	24558848	
342	1	G	3	N	2500	0	1	70	59	34	29	71	0	0	0	0	0	0	0	0	0	0	0	0	24559035	
343	1	G	3	N	2500	0	40	389	184	43	22	36	0	0	0	0	0	0	0	0	0	0	0	0	24559363	
344	1	G	3	N	2500	0	40	341	165	50	23	38	0	0	0	0	0	0	0	0	0	0	0	0	24560658	
345	1	A	4	N	2500	2	1	189	110	22	12	22	0	0	0	0	0	0	0	0	0	0	0	0	24585103	
346	1	A	4	N	2500	2	1	304	131	24	13	22	0	0	0	0	0	0	0	0	0	0	0	0	24585119	
347	1	A	4	N	2500	2	1	190	108	21	13	26	0	0	0	0	0	0	0	0	0	0	0	0	24585119	
348	1	A	4	N	2500	2	1	145	100	17	9	14	0	0	0	0	0	0	0	0	0	0	0	0	24585618	
349	1	A	4	N	2500	2	1	330	130	30	14	28	0	0	0	0	0	0	0	0	0	0	0	0	24589471	
350	1	A	4	N	2500	2	1	130	94	153	170	194	0	0	0	0	0	0	0	0	0	0	0	0	24589674	
351	1	A	4	N	2500	2	1	328	123	26	13	23	0	0	0	0	0	0	0	0	0	0	0	0	24590235	
352	1	A	4	N	2500	2	1	306	124	28	13	26	0	0	0	0	0	0	0	0	0	0	0	0	24590657	
353	1	A	4	N	2500	2	1	177	95	19	11	21	0	0	0	0	0	0	0	0	0	0	0	0	24591577	
354	1	B	4	N	2500	2	1	264	103	18	10	22	0	0	0	0	0	0	0	0	0	0	0	0	24599408	
355	1	B	4	N	2500	2	1	196	91	16	10	18	0	0	0	0	0	0	0	0	0	0	0	0	24604619	
356	1	B	4	N	2500	6	40	400	195	49	25	42	0	0	0	0	0	0	0	0	0	0	0	0	24605258	
357	1	C	4	N	2500	2	1	257	104	23	12	20	0	0	0	0	0	0	0	0	0	0	0	0	24614119	
358	1	C	4	N	2500	2	1	187	105	28	13	25	0	0	0	0	0	0	0	0	0	0	0	0	24618331	
359	1	C	4	N	2500	2	1	226	107	27	13	20	0	0	0	0	0	0	0	0	0	0	0	0	24619345	
360	1	C	4	N	2500	2	1	221	115	21	11	20	0	0	0	0	0	0	0	0	0	0	0	0	24620593	
361	1	D	4	N	2500	2	2	365	149	31	15	25	0	0	0	0	0	0	0	0	0	0	0	0	24628643	
362	1	D	4	N	2500	2	1	201	134	26	12	20	0	0	0	0	0	0	0	0	0	0	0	0	24630218	
363	1	D	4	N	2500	2	1	252	131	35	18	26	0	0	0	0	0	0	0	0	0	0	0	0	24630702	
364	1	D	4	N	2500	2	1	175	129	32	14	21	0	0	0	0	0	0	0	0	0	0	0	0	24631139	
365	1	D	4	N	2500	2	1	147	119	24	13	28	0	0	0	0	0	0	0	0	0	0	0	0	24631841	
366	1	D	4	N	2500	6	40	354	151	38	17	28	0	0	0	0	0	0	0	0	0	0	0	0	24632855	
367	1	D	4	N	2500	2	1	179	92	19	9	18	0	0	0	0	0	0	0	0	0	0	0	0	24632964	
368	1	D	4	N	2500	2	1	229	155	37	17	28	0	0	0	0	0	0	0	0	0	0	0	0	24634586	
369	1	E	4	N	2500	2	1	148	71	15	8	14	0	0	0	0	0	0	0	0	0	0	0	0	24643432	
370	1	E	4	N	2500	2	1	212	132	30	16	25	0	0	0	0	0	0	0	0	0	0	0	0	24647144	
371	1	E	4	N	2500	2	1	261	123	26	12	25	0	0	0	0	0	0	0	0	0	0	0	0	24647378	
372	1	F	4	N	2500	2	1	223	117	23	12	23	0	0	0	0	0	0	0	0	0	0	0	0	24661216	
373	1	F	4	N	2500	6	40	363	163	41	19	35	0	0	0	0	0	0	0	0	0	0	0	0	24661481	
374	1	F	4	N	2500	6	40	300	147	38	17	30	0	0	0	0	0	0	0	0	0	0	0	0	24662604	
375	1	G	4	N	2500	2	1	291	124	28	13	22	0	0	0	0	0	0	0	0	0	0	0	0	24678953	
376	1	H	4	N	2500	2	1	78	77	29	0	2	0	0	0	0	0	0	0	0	0	0	0	0	24688001	
377	1	A	5	N	2500	2	1	261	156	33	17	29	0	0	0	0	0	0	0	0	0	0	0	0	24703772	
378	1	A	5	N	2500	2	1	210	98	20	9	16	0	0	0	0	0	0	0	0	0	0	0	0	24704194	
379	1	A	5	N	2500	2	2	320	137	31	17	29	0	0	0	0	0	0	0	0	0	0	0	0	24704334	
380	1	A	5	N	2500	2	1	247	88	16	8	16	0	0	0	0	0	0	0	0	0	0	0	0	24705364	
381	1	A	5	N	2500	2	1	60	35	18	16	36	0	0	0	0	0	0	0	0	0	0	0	0	24705988	
382	1	A	5	N	2500	2	1	156	99	20	10	16	0	0	0	0	0	0	0	0	0	0	0	0	24706050	
383	1	A	5	N	2500	2	1	242	87	19	10	20	0	0	0	0	0	0	0	0	0	0	0	0	24706690	
384	1	A	5	N	2500	2	1	300	118	24	11	19	0	0	0	0	0	0	0	0	0	0	0	0	24706830	
385	1	A	5	N	2500	2	1	199	163	35	19	29	0	0	0	0	0	0	0	0	0	0	0	0	24709186	
386	1	B	5	N	2500	2	1	293	122	26	14	28	0	0	0	0	0	0	0	0	0	0	0	0	24718281	
387	1	B	5	N	2500	6	40	303	161	46	23	33	0	0	0	0	0	0	0	0	0	0	0	0	24720184	
388	1	B	5	N	2500	2	1	313	133	25	14	23	0	0	0	0	0	0	0	0	0	0	0	0	24720792	
389	1	B	5	N	2500	2	1	192	135	27	13	20	0	0	0	0	0	0	0	0	0	0	0	0	24720964	
390	1	B	5	N	2500	2	1	266	153	37	18	25	0	0	0	0	0	0	0	0	0	0	0	0	24721681	
391	1	B	5	N	2500	2	2	319	144	32	15	29	0	0	0	0	0	0	0	0	0	0	0	0	24721775	
392	1	B	5	N	2500	2	1	204	57	8	4	8	0	0	0	0	0	0	0	0	0	0	0	0	24721837	
393	1	B	5	N	2500	6	40	386	172	36	18	29	0	0	0	0	0	0	0	0	0	0	0	0	24722321	
394	1	B	5	N	2500	2	1	55	9	1	0	2	0	0	0	0	0	0	0	0	0	0	0	0	24722914	
395	1	B	5	N	2500	2	1	223	153	33	16	25	0	0	0	0	0	0	0	0	0	0	0	0	24723117	
396	1	B	5	N	2500	6	40	365	171	39	19	35	0	0	0	0	0	0	0	0	0	0	0	0	24723382	
397	1	B	5	N	2500	0	1	224	150	35	17	27	0	0	0	0	0	0	0	0	0	0	0	0	24724942	
398	1	C	5	N	2500	2	2	324	139	27	13	25	0	0	0	0	0	0	0	0	0	0	0	0	24732477	
399	1	C	5	N	2500	6	40	308	217	58	27	47	0	0	0	0	0	0	0	0	0	0	0	0	24733132	
400	1	C	5	N	2500	2	1	61	36	15	14	40	0	0	0	0	0	0	0	0	0	0	0	0	24733413	
401	1	C	5	N	2500	2	1	300	109	22	11	19	0	0	0	0	0	0	0	0	0	0	0	0	24734645	
402	1	C	5	N	2500	2	1	315	131	29	14	25	0	0	0	0	0	0	0	0	0	0	0	0	24735316	
403	1	C	5	N	2500	6	40	277	155	39	18	33	0	0	0	0	0	0	0	0	0	0	0	0	24737890	
404	1	C	5	N	2500	2	1	261	148	32	16	24	0	0	0	0	0	0	0	0	0	0	0	0	24738264	
405	1	C	5	N	2500	2	2	334	138	28	14	25	0	0	0	0	0	0	0	0	0	0	0	0	24738607	
406	1	D	5	N	2500	2	1	230	171	47	20	32	0	0	0	0	0	0	0	0	0	0	0	0	24747109	
407	1	D	5	N	2500	2	2	323	148	31	14	23	0	0	0	0	0	0	0	0	0	0	0	0	24747843	
408	1	D	5	N	2500	6	40	362	168	37	19	30	0	0	0	0	0	0	0	0	0	0	0	0	24748545	
409	1	D	5	N	2500	2	1	241	148	45	20	34	0	0	0	0	0	0	0	0	0	0	0	0	24749715	
410	1	D	5	N	2500	2	1	246	133	29	14	25	0	0	0	0	0	0	0	0	0	0	0	0	24750042	
411	1	D	5	N	2500	6	40	371	182	44	21	35	0	0	0	0	0	0	0	0	0	0	0	0	24750136	
412	1	D	5	N	2500	2	1	192	125	37	19	32	0	0	0	0	0	0	0	0	0	0	0	0	24750245	
413	1	D	5	N	2500	2	1	310	132	32	14	25	0	0	0	0	0	0	0	0	0	0	0	0	24750978	
414	1	D	5	N	2500	2	1	212	97	18	9	16	0	0	0	0	0	0	0	0	0	0	0	0	24751103	
415	1	D	5	N	2500	2	1	311	122	27	12	26	0	0	0	0	0	0	0	0	0	0	0	0	24751259	
416	1	D	5	N	2500	6	40	396	195	56	25	43	0	0	0	0	0	0	0	0	0	0	0	0	24751337	
417	1	D	5	N	2500	0	1	196	110	26	12	24	0	0	0	0	0	0	0	0	0	0	0	0	24753396	
418	1	E	5	N	2500	6	40	391	187	47	23	39	0	0	0	0	0	0	0	0	0	0	0	0	24762070	
419	1	E	5	N	2500	2	2	339	151	32	16	28	0	0	0	0	0	0	0	0	0	0	0	0	24762475	
420	1	E	5	N	2500	2	1	206	140	32	14	23	0	0	0	0	0	0	0	0	0	0	0	0	24764535	
421	1	E	5	N	2500	6	40	365	175	38	18	31	0	0	0	0	0	0	0	0	0	0	0	0	24764831	
422	1	E	5	N	2500	6	40	328	211	60	24	44	0	0	0	0	0	0	0	0	0	0	0	0	24765627	
423	1	E	5	N	2500	0	1	174	133	30	16	23	0	0	0	0	0	0	0	0	0	0	0	0	24765751	
424	1	E	5	N	2500	0	1	567	255	59	27	48	0	0	0	0	0	0	0	0	0	0	0	0	24766017	
425	1	E	5	N	2500	0	2	320	151	33	16	28	0	0	0	0	0	0	0	0	0	0	0	0	24766297	
426	1	E	5	N	2500	0	40	366	171	39	18	34	0	0	0	0	0	0	0	0	0	0	0	0	24767093	
427	1	E	5	N	2500	0	40	252	175	46	21	32	0	0	0	0	0	0	0	0	0	0	0	0	24767296	
428	1	F	5	N	2500	2	1	281	109	19	11	19	0	0	0	0	0	0	0	0	0	0	0	0	24775657	
429	1	F	5	N	2500	2	1	255	157	40	15	25	0	0	0	0	0	0	0	0	0	0	0	0	24776515	
430	1	F	5	N	2500	2	1	315	120	29	14	22	0	0	0	0	0	0	0	0	0	0	0	0	24777077	
431	1	F	5	N	2500	2	2	342	138	31	15	26	0	0	0	0	0	0	0	0	0	0	0	0	24777748	
432	1	F	5	N	2500	2	2	387	151	30	16	26	0	0	0	0	0	0	0	0	0	0	0	0	24778419	
433	1	F	5	N	2500	2	1	191	147	34	16	27	0	0	0	0	0	0	0	0	0	0	0	0	24778871	
434	1	F	5	N	2500	6	40	386	164	39	17	29	0	0	0	0	0	0	0	0	0	0	0	0	24779433	
435	1	F	5	N	2500	2	2	318	142	35	15	23	0	0	0	0	0	0	0	0	0	0	0	0	24781476	
436	1	F	5	N	2500	2	1	164	96	19	11	20	0	0	0	0	0	0	0	0	0	0	0	0	24781882	
437	1	G	5	N	2500	2	1	64	39	13	11	27	0	0	0	0	0	0	0	0	0	0	0	0	24791289	
438	1	G	5	N	2500	2	1	136	102	24	16	31	0	0	0	0	0	0	0	0	0	0	0	0	24792022	
439	1	G	5	N	2500	2	1	221	143	31	17	26	0	0	0	0	0	0	0	0	0	0	0	0	24793551	
440	1	G	5	N	2500	2	2	325	143	35	15	34	0	0	0	0	0	0	0	0	0	0	0	0	24796031	
441	1	A	6	N	2500	2	1	140	107	35	17	25	0	0	0	0	0	0	0	0	0	0	0	0	24822364	
442	1	A	6	N	2500	2	1	213	131	34	14	25	0	0	0	0	0	0	0	0	0	0	0	0	24822364	
443	1	A	6	N	2500	6	40	356	149	36	17	29	0	0	0	0	0	0	0	0	0	0	0	0	24823768	
444	1	A	6	N	2500	2	1	153	93	19	10	18	0	0	0	0	0	0	0	0	0	0	0	0	24823986	
445	1	A	6	N	2500	6	40	433	193	44	21	34	0	0	0	0	0	0	0	0	0	0	0	0	24824064	
446	1	A	6	N	2500	2	1	237	154	39	18	31	0	0	0	0	0	0	0	0	0	0	0	0	24824610	
447	1	A	6	N	2500	6	40	303	185	49	24	39	0	0	0	0	0	0	0	0	0	0	0	0	24825359	
448	1	A	6	N	2500	0	40	360	174	41	20	39	0	0	0	0	0	0	0	0	0	0	0	0	24825858	
449	1	B	6	N	2500	2	1	287	143	32	16	30	0	0	0	0	0	0	0	0	0	0	0	0	24834641	
450	1	B	6	N	2500	2	1	239	128	36	16	28	0	0	0	0	0	0	0	0	0	0	0	0	24835109	
451	1	B	6	N	2500	2	1	179	38	4	1	3	0	0	0	0	0	0	0	0	0	0	0	0	24835780	
452	1	B	6	N	2500	2	1	247	161	39	19	30	0	0	0	0	0	0	0	0	0	0	0	0	24837340	
453	1	B	6	N	2500	6	40	358	169	38	19	30	0	0	0	0	0	0	0	0	0	0	0	0	24838104	
454	1	B	6	N	2500	2	1	280	127	27	13	21	0	0	0	0	0	0	0	0	0	0	0	0	24838136	
455	1	B	6	N	2500	2	1	162	148	43	21	33	0	0	0	0	0	0	0	0	0	0	0	0	24838931	
456	1	B	6	N	2500	8	40	309	147	36	17	30	0	0	0	0	0	0	0	0	0	0	0	0	24838947	
457	1	B	6	N	2500	6	40	327	168	39	18	30	0	0	0	0	0	0	0	0	0	0	0	0	24838962	
458	1	B	6	N	2500	2	1	233	121	22	13	19	0	0	0	0	0	0	0	0	0	0	0	0	24838978	
459	1	B	6	N	2500	6	40	301	176	53	23	39	0	0	0	0	0	0	0	0	0	0	0	0	24839898	
460	1	C	6	N	2500	6	40	268	175	46	20	31	0	0	0	0	0	0	0	0	0	0	0	0	24848946	
461	1	C	6	N	2500	6	40	469	237	56	28	49	0	0	0	0	0	0	0	0	0	0	0	0	24849570	
462	1	C	6	N	2500	6	40	467	173	43	23	39	0	0	0	0	0	0	0	0	0	0	0	0	24849664	
463	1	C	6	N	2500	0	40	338	157	44	17	35	0	0	0	0	0	0	0	0	0	0	0	0	24851910	
464	1	C	6	N	2500	0	40	252	189	46	23	35	0	0	0	0	0	0	0	0	0	0	0	0	24851973	
465	1	C	6	N	2500	0	1	242	140	35	16	27	0	0	0	0	0	0	0	0	0	0	0	0	24852191	
466	1	C	6	N	2500	0	1	207	165	44	19	35	0	0	0	0	0	0	0	0	0	0	0	0	24852410	
467	1	C	6	N	2500	0	1	308	123	25	12	23	0	0	0	0	0	0	0	0	0	0	0	0	24853205	
468	1	C	6	N	2500	0	1	178	125	36	16	26	0	0	0	0	0	0	0	0	0	0	0	0	24853221	
469	1	C	6	N	2500	0	40	347	164	39	17	32	0	0	0	0	0	0	0	0	0	0	0	0	24853268	
470	1	C	6	N	2500	0	40	280	158	38	19	28	0	0	0	0	0	0	0	0	0	0	0	0	24853689	
471	1	C	6	N	2500	0	1	307	130	26	13	23	0	0	0	0	0	0	0	0	0	0	0	0	24854734	
472	1	C	6	N	2500	0	40	385	154	38	19	36	0	0	0	0	0	0	0	0	0	0	0	0	24854781	
473	1	C	6	N	2500	0	1	208	171	36	18	32	0	0	0	0	0	0	0	0	0	0	0	0	24855576	
474	1	D	6	N	2500	6	40	264	177	47	22	31	0	0	0	0	0	0	0	0	0	0	0	0	24863142	
475	1	D	6	N	2500	6	40	396	196	44	21	35	0	0	0	0	0	0	0	0	0	0	0	0	24864281	
476	1	D	6	N	2500	6	40	360	193	47	21	35	0	0	0	0	0	0	0	0	0	0	0	0	24864968	
477	1	D	6	N	2500	0	1	61	32	6	4	9	0	0	0	0	0	0	0	0	0	0	0	0	24865841	
478	1	D	6	N	2500	0	40	277	170	41	20	28	0	0	0	0	0	0	0	0	0	0	0	0	24866403	
479	1	D	6	N	2500	0	1	226	114	33	15	28	0	0	0	0	0	0	0	0	0	0	0	0	24868290	
480	1	D	6	N	2500	0	1	186	87	15	8	15	0	0	0	0	0	0	0	0	0	0	0	0	24869523	
481	1	E	6	N	2500	2	1	203	173	51	23	35	0	0	0	0	0	0	0	0	0	0	0	0	24877791	
482	1	E	6	N	2500	6	40	243	180	40	21	38	0	0	0	0	0	0	0	0	0	0	0	0	24879008	
483	1	E	6	N	2500	6	40	394	195	48	24	41	0	0	0	0	0	0	0	0	0	0	0	0	24880100	
484	1	E	6	N	2500	2	2	328	142	32	16	27	0	0	0	0	0	0	0	0	0	0	0	0	24881488	
485	1	E	6	N	2500	6	40	271	176	42	21	36	0	0	0	0	0	0	0	0	0	0	0	0	24881909	
486	1	E	6	N	2500	0	40	394	176	48	20	34	0	0	0	0	0	0	0	0	0	0	0	0	24881987	
487	1	E	6	N	2500	0	40	302	180	38	22	32	0	0	0	0	0	0	0	0	0	0	0	0	24882455	
488	1	E	6	N	2500	0	40	374	179	48	19	31	0	0	0	0	0	0	0	0	0	0	0	0	24882861	
489	1	E	6	N	2500	0	1	81	72	30	28	69	0	0	0	0	0	0	0	0	0	0	0	0	24882923	
490	1	E	6	N	2500	0	1	305	125	29	14	23	0	0	0	0	0	0	0	0	0	0	0	0	24883173	
491	1	F	6	N	2500	2	1	95	25	6	4	9	0	0	0	0	0	0	0	0	0	0	0	0	24890879	
492	1	F	6	N	2500	6	40	336	166	40	20	36	0	0	0	0	0	0	0	0	0	0	0	0	24892236	
493	1	F	6	N	2500	6	40	421	169	52	22	40	0	0	0	0	0	0	0	0	0	0	0	0	24893640	
494	1	F	6	N	2500	2	1	235	146	31	17	28	0	0	0	0	0	0	0	0	0	0	0	0	24893921	
495	1	F	6	N	2500	2	2	319	147	32	15	28	0	0	0	0	0	0	0	0	0	0	0	0	24894701	
496	1	F	6	N	2500	2	1	243	118	24	13	22	0	0	0	0	0	0	0	0	0	0	0	0	24895232	
497	1	F	6	N	2500	6	40	357	172	44	20	33	0	0	0	0	0	0	0	0	0	0	0	0	24895840	
498	1	F	6	N	2500	0	40	237	193	53	25	43	0	0	0	0	0	0	0	0	0	0	0	0	24896027	
499	1	F	6	N	2500	0	2	305	168	32	17	28	0	0	0	0	0	0	0	0	0	0	0	0	24896480	
500	1	F	6	N	2500	0	40	432	197	54	24	39	0	0	0	0	0	0	0	0	0	0	0	0	24896885	
501	1	F	6	N	2500	0	2	355	133	30	14	21	0	0	0	0	0	0	0	0	0	0	0	0	24897150	
502	1	G	6	N	2500	6	40	363	175	41	19	33	0	0	0	0	0	0	0	0	0	0	0	0	24906557	
503	1	G	6	N	2500	6	40	359	158	38	18	31	0	0	0	0	0	0	0	0	0	0	0	0	24906635	
504	1	G	6	N	2500	6	40	364	161	41	18	34	0	0	0	0	0	0	0	0	0	0	0	0	24906994	
505	1	G	6	N	2500	0	1	234	151	32	16	27	0	0	0	0	0	0	0	0	0	0	0	0	24907181	
506	1	G	6	N	2500	0	40	354	180	48	21	35	0	0	0	0	0	0	0	0	0	0	0	0	24907774	
507	1	G	6	N	2500	0	1	321	119	27	13	25	0	0	0	0	0	0	0	0	0	0	0	0	24908133	
508	1	G	6	N	2500	0	1	181	143	36	15	26	0	0	0	0	0	0	0	0	0	0	0	0	24908226	
509	1	G	6	N	2500	0	40	361	175	44	19	34	0	0	0	0	0	0	0	0	0	0	0	0	24908242	
510	1	G	6	N	2500	0	1	194	123	39	20	31	0	0	0	0	0	0	0	0	0	0	0	0	24908398	
511	1	G	6	N	2500	0	1	189	146	39	17	28	0	0	0	0	0	0	0	0	0	0	0	0	24908476	
512	1	G	6	N	2500	0	1	174	142	52	24	38	0	0	0	0	0	0	0	0	0	0	0	0	24908601	
513	1	G	6	N	2500	0	1	122	152	48	23	37	0	0	0	0	0	0	0	0	0	0	0	0	24908679	
514	1	G	6	N	2500	0	40	405	193	53	23	41	0	0	0	0	0	0	0	0	0	0	0	0	24908960	
515	1	G	6	N	2500	0	2	357	152	32	18	28	0	0	0	0	0	0	0	0	0	0	0	0	24909084	
516	1	G	6	N	2500	0	2	331	165	35	19	29	0	0	0	0	0	0	0	0	0	0	0	0	24909428	
517	1	G	6	N	2500	0	40	398	147	43	17	32	0	0	0	0	0	0	0	0	0	0	0	0	24909459	
518	1	G	6	N	2500	0	2	323	145	31	15	27	0	0	0	0	0	0	0	0	0	0	0	0	24909568	
519	1	G	6	N	2500	0	2	375	156	32	16	27	0	0	0	0	0	0	0	0	0	0	0	0	24910317	
520	1	G	6	N	2500	0	1	324	129	24	12	23	0	0	0	0	0	0	0	0	0	0	0	0	24910332	
521	1	G	6	N	2500	0	40	322	155	38	22	32	0	0	0	0	0	0	0	0	0	0	0	0	24910520	
522	1	G	6	N	2500	0	40	328	174	45	22	35	0	0	0	0	0	0	0	0	0	0	0	0	24910629	
523	1	G	6	N	2500	0	1	194	57	7	4	7	0	0	0	0	0	0	0	0	0	0	0	0	24910644	
524	1	G	6	N	2500	0	1	175	159	41	20	29	0	0	0	0	0	0	0	0	0	0	0	0	24910676	
525	1	G	6	N	2500	0	1	211	150	31	16	31	0	0	0	0	0	0	0	0	0	0	0	0	24910754	
526	1	G	6	N	2500	0	1	167	102	18	11	18	0	0	0	0	0	0	0	0	0	0	0	0	24911081	
527	1	G	6	N	2500	0	1	239	135	28	13	20	0	0	0	0	0	0	0	0	0	0	0	0	24911112	
528	1	G	6	N	2500	0	40	352	165	41	19	30	0	0	0	0	0	0	0	0	0	0	0	0	24911643	
529	1	G	6	N	2500	0	1	268	155	32	16	29	0	0	0	0	0	0	0	0	0	0	0	0	24912267	
530	1	G	6	N	2500	0	1	203	102	22	12	19	0	0	0	0	0	0	0	0	0	0	0	0	24912548	
531	1	A	7	N	2500	6	40	397	177	43	23	35	0	0	0	0	0	0	0	0	0	0	0	0	24934934	
532	1	A	7	N	2500	2	1	56	36	23	19	43	0	0	0	0	0	0	0	0	0	0	0	0	24935838	
533	1	A	7	N	2500	2	2	350	139	31	15	27	0	0	0	0	0	0	0	0	0	0	0	0	24935916	
534	1	A	7	N	2500	6	40	364	165	37	20	36	0	0	0	0	0	0	0	0	0	0	0	0	24936806	
535	1	A	7	N	2500	6	40	332	163	42	18	29	0	0	0	0	0	0	0	0	0	0	0	0	24936962	
536	1	A	7	N	2500	0	40	352	163	45	20	35	0	0	0	0	0	0	0	0	0	0	0	0	24937445	
537	1	A	7	N	2500	0	1	242	120	22	12	22	0	0	0	0	0	0	0	0	0	0	0	0	24937445	
538	1	A	7	N	2500	0	40	394	186	49	20	35	0	0	0	0	0	0	0	0	0	0	0	0	24937492	
539	1	A	7	N	2500	0	1	189	88	22	12	20	0	0	0	0	0	0	0	0	0	0	0	0	24937554	
540	1	A	7	N	2500	0	40	352	169	42	20	34	0	0	0	0	0	0	0	0	0	0	0	0	24937586	
541	1	A	7	N	2500	0	40	386	177	44	20	32	0	0	0	0	0	0	0	0	0	0	0	0	24938225	
542	1	A	7	N	2500	0	2	325	140	34	15	25	0	0	0	0	0	0	0	0	0	0	0	0	24938256	
543	1	A	7	N	2500	0	40	341	164	37	18	34	0	0	0	0	0	0	0	0	0	0	0	0	24938381	
544	1	A	7	N	2500	0	40	267	168	38	20	32	0	0	0	0	0	0	0	0	0	0	0	0	24938568	
545	1	A	7	N	2500	0	40	353	173	46	19	34	0	0	0	0	0	0	0	0	0	0	0	0	24938849	
546	1	A	7	N	2500	0	40	461	176	46	19	35	0	0	0	0	0	0	0	0	0	0	0	0	24939099	
547	1	A	7	N	2500	0	1	178	143	31	16	24	0	0	0	0	0	0	0	0	0	0	0	0	24939286	
548	1	A	7	N	2500	0	1	235	154	44	23	36	0	0	0	0	0	0	0	0	0	0	0	0	24939395	
549	1	A	7	N	2500	0	1	300	126	27	12	26	0	0	0	0	0	0	0	0	0	0	0	0	24939442	
550	1	A	7	N	2500	0	1	305	124	23	11	21	0	0	0	0	0	0	0	0	0	0	0	0	24939458	
551	1	A	7	N	2500	0	1	167	102	18	11	16	0	0	0	0	0	0	0	0	0	0	0	0	24939520	
552	1	A	7	N	2500	0	1	181	115	23	11	19	0	0	0	0	0	0	0	0	0	0	0	0	24940253	
553	1	A	7	N	2500	0	40	461	220	54	25	40	0	0	0	0	0	0	0	0	0	0	0	0	24940409	
554	1	A	7	N	2500	0	1	327	132	25	13	22	0	0	0	0	0	0	0	0	0	0	0	0	24940425	
555	1	A	7	N	2500	0	1	147	163	38	21	31	0	0	0	0	0	0	0	0	0	0	0	0	24940737	
556	1	A	7	N	2500	0	40	275	167	46	21	36	0	0	0	0	0	0	0	0	0	0	0	0	24940893	
557	1	A	7	N	2500	0	1	243	141	34	15	29	0	0	0	0	0	0	0	0	0	0	0	0	24941158	
558	1	A	7	N	2500	0	1	77	53	32	23	55	0	0	0	0	0	0	0	0	0	0	0	0	24941205	
559	1	A	7	N	2500	0	1	159	149	42	18	31	0	0	0	0	0	0	0	0	0	0	0	0	24941283	
560	1	A	7	N	2500	0	1	205	157	36	20	30	0	0	0	0	0	0	0	0	0	0	0	0	24941283	
561	1	A	7	N	2500	0	40	240	169	45	20	34	0	0	0	0	0	0	0	0	0	0	0	0	24941720	
562	1	A	7	N	2500	0	40	339	178	48	24	38	0	0	0	0	0	0	0	0	0	0	0	0	24941798	
563	1	A	7	N	2500	0	1	56	26	26	31	82	0	0	0	0	0	0	0	0	0	0	0	0	24941813	
564	1	A	7	N	2500	0	1	257	104	22	10	16	0	0	0	0	0	0	0	0	0	0	0	0	24941969	
565	1	B	7	N	2500	6	40	371	182	46	20	35	0	0	0	0	0	0	0	0	0	0	0	0	24948802	
566	1	B	7	N	2500	2	1	694	351	89	72	203	0	0	0	0	0	0	0	0	0	0	0	0	24949395	
567	1	B	7	N	2500	2	1	251	130	35	15	23	0	0	0	0	0	0	0	0	0	0	0	0	24950456	
568	1	B	7	N	2500	6	40	251	176	45	21	34	0	0	0	0	0	0	0	0	0	0	0	0	24951251	
569	1	B	7	N	2500	6	40	430	186	49	23	37	0	0	0	0	0	0	0	0	0	0	0	0	24951470	
570	1	B	7	N	2500	0	1	210	136	30	15	23	0	0	0	0	0	0	0	0	0	0	0	0	24951782	
571	1	B	7	N	2500	0	1	245	120	22	12	21	0	0	0	0	0	0	0	0	0	0	0	0	24951875	
572	1	B	7	N	2500	0	1	307	127	27	12	22	0	0	0	0	0	0	0	0	0	0	0	0	24952172	
573	1	B	7	N	2500	0	1	225	153	43	19	27	0	0	0	0	0	0	0	0	0	0	0	0	24952203	
574	1	B	7	N	2500	0	1	336	123	26	10	19	0	0	0	0	0	0	0	0	0	0	0	0	24952312	
575	1	B	7	N	2500	0	1	234	155	43	19	33	0	0	0	0	0	0	0	0	0	0	0	0	24952999	
576	1	B	7	N	2500	0	1	202	88	21	12	20	0	0	0	0	0	0	0	0	0	0	0	0	24953217	
577	1	B	7	N	2500	0	1	314	130	27	12	20	0	0	0	0	0	0	0	0	0	0	0	0	24953233	
578	1	B	7	N	2500	0	40	283	156	49	21	33	0	0	0	0	0	0	0	0	0	0	0	0	24953529	
579	1	B	7	N	2500	0	2	337	146	33	16	29	0	0	0	0	0	0	0	0	0	0	0	0	24953638	
580	1	B	7	N	2500	0	40	356	164	37	18	29	0	0	0	0	0	0	0	0	0	0	0	0	24953685	
581	1	B	7	N	2500	0	1	139	27	6	5	12	0	0	0	0	0	0	0	0	0	0	0	0	24953825	
582	1	B	7	N	2500	0	1	207	151	36	17	29	0	0	0	0	0	0	0	0	0	0	0	0	24954075	
583	1	B	7	N	2500	0	40	378	168	40	17	31	0	0	0	0	0	0	0	0	0	0	0	0	24954325	
584	1	B	7	N	2500	0	1	245	151	35	19	30	0	0	0	0	0	0	0	0	0	0	0	0	24954496	
585	1	B	7	N	2500	0	1	197	148	31	15	23	0	0	0	0	0	0	0	0	0	0	0	0	24954949	
586	1	B	7	N	2500	0	40	378	175	40	19	31	0	0	0	0	0	0	0	0	0	0	0	0	24955276	
587	1	B	7	N	2500	0	1	258	100	17	11	21	0	0	0	0	0	0	0	0	0	0	0	0	24956275	
588	1	C	7	N	2500	2	1	252	106	20	11	23	0	0	0	0	0	0	0	0	0	0	0	0	24963497	
589	1	C	7	N	2500	6	40	346	179	47	19	32	0	0	0	0	0	0	0	0	0	0	0	0	24964324	
590	1	C	7	N	2500	6	40	401	192	45	21	37	0	0	0	0	0	0	0	0	0	0	0	0	24965401	
591	1	C	7	N	2500	6	40	385	161	40	20	31	0	0	0	0	0	0	0	0	0	0	0	0	24965884	
592	1	C	7	N	2500	0	40	340	168	46	21	33	0	0	0	0	0	0	0	0	0	0	0	0	24966009	
593	1	C	7	N	2500	0	1	306	119	23	11	21	0	0	0	0	0	0	0	0	0	0	0	0	24966181	
594	1	C	7	N	2500	0	2	332	147	31	15	25	0	0	0	0	0	0	0	0	0	0	0	0	24966399	
595	1	C	7	N	2500	0	1	223	152	32	16	28	0	0	0	0	0	0	0	0	0	0	0	0	24966493	
596	1	C	7	N	2500	0	40	264	180	45	24	40	0	0	0	0	0	0	0	0	0	0	0	0	24967101	
597	1	C	7	N	2500	0	1	300	116	25	12	22	0	0	0	0	0	0	0	0	0	0	0	0	24967210	
598	1	C	7	N	2500	0	1	200	159	47	18	32	0	0	0	0	0	0	0	0	0	0	0	0	24967257	
599	1	C	7	N	2500	0	1	146	99	17	9	18	0	0	0	0	0	0	0	0	0	0	0	0	24967351	
600	1	C	7	N	2500	0	1	198	163	44	22	35	0	0	0	0	0	0	0	0	0	0	0	0	24967709	
601	1	C	7	N	2500	0	1	196	147	35	16	32	0	0	0	0	0	0	0	0	0	0	0	0	24967850	
602	1	C	7	N	2500	0	1	198	144	33	16	28	0	0	0	0	0	0	0	0	0	0	0	0	24968068	
603	1	C	7	N	2500	0	1	226	151	34	17	28	0	0	0	0	0	0	0	0	0	0	0	0	24968146	
604	1	C	7	N	2500	0	40	418	194	42	21	35	0	0	0	0	0	0	0	0	0	0	0	0	24968224	
605	1	C	7	N	2500	0	1	230	152	43	19	27	0	0	0	0	0	0	0	0	0	0	0	0	24968240	
606	1	C	7	N	2500	0	40	290	160	45	21	32	0	0	0	0	0	0	0	0	0	0	0	0	24968271	
607	1	C	7	N	2500	0	2	343	155	35	16	26	0	0	0	0	0	0	0	0	0	0	0	0	24968770	
608	1	C	7	N	2500	0	40	334	149	38	15	28	0	0	0	0	0	0	0	0	0	0	0	0	24968864	
609	1	C	7	N	2500	0	1	224	151	41	21	29	0	0	0	0	0	0	0	0	0	0	0	0	24968973	
610	1	C	7	N	2500	0	40	231	202	50	23	35	0	0	0	0	0	0	0	0	0	0	0	0	24969269	
611	1	C	7	N	2500	0	2	414	161	33	16	28	0	0	0	0	0	0	0	0	0	0	0	0	24969613	
612	1	C	7	N	2500	0	1	85	34	14	16	31	0	0	0	0	0	0	0	0	0	0	0	0	24969628	
613	1	C	7	N	2500	0	40	290	164	39	19	30	0	0	0	0	0	0	0	0	0	0	0	0	24969847	
614	1	C	7	N	2500	0	1	314	132	23	12	25	0	0	0	0	0	0	0	0	0	0	0	0	24969893	
615	1	C	7	N	2500	0	1	258	155	36	18	31	0	0	0	0	0	0	0	0	0	0	0	0	24970003	
616	1	C	7	N	2500	0	40	350	165	45	18	32	0	0	0	0	0	0	0	0	0	0	0	0	24970346	
617	1	D	7	N	2500	2	1	225	127	24	13	19	0	0	0	0	0	0	0	0	0	0	0	0	24977475	
618	1	D	7	N	2500	2	2	322	150	32	14	26	0	0	0	0	0	0	0	0	0	0	0	0	24977631	
619	1	D	7	N	2500	2	1	268	100	16	9	14	0	0	0	0	0	0	0	0	0	0	0	0	24977896	
620	1	D	7	N	2500	6	40	239	173	39	20	35	0	0	0	0	0	0	0	0	0	0	0	0	24978099	
621	1	D	7	N	2500	2	1	181	128	25	14	25	0	0	0	0	0	0	0	0	0	0	0	0	24978271	
622	1	D	7	N	2500	6	40	402	185	41	21	33	0	0	0	0	0	0	0	0	0	0	0	0	24978349	
623	1	D	7	N	2500	6	40	269	168	43	24	35	0	0	0	0	0	0	0	0	0	0	0	0	24979160	
624	1	D	7	N	2500	0	1	247	156	32	17	30	0	0	0	0	0	0	0	0	0	0	0	0	24979207	
625	1	D	7	N	2500	0	1	278	130	33	14	23	0	0	0	0	0	0	0	0	0	0	0	0	24979519	
626	1	D	7	N	2500	0	40	361	172	39	19	32	0	0	0	0	0	0	0	0	0	0	0	0	24979706	
627	1	D	7	N	2500	0	40	333	144	36	14	24	0	0	0	0	0	0	0	0	0	0	0	0	24979877	
628	1	D	7	N	2500	0	1	238	143	43	19	32	0	0	0	0	0	0	0	0	0	0	0	0	24980080	
629	1	D	7	N	2500	0	1	255	133	33	17	27	0	0	0	0	0	0	0	0	0	0	0	0	24980127	
630	1	D	7	N	2500	0	2	314	141	30	14	24	0	0	0	0	0	0	0	0	0	0	0	0	24980392	
631	1	D	7	N	2500	0	2	349	171	35	19	31	0	0	0	0	0	0	0	0	0	0	0	0	24980813	
632	1	D	7	N	2500	0	40	330	166	38	19	28	0	0	0	0	0	0	0	0	0	0	0	0	24980845	
633	1	D	7	N	2500	0	40	374	184	50	22	36	0	0	0	0	0	0	0	0	0	0	0	0	24981235	
634	1	D	7	N	2500	0	1	322	134	25	13	24	0	0	0	0	0	0	0	0	0	0	0	0	24981328	
635	1	D	7	N	2500	0	1	230	153	36	18	25	0	0	0	0	0	0	0	0	0	0	0	0	24981437	
636	1	D	7	N	2500	0	40	334	164	39	17	30	0	0	0	0	0	0	0	0	0	0	0	0	24981500	
637	1	D	7	N	2500	0	1	179	130	25	13	22	0	0	0	0	0	0	0	0	0	0	0	0	24981640	
638	1	D	7	N	2500	0	1	243	156	43	20	33	0	0	0	0	0	0	0	0	0	0	0	0	24981640	
639	1	D	7	N	2500	0	1	335	121	27	14	22	0	0	0	0	0	0	0	0	0	0	0	0	24981890	
640	1	D	7	N	2500	0	1	87	114	85	24	50	0	0	0	0	0	0	0	0	0	0	0	0	24982061	
641	1	D	7	N	2500	0	1	299	124	30	12	24	0	0	0	0	0	0	0	0	0	0	0	0	24982405	
642	1	D	7	N	2500	0	40	418	172	41	18	32	0	0	0	0	0	0	0	0	0	0	0	0	24982436	
643	1	D	7	N	2500	0	2	347	146	32	15	25	0	0	0	0	0	0	0	0	0	0	0	0	24982467	
644	1	D	7	N	2500	0	1	482	302	75	37	59	0	0	0	0	0	0	0	0	0	0	0	0	24982685	
645	1	D	7	N	2500	0	1	284	138	39	21	33	0	0	0	0	0	0	0	0	0	0	0	0	24982685	
646	1	D	7	N	2500	0	40	438	203	58	24	43	0	0	0	0	0	0	0	0	0	0	0	0	24982997	
647	1	D	7	N	2500	0	40	363	173	39	20	33	0	0	0	0	0	0	0	0	0	0	0	0	24983013	
648	1	D	7	N	2500	0	40	280	157	38	19	28	0	0	0	0	0	0	0	0	0	0	0	0	24983153	
649	1	D	7	N	2500	0	40	351	169	45	19	29	0	0	0	0	0	0	0	0	0	0	0	0	24983403	
650	1	D	7	N	2500	0	2	345	154	33	16	27	0	0	0	0	0	0	0	0	0	0	0	0	24983699	
651	1	D	7	N	2500	0	1	212	152	31	16	25	0	0	0	0	0	0	0	0	0	0	0	0	24983840	
652	1	D	7	N	2500	0	2	325	136	29	13	24	0	0	0	0	0	0	0	0	0	0	0	0	24984027	
653	1	D	7	N	2500	0	40	298	173	37	19	31	0	0	0	0	0	0	0	0	0	0	0	0	24984027	
654	1	D	7	N	2500	0	1	263	94	17	9	16	0	0	0	0	0	0	0	0	0	0	0	0	24984745	
655	1	E	7	N	2500	2	1	191	96	17	9	17	0	0	0	0	0	0	0	0	0	0	0	0	24991952	
656	1	E	7	N	2500	6	40	430	193	47	23	42	0	0	0	0	0	0	0	0	0	0	0	0	24993075	
657	1	E	7	N	2500	6	40	336	152	39	20	33	0	0	0	0	0	0	0	0	0	0	0	0	24993231	
658	1	E	7	N	2500	2	1	168	167	44	23	37	0	0	0	0	0	0	0	0	0	0	0	0	24993247	
659	1	E	7	N	2500	2	2	326	152	33	17	34	0	0	0	0	0	0	0	0	0	0	0	0	24993496	
660	1	E	7	N	2500	6	40	342	172	40	19	29	0	0	0	0	0	0	0	0	0	0	0	0	24994276	
661	1	E	7	N	2500	0	1	285	98	17	9	17	0	0	0	0	0	0	0	0	0	0	0	0	24994557	
662	1	E	7	N	2500	0	2	340	161	35	16	32	0	0	0	0	0	0	0	0	0	0	0	0	24995665	
663	1	E	7	N	2500	0	1	181	146	44	21	33	0	0	0	0	0	0	0	0	0	0	0	0	24995883	
664	1	E	7	N	2500	0	1	195	135	29	15	21	0	0	0	0	0	0	0	0	0	0	0	0	24997303	
665	1	E	7	N	2500	0	2	345	157	34	16	27	0	0	0	0	0	0	0	0	0	0	0	0	24997630	
666	1	E	7	N	2500	0	1	216	176	42	20	35	0	0	0	0	0	0	0	0	0	0	0	0	24997708	
667	1	E	7	N	2500	0	1	263	155	37	17	27	0	0	0	0	0	0	0	0	0	0	0	0	24997739	
668	1	E	7	N	2500	0	1	251	162	37	19	28	0	0	0	0	0	0	0	0	0	0	0	0	24997755	
669	1	E	7	N	2500	0	2	339	146	28	13	22	0	0	0	0	0	0	0	0	0	0	0	0	24998051	
670	1	E	7	N	2500	0	40	343	164	44	19	31	0	0	0	0	0	0	0	0	0	0	0	0	24998145	
671	1	E	7	N	2500	0	40	458	201	47	23	41	0	0	0	0	0	0	0	0	0	0	0	0	24998535	
672	1	E	7	N	2500	0	2	362	148	33	14	26	0	0	0	0	0	0	0	0	0	0	0	0	24998566	
673	1	E	7	N	2500	0	1	196	158	42	20	31	0	0	0	0	0	0	0	0	0	0	0	0	24999003	
674	1	E	7	N	2500	0	1	148	193	112	52	135	0	0	0	0	0	0	0	0	0	0	0	0	24999019	
675	1	F	7	N	2500	2	1	62	36	18	15	34	0	0	0	0	0	0	0	0	0	0	0	0	25005836	
676	1	F	7	N	2500	2	1	139	130	46	22	32	0	0	0	0	0	0	0	0	0	0	0	0	25005945	
677	1	F	7	N	2500	2	1	290	146	35	18	29	0	0	0	0	0	0	0	0	0	0	0	0	25006273	
678	1	F	7	N	2500	6	40	235	190	48	22	36	0	0	0	0	0	0	0	0	0	0	0	0	25006819	
679	1	F	7	N	2500	2	1	219	139	34	15	25	0	0	0	0	0	0	0	0	0	0	0	0	25007692	
680	1	F	7	N	2500	2	1	268	152	37	18	30	0	0	0	0	0	0	0	0	0	0	0	0	25008176	
681	1	F	7	N	2500	8	40	295	157	49	21	35	0	0	0	0	0	0	0	0	0	0	0	0	25008191	
682	1	F	7	N	2500	2	1	259	91	17	10	16	0	0	0	0	0	0	0	0	0	0	0	0	25008457	
683	1	F	7	N	2500	2	1	197	141	29	19	33	0	0	0	0	0	0	0	0	0	0	0	0	25008566	
684	1	F	7	N	2500	2	1	206	136	38	16	27	0	0	0	0	0	0	0	0	0	0	0	0	25008628	
685	1	F	7	N	2500	2	1	309	132	28	14	19	0	0	0	0	0	0	0	0	0	0	0	0	25008659	
686	1	F	7	N	2500	2	1	241	160	32	18	26	0	0	0	0	0	0	0	0	0	0	0	0	25008800	
687	1	F	7	N	2500	2	1	448	162	50	17	30	0	0	0	0	0	0	0	0	0	0	0	0	25009174	
688	1	F	7	N	2500	2	1	207	156	38	19	27	0	0	0	0	0	0	0	0	0	0	0	0	25009174	
689	1	F	7	N	2500	6	40	292	154	41	19	34	0	0	0	0	0	0	0	0	0	0	0	0	25009408	
690	1	F	7	N	2500	2	1	225	167	41	21	36	0	0	0	0	0	0	0	0	0	0	0	0	25009486	
691	1	F	7	N	2500	6	40	341	160	36	20	32	0	0	0	0	0	0	0	0	0	0	0	0	25009705	
692	1	F	7	N	2500	0	40	229	203	52	26	46	0	0	0	0	0	0	0	0	0	0	0	0	25009751	
693	1	F	7	N	2500	0	40	267	163	40	20	35	0	0	0	0	0	0	0	0	0	0	0	0	25009923	
694	1	F	7	N	2500	0	40	367	172	45	20	30	0	0	0	0	0	0	0	0	0	0	0	0	25009954	
695	1	F	7	N	2500	0	1	235	166	45	22	35	0	0	0	0	0	0	0	0	0	0	0	0	25010017	
696	1	F	7	N	2500	0	1	209	139	39	18	27	0	0	0	0	0	0	0	0	0	0	0	0	25010126	
697	1	F	7	N	2500	0	40	375	167	41	18	36	0	0	0	0	0	0	0	0	0	0	0	0	25010173	
698	1	F	7	N	2500	0	1	253	150	39	18	30	0	0	0	0	0	0	0	0	0	0	0	0	25010173	
699	1	F	7	N	2500	0	40	296	168	39	20	35	0	0	0	0	0	0	0	0	0	0	0	0	25010329	
700	1	F	7	N	2500	0	40	430	210	50	26	45	0	0	0	0	0	0	0	0	0	0	0	0	25010329	
701	1	F	7	N	2500	0	1	212	163	38	19	30	0	0	0	0	0	0	0	0	0	0	0	0	25010407	
702	1	F	7	N	2500	0	40	355	170	37	19	36	0	0	0	0	0	0	0	0	0	0	0	0	25010422	
703	1	F	7	N	2500	0	2	268	156	36	17	30	0	0	0	0	0	0	0	0	0	0	0	0	25010594	
704	1	F	7	N	2500	0	1	323	129	26	12	22	0	0	0	0	0	0	0	0	0	0	0	0	25010734	
705	1	F	7	N	2500	0	40	311	196	48	24	44	0	0	0	0	0	0	0	0	0	0	0	0	25010781	
706	1	F	7	N	2500	0	40	400	200	45	22	37	0	0	0	0	0	0	0	0	0	0	0	0	25010781	
707	1	F	7	N	2500	0	1	174	146	38	19	32	0	0	0	0	0	0	0	0	0	0	0	0	25010797	
708	1	F	7	N	2500	0	40	327	143	36	14	25	0	0	0	0	0	0	0	0	0	0	0	0	25010859	
709	1	F	7	N	2500	0	40	352	168	45	19	33	0	0	0	0	0	0	0	0	0	0	0	0	25010921	
710	1	F	7	N	2500	0	40	301	183	38	19	34	0	0	0	0	0	0	0	0	0	0	0	0	25010984	
711	1	F	7	N	2500	0	1	298	115	23	11	18	0	0	0	0	0	0	0	0	0	0	0	0	25010999	
712	1	F	7	N	2500	0	2	331	132	24	13	22	0	0	0	0	0	0	0	0	0	0	0	0	25011374	
713	1	F	7	N	2500	0	2	330	138	24	12	24	0	0	0	0	0	0	0	0	0	0	0	0	25011467	
714	1	F	7	N	2500	0	40	369	174	39	20	32	0	0	0	0	0	0	0	0	0	0	0	0	25011514	
715	1	F	7	N	2500	0	40	341	172	45	22	39	0	0	0	0	0	0	0	0	0	0	0	0	25011514	
716	1	F	7	N	2500	0	40	423	216	61	26	44	0	0	0	0	0	0	0	0	0	0	0	0	25011686	
717	1	F	7	N	2500	0	1	181	140	30	15	24	0	0	0	0	0	0	0	0	0	0	0	0	25011764	
718	1	F	7	N	2500	0	2	281	163	35	18	30	0	0	0	0	0	0	0	0	0	0	0	0	25012169	
719	1	F	7	N	2500	0	1	183	164	39	22	32	0	0	0	0	0	0	0	0	0	0	0	0	25012247	
720	1	F	7	N	2500	0	1	314	126	23	12	18	0	0	0	0	0	0	0	0	0	0	0	0	25012731	
721	1	F	7	N	2500	0	40	338	161	37	17	31	0	0	0	0	0	0	0	0	0	0	0	0	25013168	
722	1	G	7	N	2500	6	40	319	162	40	19	36	0	0	0	0	0	0	0	0	0	0	0	0	25019860	
723	1	G	7	N	2500	2	1	61	24	4	4	9	0	0	0	0	0	0	0	0	0	0	0	0	25020188	
724	1	G	7	N	2500	2	1	87	57	59	39	67	0	0	0	0	0	0	0	0	0	0	0	0	25020235	
725	1	G	7	N	2500	2	1	178	155	38	19	30	0	0	0	0	0	0	0	0	0	0	0	0	25020484	
726	1	G	7	N	2500	6	40	392	174	45	20	34	0	0	0	0	0	0	0	0	0	0	0	0	25020531	
727	1	G	7	N	2500	6	40	338	170	41	19	31	0	0	0	0	0	0	0	0	0	0	0	0	25020827	
728	1	G	7	N	2500	0	40	324	156	37	17	32	0	0	0	0	0	0	0	0	0	0	0	0	25021139	
729	1	G	7	N	2500	0	1	211	173	38	19	30	0	0	0	0	0	0	0	0	0	0	0	0	25021233	
730	1	G	7	N	2500	0	40	339	165	39	18	32	0	0	0	0	0	0	0	0	0	0	0	0	25021373	
731	1	G	7	N	2500	0	40	379	168	41	22	31	0	0	0	0	0	0	0	0	0	0	0	0	25021561	
732	1	G	7	N	2500	0	1	240	144	38	18	35	0	0	0	0	0	0	0	0	0	0	0	0	25021607	
733	1	G	7	N	2500	0	2	324	155	35	19	33	0	0	0	0	0	0	0	0	0	0	0	0	25021639	
734	1	G	7	N	2500	0	1	205	139	43	21	37	0	0	0	0	0	0	0	0	0	0	0	0	25021717	
735	1	G	7	N	2500	0	40	275	189	51	23	38	0	0	0	0	0	0	0	0	0	0	0	0	25022575	
736	1	G	7	N	2500	0	1	174	164	43	22	35	0	0	0	0	0	0	0	0	0	0	0	0	25023370	
737	1	G	7	N	2500	0	1	126	103	22	13	24	0	0	0	0	0	0	0	0	0	0	0	0	25023635	
738	1	G	7	N	2500	0	40	373	167	38	19	35	0	0	0	0	0	0	0	0	0	0	0	0	25023635	
739	1	G	7	N	2500	0	40	375	181	44	22	36	0	0	0	0	0	0	0	0	0	0	0	0	25023682	
740	1	G	7	N	2500	0	1	265	156	41	17	32	0	0	0	0	0	0	0	0	0	0	0	0	25024010	
741	1	G	7	N	2500	0	1	249	150	36	19	26	0	0	0	0	0	0	0	0	0	0	0	0	25024088	
742	1	G	7	N	2500	0	1	299	134	32	15	26	0	0	0	0	0	0	0	0	0	0	0	0	25024119	
743	1	G	7	N	2500	0	1	275	104	21	13	20	0	0	0	0	0	0	0	0	0	0	0	0	25024618	
744	1	G	7	N	2500	0	40	334	155	40	17	32	0	0	0	0	0	0	0	0	0	0	0	0	25024649	
745	1	G	7	N	2500	0	40	336	157	38	18	29	0	0	0	0	0	0	0	0	0	0	0	0	25024681	
746	1	G	7	N	2500	0	1	261	158	37	19	30	0	0	0	0	0	0	0	0	0	0	0	0	25024805	
747	1	G	7	N	2500	0	1	210	110	27	13	20	0	0	0	0	0	0	0	0	0	0	0	0	25024961	
748	1	G	7	N	2500	0	40	352	161	37	18	30	0	0	0	0	0	0	0	0	0	0	0	0	25025305	
749	1	G	7	N	2500	0	1	297	138	34	15	28	0	0	0	0	0	0	0	0	0	0	0	0	25025476	
750	1	G	7	N	2500	0	2	356	149	33	16	33	0	0	0	0	0	0	0	0	0	0	0	0	25025648	
751	1	G	7	N	2500	0	1	269	134	36	18	28	0	0	0	0	0	0	0	0	0	0	0	0	25025773	
752	1	G	7	N	2500	0	1	236	141	28	15	27	0	0	0	0	0	0	0	0	0	0	0	0	25025788	
753	1	G	7	N	2500	0	1	61	51	25	21	56	0	0	0	0	0	0	0	0	0	0	0	0	25025944	
754	1	G	7	N	2500	0	40	342	166	39	19	31	0	0	0	0	0	0	0	0	0	0	0	0	25026334	
755	1	G	7	N	2500	0	40	298	184	42	21	32	0	0	0	0	0	0	0	0	0	0	0	0	25026428	
756	1	G	7	N	2500	0	2	329	140	31	15	27	0	0	0	0	0	0	0	0	0	0	0	0	25026475	
757	1	G	7	N	2500	0	1	169	78	16	10	15	0	0	0	0	0	0	0	0	0	0	0	0	25026693	
758	1	G	7	N	2500	0	1	234	127	31	16	25	0	0	0	0	0	0	0	0	0	0	0	0	25027067	
759	1	H	7	N	2500	2	1	268	155	33	17	29	0	0	0	0	0	0	0	0	0	0	0	0	25036162	
760	1	H	7	N	2500	2	2	312	154	32	15	27	0	0	0	0	0	0	0	0	0	0	0	0	25037051	
761	1	H	7	N	2500	2	1	237	159	35	19	29	0	0	0	0	0	0	0	0	0	0	0	0	25037831	
762	1	A	8	N	2500	6	40	387	176	40	22	34	0	0	0	0	0	0	0	0	0	0	0	0	25051949	
763	1	A	8	N	2500	2	1	204	159	42	20	35	0	0	0	0	0	0	0	0	0	0	0	0	25054352	
764	1	A	8	N	2500	6	40	409	175	45	21	38	0	0	0	0	0	0	0	0	0	0	0	0	25055865	
765	1	C	8	N	2500	6	40	352	161	39	17	26	0	0	0	0	0	0	0	0	0	0	0	0	25080888	
766	1	D	8	N	2500	2	1	308	121	25	13	22	0	0	0	0	0	0	0	0	0	0	0	0	25098750	
767	1	E	8	N	2500	6	40	357	170	49	18	34	0	0	0	0	0	0	0	0	0	0	0	0	25108718	
768	1	E	8	N	2500	2	1	295	121	24	12	19	0	0	0	0	0	0	0	0	0	0	0	0	25109919	
769	1	E	8	N	2500	6	40	249	195	47	24	39	0	0	0	0	0	0	0	0	0	0	0	0	25109982	
770	1	E	8	N	2500	2	1	208	164	35	18	25	0	0	0	0	0	0	0	0	0	0	0	0	25111011	
771	1	E	8	N	2500	6	40	324	158	37	17	27	0	0	0	0	0	0	0	0	0	0	0	0	25111230	
772	1	E	8	N	2500	0	1	224	119	28	13	21	0	0	0	0	0	0	0	0	0	0	0	0	25112727	
773	1	E	8	N	2500	0	40	504	197	39	20	36	0	0	0	0	0	0	0	0	0	0	0	0	25112868	
774	1	E	8	N	2500	0	1	313	135	29	13	25	0	0	0	0	0	0	0	0	0	0	0	0	25115176	
775	1	E	8	N	2500	0	40	350	166	39	18	31	0	0	0	0	0	0	0	0	0	0	0	0	25115473	
776	1	F	8	N	2500	2	1	178	169	43	23	38	0	0	0	0	0	0	0	0	0	0	0	0	25124022	
777	1	F	8	N	2500	2	2	316	140	27	15	27	0	0	0	0	0	0	0	0	0	0	0	0	25124037	
778	1	F	8	N	2500	2	1	68	12	2	1	4	0	0	0	0	0	0	0	0	0	0	0	0	25125410	
779	1	F	8	N	2500	6	40	447	203	49	24	42	0	0	0	0	0	0	0	0	0	0	0	0	25125457	
780	1	F	8	N	2500	2	1	523	220	61	27	44	0	0	0	0	0	0	0	0	0	0	0	0	25126081	
781	1	F	8	N	2500	6	40	356	161	37	19	32	0	0	0	0	0	0	0	0	0	0	0	0	25127110	
782	1	F	8	N	2500	2	1	227	103	22	12	17	0	0	0	0	0	0	0	0	0	0	0	0	25128171	
783	1	G	8	N	2500	6	40	249	175	45	20	31	0	0	0	0	0	0	0	0	0	0	0	0	25137812	
784	1	G	8	N	2500	2	1	51	18	12	8	17	0	0	0	0	0	0	0	0	0	0	0	0	25139200	
785	1	G	8	N	2500	6	40	349	148	38	17	29	0	0	0	0	0	0	0	0	0	0	0	0	25140090	
786	1	G	8	N	2500	2	1	62	11	5	1	4	0	0	0	0	0	0	0	0	0	0	0	0	25140870	
787	1	G	8	N	2500	6	40	388	187	45	23	38	0	0	0	0	0	0	0	0	0	0	0	0	25141369	
788	1	G	8	N	2500	0	40	410	191	50	20	31	0	0	0	0	0	0	0	0	0	0	0	0	25141650	
789	1	H	8	N	2500	2	1	61	18	6	5	13	0	0	0	0	0	0	0	0	0	0	0	0	25158685	
790	1	A	9	N	2500	2	1	209	132	28	15	27	0	0	0	0	0	0	0	0	0	0	0	0	25167967	
791	1	A	9	N	2500	6	40	321	147	43	17	27	0	0	0	0	0	0	0	0	0	0	0	0	25169465	
792	1	A	9	N	2500	6	40	352	153	41	17	29	0	0	0	0	0	0	0	0	0	0	0	0	25169574	
793	1	A	9	N	2500	2	2	373	155	35	15	29	0	0	0	0	0	0	0	0	0	0	0	0	25169995	
794	1	A	9	N	2500	2	1	86	69	43	36	83	0	0	0	0	0	0	0	0	0	0	0	0	25171196	
795	1	A	9	N	2500	2	1	208	161	42	20	31	0	0	0	0	0	0	0	0	0	0	0	0	25171649	
796	1	A	9	N	2500	2	1	174	170	51	23	37	0	0	0	0	0	0	0	0	0	0	0	0	25173037	
797	1	B	9	N	2500	2	2	341	141	29	15	24	0	0	0	0	0	0	0	0	0	0	0	0	25187249	
798	1	C	9	N	2500	2	2	344	156	35	15	28	0	0	0	0	0	0	0	0	0	0	0	0	25199323	
799	1	C	9	N	2500	2	1	151	86	14	8	15	0	0	0	0	0	0	0	0	0	0	0	0	25201351	
800	1	C	9	N	2500	2	1	182	172	50	25	40	0	0	0	0	0	0	0	0	0	0	0	0	25202427	
801	1	D	9	N	2500	2	1	192	99	27	14	19	0	0	0	0	0	0	0	0	0	0	0	0	25211647	
802	1	D	9	N	2500	2	2	330	147	34	16	28	0	0	0	0	0	0	0	0	0	0	0	0	25213550	
803	1	D	9	N	2500	2	2	350	149	35	17	28	0	0	0	0	0	0	0	0	0	0	0	0	25213706	
804	1	D	9	N	2500	6	40	307	171	38	19	32	0	0	0	0	0	0	0	0	0	0	0	0	25214377	
805	1	D	9	N	2500	2	1	210	180	42	24	46	0	0	0	0	0	0	0	0	0	0	0	0	25216389	
806	1	E	9	N	2500	2	1	285	121	28	14	26	0	0	0	0	0	0	0	0	0	0	0	0	25226529	
807	1	E	9	N	2500	2	1	262	123	28	17	28	0	0	0	0	0	0	0	0	0	0	0	0	25227122	
808	1	E	9	N	2500	2	1	296	111	20	11	23	0	0	0	0	0	0	0	0	0	0	0	0	25229197	
809	1	E	9	N	2500	2	1	191	143	40	18	31	0	0	0	0	0	0	0	0	0	0	0	0	25229915	
810	1	E	9	N	2500	2	1	313	131	24	12	19	0	0	0	0	0	0	0	0	0	0	0	0	25230383	
811	1	E	9	N	2500	6	40	377	168	37	18	31	0	0	0	0	0	0	0	0	0	0	0	0	25232192	
812	1	E	9	N	2500	2	1	61	38	15	13	32	0	0	0	0	0	0	0	0	0	0	0	0	25232364	
813	1	E	9	N	2500	2	2	349	155	33	16	25	0	0	0	0	0	0	0	0	0	0	0	0	25232426	
814	1	E	9	N	2500	6	40	272	179	48	23	34	0	0	0	0	0	0	0	0	0	0	0	0	25232894	
815	1	F	9	N	2500	2	1	205	117	33	17	28	0	0	0	0	0	0	0	0	0	0	0	0	25242691	
816	1	F	9	N	2500	6	40	439	218	53	25	42	0	0	0	0	0	0	0	0	0	0	0	0	25244142	
817	1	F	9	N	2500	6	40	340	161	40	18	29	0	0	0	0	0	0	0	0	0	0	0	0	25244735	
818	1	F	9	N	2500	2	2	358	153	32	15	29	0	0	0	0	0	0	0	0	0	0	0	0	25244828	
819	1	F	9	N	2500	2	1	248	153	37	17	28	0	0	0	0	0	0	0	0	0	0	0	0	25244953	
820	1	F	9	N	2500	6	40	342	166	36	18	36	0	0	0	0	0	0	0	0	0	0	0	0	25245109	
821	1	F	9	N	2500	0	1	304	127	24	13	23	0	0	0	0	0	0	0	0	0	0	0	0	25245686	
822	1	F	9	N	2500	0	2	316	136	30	16	23	0	0	0	0	0	0	0	0	0	0	0	0	25246107	
823	1	F	9	N	2500	0	40	262	185	41	22	36	0	0	0	0	0	0	0	0	0	0	0	0	25246248	
824	1	F	9	N	2500	0	1	159	124	32	15	21	0	0	0	0	0	0	0	0	0	0	0	0	25246295	
825	1	F	9	N	2500	0	1	237	158	40	19	31	0	0	0	0	0	0	0	0	0	0	0	0	25247652	
826	1	G	9	N	2500	2	1	259	151	34	18	30	0	0	0	0	0	0	0	0	0	0	0	0	25257932	
827	1	G	9	N	2500	2	2	363	156	33	16	28	0	0	0	0	0	0	0	0	0	0	0	0	25258197	
828	1	G	9	N	2500	2	1	176	107	30	13	22	0	0	0	0	0	0	0	0	0	0	0	0	25258806	
829	1	G	9	N	2500	6	40	430	159	45	17	31	0	0	0	0	0	0	0	0	0	0	0	0	25259180	
830	1	G	9	N	2500	6	40	345	167	39	18	34	0	0	0	0	0	0	0	0	0	0	0	0	25259430	
831	1	G	9	N	2500	2	1	255	114	21	13	21	0	0	0	0	0	0	0	0	0	0	0	0	25259539	
832	1	G	9	N	2500	6	40	392	170	48	18	33	0	0	0	0	0	0	0	0	0	0	0	0	25259882	
833	1	G	9	N	2500	0	40	255	223	57	26	45	0	0	0	0	0	0	0	0	0	0	0	0	25260257	
834	1	G	9	N	2500	0	1	203	97	21	10	20	0	0	0	0	0	0	0	0	0	0	0	0	25261037	
835	1	G	9	N	2500	0	40	225	186	48	25	37	0	0	0	0	0	0	0	0	0	0	0	0	25261349	
836	1	G	9	N	2500	0	2	332	136	28	15	25	0	0	0	0	0	0	0	0	0	0	0	0	25261364	
837	1	G	9	N	2500	0	1	81	55	31	28	69	0	0	0	0	0	0	0	0	0	0	0	0	25261988	
838	1	A	10	N	2500	2	1	183	114	32	16	25	0	0	0	0	0	0	0	0	0	0	0	0	25286574	
839	1	A	10	N	2500	2	1	258	124	30	15	24	0	0	0	0	0	0	0	0	0	0	0	0	25289959	
840	1	B	10	N	2500	2	1	230	155	31	18	30	0	0	0	0	0	0	0	0	0	0	0	0	25300661	
841	1	B	10	N	2500	2	2	336	145	30	14	30	0	0	0	0	0	0	0	0	0	0	0	0	25301004	
842	1	B	10	N	2500	2	1	301	122	26	12	20	0	0	0	0	0	0	0	0	0	0	0	0	25301285	
843	1	B	10	N	2500	6	40	322	150	40	16	30	0	0	0	0	0	0	0	0	0	0	0	0	25302892	
844	1	B	10	N	2500	2	1	296	104	24	12	23	0	0	0	0	0	0	0	0	0	0	0	0	25304592	
845	1	C	10	N	2500	2	1	281	129	27	14	21	0	0	0	0	0	0	0	0	0	0	0	0	25313858	
846	1	C	10	N	2500	2	1	58	17	5	0	1	0	0	0	0	0	0	0	0	0	0	0	0	25314342	
847	1	C	10	N	2500	6	40	354	165	38	18	34	0	0	0	0	0	0	0	0	0	0	0	0	25318382	
848	1	C	10	N	2500	6	40	397	161	38	18	26	0	0	0	0	0	0	0	0	0	0	0	0	25320832	
849	1	C	10	N	2500	6	40	274	160	44	22	34	0	0	0	0	0	0	0	0	0	0	0	0	25320925	
850	1	D	10	N	2500	2	1	238	150	33	17	28	0	0	0	0	0	0	0	0	0	0	0	0	25329895	
851	1	D	10	N	2500	2	1	163	100	18	12	22	0	0	0	0	0	0	0	0	0	0	0	0	25329958	
852	1	D	10	N	2500	2	1	50	12	3	2	7	0	0	0	0	0	0	0	0	0	0	0	0	25331299	
853	1	D	10	N	2500	2	2	292	148	32	16	24	0	0	0	0	0	0	0	0	0	0	0	0	25333904	
854	1	E	10	N	2500	2	1	227	159	42	18	33	0	0	0	0	0	0	0	0	0	0	0	0	25343732	
855	1	E	10	N	2500	2	2	335	140	29	14	25	0	0	0	0	0	0	0	0	0	0	0	0	25344122	
856	1	E	10	N	2500	2	1	314	137	29	15	25	0	0	0	0	0	0	0	0	0	0	0	0	25344169	
857	1	E	10	N	2500	2	2	317	136	26	14	23	0	0	0	0	0	0	0	0	0	0	0	0	25346962	
858	1	F	10	N	2500	2	1	199	97	21	13	19	0	0	0	0	0	0	0	0	0	0	0	0	25358256	
859	1	F	10	N	2500	2	2	335	148	32	15	27	0	0	0	0	0	0	0	0	0	0	0	0	25359832	
860	1	F	10	N	2500	2	1	195	125	26	13	22	0	0	0	0	0	0	0	0	0	0	0	0	25359910	
861	1	F	10	N	2500	2	1	186	129	24	12	18	0	0	0	0	0	0	0	0	0	0	0	0	25359925	
862	1	F	10	N	2500	6	40	349	169	39	18	31	0	0	0	0	0	0	0	0	0	0	0	0	25360565	
863	1	F	10	N	2500	2	1	174	99	21	12	16	0	0	0	0	0	0	0	0	0	0	0	0	25361298	
864	1	F	10	N	2500	2	1	221	139	30	14	24	0	0	0	0	0	0	0	0	0	0	0	0	25361688	
865	1	F	10	N	2500	2	1	235	110	25	11	23	0	0	0	0	0	0	0	0	0	0	0	0	25361860	
866	1	F	10	N	2500	2	1	252	102	28	17	28	0	0	0	0	0	0	0	0	0	0	0	0	25362468	
867	1	G	10	N	2500	2	1	310	138	28	14	24	0	0	0	0	0	0	0	0	0	0	0	0	25372156	
868	1	G	10	N	2500	2	1	307	141	35	15	27	0	0	0	0	0	0	0	0	0	0	0	0	25372561	
869	1	G	10	N	2500	2	1	213	161	42	22	37	0	0	0	0	0	0	0	0	0	0	0	0	25373653	
870	1	G	10	N	2500	2	1	285	120	30	13	24	0	0	0	0	0	0	0	0	0	0	0	0	25374901	
871	1	G	10	N	2500	6	40	314	150	41	18	25	0	0	0	0	0	0	0	0	0	0	0	0	25375244	
872	1	G	10	N	2500	2	1	84	29	3	2	5	0	0	0	0	0	0	0	0	0	0	0	0	25376024	
873	1	G	10	N	2500	2	1	263	146	33	17	27	0	0	0	0	0	0	0	0	0	0	0	0	25376508	
874	1	G	10	N	2500	2	1	172	129	37	15	21	0	0	0	0	0	0	0	0	0	0	0	0	25378146	
875	1	H	10	N	2500	6	40	435	188	48	22	35	0	0	0	0	0	0	0	0	0	0	0	0	25392498	
876	1	B	11	N	2500	6	40	385	191	49	23	41	0	0	0	0	0	0	0	0	0	0	0	0	25419346	
877	1	B	11	N	2500	6	40	417	206	49	22	37	0	0	0	0	0	0	0	0	0	0	0	0	25419814	
878	1	B	11	N	2500	6	40	360	171	38	19	31	0	0	0	0	0	0	0	0	0	0	0	0	25420173	
879	1	B	11	N	2500	0	1	161	94	20	10	20	0	0	0	0	0	0	0	0	0	0	0	0	25422154	
880	1	B	11	N	2500	0	40	404	210	62	25	45	0	0	0	0	0	0	0	0	0	0	0	0	25422637	
881	1	B	11	N	2500	0	40	358	160	42	18	31	0	0	0	0	0	0	0	0	0	0	0	0	25423870	
882	1	C	11	N	2500	2	1	365	123	27	15	25	0	0	0	0	0	0	0	0	0	0	0	0	25433448	
883	1	C	11	N	2500	6	40	265	167	52	21	33	0	0	0	0	0	0	0	0	0	0	0	0	25437317	
884	1	D	11	N	2500	2	1	90	112	35	1	2	0	0	0	0	0	0	0	0	0	0	0	0	25447941	
885	1	D	11	N	2500	2	1	148	101	25	10	18	0	0	0	0	0	0	0	0	0	0	0	0	25448268	
886	1	D	11	N	2500	6	40	370	178	45	21	33	0	0	0	0	0	0	0	0	0	0	0	0	25448939	
887	1	D	11	N	2500	2	1	227	165	37	19	32	0	0	0	0	0	0	0	0	0	0	0	0	25451029	
888	1	D	11	N	2500	2	1	207	146	28	16	28	0	0	0	0	0	0	0	0	0	0	0	0	25451529	
889	1	E	11	N	2500	2	1	239	93	15	9	16	0	0	0	0	0	0	0	0	0	0	0	0	25460171	
890	1	E	11	N	2500	2	1	65	57	28	25	63	0	0	0	0	0	0	0	0	0	0	0	0	25462371	
891	1	E	11	N	2500	2	1	75	28	37	43	91	0	0	0	0	0	0	0	0	0	0	0	0	25462807	
892	1	E	11	N	2500	2	1	294	130	28	14	23	0	0	0	0	0	0	0	0	0	0	0	0	25466458	
893	1	E	11	N	2500	2	1	233	139	28	14	23	0	0	0	0	0	0	0	0	0	0	0	0	25466863	
894	1	E	11	N	2500	2	2	327	138	28	13	25	0	0	0	0	0	0	0	0	0	0	0	0	25466910	
895	1	F	11	N	2500	2	1	282	115	23	10	19	0	0	0	0	0	0	0	0	0	0	0	0	25477269	
896	1	F	11	N	2500	2	2	290	150	34	17	31	0	0	0	0	0	0	0	0	0	0	0	0	25477627	
897	1	F	11	N	2500	2	1	168	53	10	6	10	0	0	0	0	0	0	0	0	0	0	0	0	25478033	
898	1	F	11	N	2500	2	1	71	42	22	16	46	0	0	0	0	0	0	0	0	0	0	0	0	25479811	
899	1	F	11	N	2500	2	2	346	163	35	17	31	0	0	0	0	0	0	0	0	0	0	0	0	25480545	
900	1	F	11	N	2500	2	1	141	97	16	9	19	0	0	0	0	0	0	0	0	0	0	0	0	25481106	
901	1	F	11	N	2500	2	1	195	123	25	14	25	0	0	0	0	0	0	0	0	0	0	0	0	25481184	
902	1	F	11	N	2500	2	2	309	141	28	16	26	0	0	0	0	0	0	0	0	0	0	0	0	25481247	
903	1	F	11	N	2500	2	1	191	101	19	10	16	0	0	0	0	0	0	0	0	0	0	0	0	25481980	
904	1	G	11	N	2500	2	1	70	22	13	0	0	0	0	0	0	0	0	0	0	0	0	0	0	25491262	
905	1	G	11	N	2500	2	1	298	131	27	13	21	0	0	0	0	0	0	0	0	0	0	0	0	25491277	
906	1	G	11	N	2500	2	1	64	20	13	14	39	0	0	0	0	0	0	0	0	0	0	0	0	25491527	
907	1	G	11	N	2500	2	1	234	142	31	16	30	0	0	0	0	0	0	0	0	0	0	0	0	25492073	
908	1	G	11	N	2500	2	1	214	158	45	21	37	0	0	0	0	0	0	0	0	0	0	0	0	25493352	
909	1	G	11	N	2500	2	1	193	149	36	17	28	0	0	0	0	0	0	0	0	0	0	0	0	25494273	
910	1	G	11	N	2500	2	2	333	138	32	14	25	0	0	0	0	0	0	0	0	0	0	0	0	25495037	
911	1	G	11	N	2500	2	1	93	31	6	4	8	0	0	0	0	0	0	0	0	0	0	0	0	25496644	
912	1	G	11	N	2500	2	2	334	146	35	15	26	0	0	0	0	0	0	0	0	0	0	0	0	25496659	
913	1	G	11	N	2500	2	1	64	23	4	4	7	0	0	0	0	0	0	0	0	0	0	0	0	25496815	
914	1	G	11	N	2500	2	1	85	19	5	3	10	0	0	0	0	0	0	0	0	0	0	0	0	25497096	
915	1	G	11	N	2500	6	40	419	197	46	22	36	0	0	0	0	0	0	0	0	0	0	0	0	25497751	
