Id	Plate	Row	Column	Clog	Scan rate	Status sort	Status sel	TOF	EXT	Green	Yellow	Red	PH Ext	PW Ext	PC Ext	PH Green	PW Green	PCGreen	PH Yellow	PW Yellow	PCYellow	PH Red	PW Red	PCRed	Time Stamp	
0	1	A	1	N	2500	6	40	409	196	47	24	39	0	0	0	0	0	0	0	0	0	0	0	0	25556049	
1	1	A	1	N	2500	6	40	359	164	37	17	31	0	0	0	0	0	0	0	0	0	0	0	0	25557078	
2	1	A	1	N	2500	2	2	352	146	31	14	25	0	0	0	0	0	0	0	0	0	0	0	0	25557172	
3	1	A	1	N	2500	2	1	228	170	42	20	29	0	0	0	0	0	0	0	0	0	0	0	0	25557344	
4	1	A	1	N	2500	2	2	359	163	33	16	29	0	0	0	0	0	0	0	0	0	0	0	0	25557671	
5	1	A	1	N	2500	2	2	355	148	28	15	26	0	0	0	0	0	0	0	0	0	0	0	0	25558046	
6	1	A	1	N	2500	6	40	406	193	42	21	37	0	0	0	0	0	0	0	0	0	0	0	0	25558139	
7	1	A	1	N	2500	0	1	300	133	31	16	22	0	0	0	0	0	0	0	0	0	0	0	0	25558420	
8	1	A	1	N	2500	0	40	370	172	42	18	31	0	0	0	0	0	0	0	0	0	0	0	0	25559216	
9	1	A	1	N	2500	0	40	391	177	49	21	33	0	0	0	0	0	0	0	0	0	0	0	0	25559933	
10	1	A	1	N	2500	0	40	368	185	48	20	37	0	0	0	0	0	0	0	0	0	0	0	0	25560635	
11	1	A	1	N	2500	0	40	268	175	40	20	33	0	0	0	0	0	0	0	0	0	0	0	0	25560994	
12	1	A	1	N	2500	0	40	352	165	36	16	29	0	0	0	0	0	0	0	0	0	0	0	0	25561602	
13	1	A	1	N	2500	0	1	187	141	46	21	33	0	0	0	0	0	0	0	0	0	0	0	0	25562538	
14	1	B	1	N	2500	2	1	271	100	17	8	15	0	0	0	0	0	0	0	0	0	0	0	0	25570588	
15	1	B	1	N	2500	2	2	329	152	34	16	28	0	0	0	0	0	0	0	0	0	0	0	0	25572850	
16	1	B	1	N	2500	2	1	216	153	43	19	31	0	0	0	0	0	0	0	0	0	0	0	0	25572928	
17	1	B	1	N	2500	2	2	340	148	32	14	22	0	0	0	0	0	0	0	0	0	0	0	0	25572990	
18	1	B	1	N	2500	6	40	295	153	36	17	30	0	0	0	0	0	0	0	0	0	0	0	0	25573084	
19	1	B	1	N	2500	2	2	336	147	34	14	29	0	0	0	0	0	0	0	0	0	0	0	0	25573178	
20	1	B	1	N	2500	6	40	375	180	45	20	33	0	0	0	0	0	0	0	0	0	0	0	0	25573864	
21	1	B	1	N	2500	2	1	259	135	29	15	26	0	0	0	0	0	0	0	0	0	0	0	0	25574753	
22	1	B	1	N	2500	2	1	199	162	37	17	29	0	0	0	0	0	0	0	0	0	0	0	0	25575611	
23	1	C	1	N	2500	2	1	139	66	13	6	10	0	0	0	0	0	0	0	0	0	0	0	0	25587623	
24	1	C	1	N	2500	2	1	212	156	35	17	28	0	0	0	0	0	0	0	0	0	0	0	0	25587748	
25	1	C	1	N	2500	2	1	229	145	28	14	24	0	0	0	0	0	0	0	0	0	0	0	0	25588559	
26	1	C	1	N	2500	6	40	346	186	45	21	38	0	0	0	0	0	0	0	0	0	0	0	0	25588715	
27	1	C	1	N	2500	6	40	225	203	48	29	50	0	0	0	0	0	0	0	0	0	0	0	0	25589433	
28	1	C	1	N	2500	6	40	236	185	53	25	40	0	0	0	0	0	0	0	0	0	0	0	0	25590197	
29	1	C	1	N	2500	0	40	364	176	42	19	33	0	0	0	0	0	0	0	0	0	0	0	0	25590587	
30	1	C	1	N	2500	0	40	268	162	58	22	34	0	0	0	0	0	0	0	0	0	0	0	0	25590634	
31	1	C	1	N	2500	0	40	411	204	50	24	37	0	0	0	0	0	0	0	0	0	0	0	0	25590868	
32	1	D	1	N	2500	2	1	195	88	26	14	22	0	0	0	0	0	0	0	0	0	0	0	0	25598824	
33	1	D	1	N	2500	6	40	317	173	43	21	34	0	0	0	0	0	0	0	0	0	0	0	0	25599744	
34	1	D	1	N	2500	2	1	182	111	23	13	21	0	0	0	0	0	0	0	0	0	0	0	0	25601258	
35	1	D	1	N	2500	2	1	213	111	22	12	19	0	0	0	0	0	0	0	0	0	0	0	0	25601414	
36	1	D	1	N	2500	6	40	361	198	49	22	39	0	0	0	0	0	0	0	0	0	0	0	0	25603083	
37	1	D	1	N	2500	6	40	418	196	49	25	42	0	0	0	0	0	0	0	0	0	0	0	0	25603332	
38	1	D	1	N	2500	0	40	460	198	49	22	37	0	0	0	0	0	0	0	0	0	0	0	0	25603364	
39	1	D	1	N	2500	0	40	368	173	42	18	39	0	0	0	0	0	0	0	0	0	0	0	0	25603395	
40	1	D	1	N	2500	0	40	359	183	52	22	36	0	0	0	0	0	0	0	0	0	0	0	0	25603395	
41	1	D	1	N	2500	0	40	341	208	54	27	46	0	0	0	0	0	0	0	0	0	0	0	0	25603504	
42	1	D	1	N	2500	0	1	241	131	38	19	31	0	0	0	0	0	0	0	0	0	0	0	0	25604424	
43	1	D	1	N	2500	0	40	373	177	38	19	32	0	0	0	0	0	0	0	0	0	0	0	0	25604518	
44	1	D	1	N	2500	0	2	355	159	35	17	28	0	0	0	0	0	0	0	0	0	0	0	0	25604534	
45	1	E	1	N	2500	6	40	354	166	46	20	33	0	0	0	0	0	0	0	0	0	0	0	0	25613316	
46	1	E	1	N	2500	6	40	326	187	50	20	36	0	0	0	0	0	0	0	0	0	0	0	0	25613394	
47	1	E	1	N	2500	2	1	232	81	14	8	14	0	0	0	0	0	0	0	0	0	0	0	0	25614923	
48	1	E	1	N	2500	2	1	179	149	34	16	28	0	0	0	0	0	0	0	0	0	0	0	0	25615110	
49	1	E	1	N	2500	2	1	258	144	36	19	25	0	0	0	0	0	0	0	0	0	0	0	0	25616795	
50	1	E	1	N	2500	6	40	362	154	36	15	31	0	0	0	0	0	0	0	0	0	0	0	0	25617856	
51	1	E	1	N	2500	0	40	351	159	42	17	30	0	0	0	0	0	0	0	0	0	0	0	0	25618106	
52	1	E	1	N	2500	0	40	283	156	48	21	36	0	0	0	0	0	0	0	0	0	0	0	0	25618215	
53	1	E	1	N	2500	0	1	113	76	16	7	11	0	0	0	0	0	0	0	0	0	0	0	0	25618433	
54	1	E	1	N	2500	0	40	289	193	59	27	42	0	0	0	0	0	0	0	0	0	0	0	0	25618433	
55	1	E	1	N	2500	0	40	375	174	40	17	29	0	0	0	0	0	0	0	0	0	0	0	0	25620227	
56	1	E	1	N	2500	0	40	397	184	43	22	36	0	0	0	0	0	0	0	0	0	0	0	0	25620258	
57	1	F	1	N	2500	6	40	283	173	38	19	31	0	0	0	0	0	0	0	0	0	0	0	0	25630367	
58	1	F	1	N	2500	6	40	329	156	41	16	27	0	0	0	0	0	0	0	0	0	0	0	0	25632395	
59	1	F	1	N	2500	2	1	252	119	22	12	22	0	0	0	0	0	0	0	0	0	0	0	0	25633394	
60	1	F	1	N	2500	6	40	480	248	57	26	47	0	0	0	0	0	0	0	0	0	0	0	0	25634330	
61	1	G	1	N	2500	6	40	379	181	50	21	35	0	0	0	0	0	0	0	0	0	0	0	0	25644626	
62	1	G	1	N	2500	6	40	385	187	54	23	37	0	0	0	0	0	0	0	0	0	0	0	0	25646498	
63	1	G	1	N	2500	2	1	51	23	8	7	20	0	0	0	0	0	0	0	0	0	0	0	0	25646981	
64	1	G	1	N	2500	6	40	478	195	40	20	31	0	0	0	0	0	0	0	0	0	0	0	0	25647044	
65	1	G	1	N	2500	0	1	202	150	41	17	29	0	0	0	0	0	0	0	0	0	0	0	0	25647824	
66	1	G	1	N	2500	0	40	293	173	40	20	34	0	0	0	0	0	0	0	0	0	0	0	0	25648027	
67	1	G	1	N	2500	0	1	309	134	26	12	19	0	0	0	0	0	0	0	0	0	0	0	0	25648307	
68	1	G	1	N	2500	0	40	316	165	52	23	38	0	0	0	0	0	0	0	0	0	0	0	0	25648729	
69	1	A	2	N	2500	6	40	336	164	43	21	37	0	0	0	0	0	0	0	0	0	0	0	0	25672409	
70	1	A	2	N	2500	2	1	161	92	17	9	13	0	0	0	0	0	0	0	0	0	0	0	0	25672487	
71	1	A	2	N	2500	2	1	264	95	18	11	19	0	0	0	0	0	0	0	0	0	0	0	0	25672753	
72	1	A	2	N	2500	6	40	337	167	45	19	35	0	0	0	0	0	0	0	0	0	0	0	0	25674016	
73	1	A	2	N	2500	6	40	276	180	47	21	36	0	0	0	0	0	0	0	0	0	0	0	0	25674500	
74	1	A	2	N	2500	0	1	241	91	16	8	14	0	0	0	0	0	0	0	0	0	0	0	0	25674765	
75	1	A	2	N	2500	0	40	261	173	43	21	36	0	0	0	0	0	0	0	0	0	0	0	0	25675139	
76	1	A	2	N	2500	0	2	353	141	28	14	24	0	0	0	0	0	0	0	0	0	0	0	0	25675217	
77	1	A	2	N	2500	0	40	388	201	58	22	38	0	0	0	0	0	0	0	0	0	0	0	0	25675342	
78	1	A	2	N	2500	0	1	187	153	31	17	30	0	0	0	0	0	0	0	0	0	0	0	0	25675717	
79	1	A	2	N	2500	0	2	345	154	31	16	25	0	0	0	0	0	0	0	0	0	0	0	0	25675919	
80	1	A	2	N	2500	0	1	179	190	53	24	39	0	0	0	0	0	0	0	0	0	0	0	0	25676200	
81	1	B	2	N	2500	2	1	176	107	25	11	18	0	0	0	0	0	0	0	0	0	0	0	0	25685623	
82	1	B	2	N	2500	2	1	163	129	25	14	24	0	0	0	0	0	0	0	0	0	0	0	0	25685747	
83	1	B	2	N	2500	6	40	367	175	46	21	37	0	0	0	0	0	0	0	0	0	0	0	0	25687198	
84	1	B	2	N	2500	2	1	568	177	80	26	51	0	0	0	0	0	0	0	0	0	0	0	0	25688399	
85	1	B	2	N	2500	2	1	244	156	48	20	28	0	0	0	0	0	0	0	0	0	0	0	0	25688649	
86	1	B	2	N	2500	6	40	330	228	58	27	45	0	0	0	0	0	0	0	0	0	0	0	0	25689101	
87	1	B	2	N	2500	2	1	177	104	21	13	22	0	0	0	0	0	0	0	0	0	0	0	0	25689554	
88	1	B	2	N	2500	2	1	184	102	23	12	24	0	0	0	0	0	0	0	0	0	0	0	0	25690412	
89	1	B	2	N	2500	2	2	334	151	30	17	26	0	0	0	0	0	0	0	0	0	0	0	0	25690552	
90	1	B	2	N	2500	6	40	343	166	39	19	30	0	0	0	0	0	0	0	0	0	0	0	0	25691473	
91	1	C	2	N	2500	6	40	307	200	44	21	36	0	0	0	0	0	0	0	0	0	0	0	0	25700536	
92	1	C	2	N	2500	2	1	275	112	24	11	20	0	0	0	0	0	0	0	0	0	0	0	0	25701129	
93	1	C	2	N	2500	6	40	360	169	44	18	34	0	0	0	0	0	0	0	0	0	0	0	0	25701613	
94	1	C	2	N	2500	2	2	340	153	35	17	30	0	0	0	0	0	0	0	0	0	0	0	0	25701644	
95	1	C	2	N	2500	6	40	365	178	39	19	34	0	0	0	0	0	0	0	0	0	0	0	0	25702346	
96	1	C	2	N	2500	0	40	367	174	45	19	38	0	0	0	0	0	0	0	0	0	0	0	0	25702611	
97	1	C	2	N	2500	0	40	329	164	45	17	34	0	0	0	0	0	0	0	0	0	0	0	0	25702798	
98	1	C	2	N	2500	0	40	248	202	55	27	44	0	0	0	0	0	0	0	0	0	0	0	0	25703063	
99	1	C	2	N	2500	0	40	356	164	36	17	31	0	0	0	0	0	0	0	0	0	0	0	0	25703438	
100	1	C	2	N	2500	0	1	200	145	31	16	25	0	0	0	0	0	0	0	0	0	0	0	0	25703812	
101	1	C	2	N	2500	0	1	208	154	34	16	25	0	0	0	0	0	0	0	0	0	0	0	0	25703890	
102	1	C	2	N	2500	0	2	348	138	33	12	21	0	0	0	0	0	0	0	0	0	0	0	0	25706121	
103	1	C	2	N	2500	0	1	223	134	28	14	23	0	0	0	0	0	0	0	0	0	0	0	0	25706355	
104	1	C	2	N	2500	0	1	177	129	45	24	40	0	0	0	0	0	0	0	0	0	0	0	0	25706917	
105	1	D	2	N	2500	2	1	78	76	30	0	3	0	0	0	0	0	0	0	0	0	0	0	0	25714607	
106	1	D	2	N	2500	2	1	95	127	40	1	3	0	0	0	0	0	0	0	0	0	0	0	0	25715138	
107	1	D	2	N	2500	2	1	193	123	24	14	25	0	0	0	0	0	0	0	0	0	0	0	0	25716682	
108	1	D	2	N	2500	2	1	214	148	32	16	28	0	0	0	0	0	0	0	0	0	0	0	0	25717696	
109	1	D	2	N	2500	2	1	191	146	37	16	28	0	0	0	0	0	0	0	0	0	0	0	0	25717883	
110	1	D	2	N	2500	2	1	204	162	40	20	27	0	0	0	0	0	0	0	0	0	0	0	0	25719053	
111	1	D	2	N	2500	6	40	422	195	56	23	37	0	0	0	0	0	0	0	0	0	0	0	0	25719428	
112	1	E	2	N	2500	6	40	450	180	49	22	34	0	0	0	0	0	0	0	0	0	0	0	0	25729162	
113	1	E	2	N	2500	2	1	77	58	19	19	46	0	0	0	0	0	0	0	0	0	0	0	0	25729880	
114	1	E	2	N	2500	2	2	357	148	31	16	27	0	0	0	0	0	0	0	0	0	0	0	0	25730941	
115	1	E	2	N	2500	6	40	324	184	56	22	39	0	0	0	0	0	0	0	0	0	0	0	0	25731081	
116	1	E	2	N	2500	2	2	336	160	35	17	31	0	0	0	0	0	0	0	0	0	0	0	0	25731892	
117	1	E	2	N	2500	6	40	496	259	60	30	51	0	0	0	0	0	0	0	0	0	0	0	0	25733468	
118	1	E	2	N	2500	0	1	245	162	41	18	36	0	0	0	0	0	0	0	0	0	0	0	0	25734170	
119	1	E	2	N	2500	0	40	351	161	38	21	42	0	0	0	0	0	0	0	0	0	0	0	0	25734435	
120	1	E	2	N	2500	0	40	369	192	53	23	36	0	0	0	0	0	0	0	0	0	0	0	0	25734669	
121	1	E	2	N	2500	0	2	343	147	32	14	28	0	0	0	0	0	0	0	0	0	0	0	0	25735262	
122	1	F	2	N	2500	6	40	421	195	43	23	40	0	0	0	0	0	0	0	0	0	0	0	0	25744872	
123	1	F	2	N	2500	2	1	213	166	41	22	36	0	0	0	0	0	0	0	0	0	0	0	0	25745527	
124	1	F	2	N	2500	2	1	175	110	23	12	22	0	0	0	0	0	0	0	0	0	0	0	0	25745792	
125	1	F	2	N	2500	6	40	380	174	41	21	37	0	0	0	0	0	0	0	0	0	0	0	0	25746416	
126	1	F	2	N	2500	2	2	332	148	35	16	27	0	0	0	0	0	0	0	0	0	0	0	0	25748912	
127	1	F	2	N	2500	6	40	359	171	50	21	35	0	0	0	0	0	0	0	0	0	0	0	0	25749146	
128	1	G	2	N	2500	6	40	427	211	52	23	38	0	0	0	0	0	0	0	0	0	0	0	0	25757757	
129	1	G	2	N	2500	6	40	432	216	50	24	46	0	0	0	0	0	0	0	0	0	0	0	0	25759926	
130	1	G	2	N	2500	6	40	273	163	46	22	42	0	0	0	0	0	0	0	0	0	0	0	0	25760893	
131	1	G	2	N	2500	0	2	372	153	35	16	29	0	0	0	0	0	0	0	0	0	0	0	0	25761844	
132	1	G	2	N	2500	0	1	139	123	32	15	24	0	0	0	0	0	0	0	0	0	0	0	0	25761922	
133	1	G	2	N	2500	0	2	331	144	29	15	25	0	0	0	0	0	0	0	0	0	0	0	0	25762219	
134	1	G	2	N	2500	0	2	318	154	32	16	28	0	0	0	0	0	0	0	0	0	0	0	0	25762297	
135	1	G	2	N	2500	0	2	321	140	31	13	26	0	0	0	0	0	0	0	0	0	0	0	0	25762578	
136	1	G	2	N	2500	0	40	434	201	51	23	37	0	0	0	0	0	0	0	0	0	0	0	0	25762593	
137	1	G	2	N	2500	0	40	366	181	43	20	33	0	0	0	0	0	0	0	0	0	0	0	0	25763248	
138	1	G	2	N	2500	0	2	333	141	27	14	26	0	0	0	0	0	0	0	0	0	0	0	0	25763997	
139	1	H	2	N	2500	2	1	142	106	31	18	24	0	0	0	0	0	0	0	0	0	0	0	0	25771329	
140	1	H	2	N	2500	2	1	238	132	24	13	22	0	0	0	0	0	0	0	0	0	0	0	0	25774184	
141	1	A	3	N	2500	6	40	349	173	50	21	32	0	0	0	0	0	0	0	0	0	0	0	0	25786836	
142	1	A	3	N	2500	2	1	299	124	25	13	21	0	0	0	0	0	0	0	0	0	0	0	0	25786882	
143	1	A	3	N	2500	6	40	485	218	58	27	41	0	0	0	0	0	0	0	0	0	0	0	0	25787631	
144	1	A	3	N	2500	2	1	522	280	65	30	49	0	0	0	0	0	0	0	0	0	0	0	0	25788130	
145	1	A	3	N	2500	6	40	315	156	46	18	28	0	0	0	0	0	0	0	0	0	0	0	0	25788505	
146	1	A	3	N	2500	0	1	296	117	23	11	25	0	0	0	0	0	0	0	0	0	0	0	0	25789082	
147	1	A	3	N	2500	0	1	214	122	26	14	26	0	0	0	0	0	0	0	0	0	0	0	0	25789940	
148	1	A	3	N	2500	0	40	357	177	47	20	36	0	0	0	0	0	0	0	0	0	0	0	0	25790283	
149	1	A	3	N	2500	0	40	333	156	37	18	32	0	0	0	0	0	0	0	0	0	0	0	0	25790580	
150	1	A	3	N	2500	0	1	191	119	28	14	28	0	0	0	0	0	0	0	0	0	0	0	0	25791469	
151	1	A	3	N	2500	0	1	120	65	99	123	171	0	0	0	0	0	0	0	0	0	0	0	0	25792545	
152	1	A	3	N	2500	0	1	87	35	36	39	86	0	0	0	0	0	0	0	0	0	0	0	0	25792545	
153	1	A	3	N	2500	0	1	195	129	28	14	23	0	0	0	0	0	0	0	0	0	0	0	0	25792795	
154	1	A	3	N	2500	0	40	271	200	59	27	41	0	0	0	0	0	0	0	0	0	0	0	0	25792857	
155	1	A	3	N	2500	0	40	276	170	49	21	35	0	0	0	0	0	0	0	0	0	0	0	0	25792982	
156	1	A	3	N	2500	0	40	319	176	41	20	33	0	0	0	0	0	0	0	0	0	0	0	0	25793013	
157	1	A	3	N	2500	0	1	257	149	36	16	26	0	0	0	0	0	0	0	0	0	0	0	0	25793185	
158	1	B	3	N	2500	2	1	191	146	45	19	30	0	0	0	0	0	0	0	0	0	0	0	0	25802607	
159	1	B	3	N	2500	6	40	269	179	50	25	40	0	0	0	0	0	0	0	0	0	0	0	0	25803387	
160	1	B	3	N	2500	2	1	219	141	36	17	26	0	0	0	0	0	0	0	0	0	0	0	0	25803668	
161	1	B	3	N	2500	2	1	243	150	33	16	30	0	0	0	0	0	0	0	0	0	0	0	0	25804089	
162	1	B	3	N	2500	6	40	451	187	47	19	35	0	0	0	0	0	0	0	0	0	0	0	0	25804651	
163	1	B	3	N	2500	2	2	333	150	32	15	25	0	0	0	0	0	0	0	0	0	0	0	0	25805493	
164	1	B	3	N	2500	2	1	211	155	50	20	31	0	0	0	0	0	0	0	0	0	0	0	0	25806133	
165	1	B	3	N	2500	2	2	293	160	34	17	31	0	0	0	0	0	0	0	0	0	0	0	0	25806429	
166	1	B	3	N	2500	8	40	347	171	37	18	38	0	0	0	0	0	0	0	0	0	0	0	0	25806429	
167	1	B	3	N	2500	2	1	220	164	44	23	32	0	0	0	0	0	0	0	0	0	0	0	0	25806507	
168	1	B	3	N	2500	2	1	56	10	3	3	7	0	0	0	0	0	0	0	0	0	0	0	0	25807303	
169	1	B	3	N	2500	6	40	222	201	55	27	43	0	0	0	0	0	0	0	0	0	0	0	0	25807318	
170	1	C	3	N	2500	2	1	67	20	6	1	2	0	0	0	0	0	0	0	0	0	0	0	0	25815805	
171	1	C	3	N	2500	2	1	53	17	4	1	4	0	0	0	0	0	0	0	0	0	0	0	0	25816210	
172	1	C	3	N	2500	2	2	360	141	32	15	26	0	0	0	0	0	0	0	0	0	0	0	0	25816242	
173	1	C	3	N	2500	2	1	238	125	29	6	19	0	0	0	0	0	0	0	0	0	0	0	0	25816320	
174	1	C	3	N	2500	2	1	310	127	28	12	28	0	0	0	0	0	0	0	0	0	0	0	0	25816460	
175	1	C	3	N	2500	2	1	274	155	41	18	29	0	0	0	0	0	0	0	0	0	0	0	0	25816834	
176	1	C	3	N	2500	6	40	415	178	50	25	45	0	0	0	0	0	0	0	0	0	0	0	0	25817224	
177	1	C	3	N	2500	2	1	234	144	40	18	30	0	0	0	0	0	0	0	0	0	0	0	0	25817958	
178	1	C	3	N	2500	6	40	360	156	37	17	30	0	0	0	0	0	0	0	0	0	0	0	0	25818160	
179	1	C	3	N	2500	2	1	212	159	37	20	33	0	0	0	0	0	0	0	0	0	0	0	0	25818254	
180	1	C	3	N	2500	2	1	261	145	29	14	27	0	0	0	0	0	0	0	0	0	0	0	0	25818878	
181	1	C	3	N	2500	2	1	233	158	39	22	36	0	0	0	0	0	0	0	0	0	0	0	0	25819034	
182	1	C	3	N	2500	6	40	258	170	49	20	36	0	0	0	0	0	0	0	0	0	0	0	0	25820500	
183	1	C	3	N	2500	0	40	295	196	46	26	38	0	0	0	0	0	0	0	0	0	0	0	0	25821374	
184	1	C	3	N	2500	0	2	372	147	29	14	25	0	0	0	0	0	0	0	0	0	0	0	0	25821998	
185	1	C	3	N	2500	0	1	87	48	20	18	43	0	0	0	0	0	0	0	0	0	0	0	0	25822684	
186	1	D	3	N	2500	2	1	237	112	25	14	22	0	0	0	0	0	0	0	0	0	0	0	0	25829424	
187	1	D	3	N	2500	2	2	337	160	35	17	30	0	0	0	0	0	0	0	0	0	0	0	0	25831093	
188	1	D	3	N	2500	2	2	315	138	29	14	22	0	0	0	0	0	0	0	0	0	0	0	0	25831592	
189	1	D	3	N	2500	6	40	238	183	47	23	39	0	0	0	0	0	0	0	0	0	0	0	0	25832434	
190	1	D	3	N	2500	2	1	288	119	24	14	23	0	0	0	0	0	0	0	0	0	0	0	0	25834525	
191	1	D	3	N	2500	6	40	476	224	55	24	44	0	0	0	0	0	0	0	0	0	0	0	0	25835601	
192	1	D	3	N	2500	6	40	286	207	47	24	38	0	0	0	0	0	0	0	0	0	0	0	0	25835882	
193	1	E	3	N	2500	2	1	84	76	108	111	123	0	0	0	0	0	0	0	0	0	0	0	0	25844821	
194	1	E	3	N	2500	2	1	225	168	49	22	34	0	0	0	0	0	0	0	0	0	0	0	0	25846240	
195	1	E	3	N	2500	2	1	233	128	36	18	32	0	0	0	0	0	0	0	0	0	0	0	0	25847005	
196	1	E	3	N	2500	2	1	210	165	41	19	32	0	0	0	0	0	0	0	0	0	0	0	0	25847161	
197	1	E	3	N	2500	2	1	276	150	35	19	32	0	0	0	0	0	0	0	0	0	0	0	0	25848112	
198	1	E	3	N	2500	6	40	281	161	43	20	33	0	0	0	0	0	0	0	0	0	0	0	0	25849548	
199	1	E	3	N	2500	2	1	266	141	31	16	28	0	0	0	0	0	0	0	0	0	0	0	0	25849641	
200	1	F	3	N	2500	6	40	288	167	48	21	38	0	0	0	0	0	0	0	0	0	0	0	0	25858580	
201	1	F	3	N	2500	2	1	247	97	21	11	17	0	0	0	0	0	0	0	0	0	0	0	0	25858845	
202	1	F	3	N	2500	2	1	157	99	20	9	16	0	0	0	0	0	0	0	0	0	0	0	0	25860062	
203	1	F	3	N	2500	2	1	166	154	45	21	33	0	0	0	0	0	0	0	0	0	0	0	0	25860483	
204	1	F	3	N	2500	2	1	302	122	22	10	20	0	0	0	0	0	0	0	0	0	0	0	0	25861014	
205	1	F	3	N	2500	2	1	187	167	49	23	35	0	0	0	0	0	0	0	0	0	0	0	0	25861778	
206	1	F	3	N	2500	2	1	192	152	37	20	35	0	0	0	0	0	0	0	0	0	0	0	0	25861778	
207	1	F	3	N	2500	4	40	337	156	36	17	28	0	0	0	0	0	0	0	0	0	0	0	0	25862106	
208	1	F	3	N	2500	2	1	240	148	30	17	28	0	0	0	0	0	0	0	0	0	0	0	0	25862106	
209	1	F	3	N	2500	2	1	77	38	15	12	30	0	0	0	0	0	0	0	0	0	0	0	0	25862496	
210	1	F	3	N	2500	6	40	365	185	47	21	35	0	0	0	0	0	0	0	0	0	0	0	0	25862995	
211	1	F	3	N	2500	2	2	291	151	34	17	30	0	0	0	0	0	0	0	0	0	0	0	0	25863947	
212	1	F	3	N	2500	2	1	180	116	31	12	18	0	0	0	0	0	0	0	0	0	0	0	0	25864087	
213	1	F	3	N	2500	2	2	333	145	28	14	26	0	0	0	0	0	0	0	0	0	0	0	0	25864305	
214	1	F	3	N	2500	2	1	67	31	11	10	25	0	0	0	0	0	0	0	0	0	0	0	0	25864461	
215	1	F	3	N	2500	2	1	327	132	30	13	25	0	0	0	0	0	0	0	0	0	0	0	0	25864789	
216	1	F	3	N	2500	6	40	385	187	48	22	34	0	0	0	0	0	0	0	0	0	0	0	0	25865273	
217	1	F	3	N	2500	0	1	230	162	37	18	28	0	0	0	0	0	0	0	0	0	0	0	0	25865335	
218	1	F	3	N	2500	0	2	354	161	35	17	32	0	0	0	0	0	0	0	0	0	0	0	0	25865382	
219	1	F	3	N	2500	0	40	315	181	48	22	35	0	0	0	0	0	0	0	0	0	0	0	0	25865382	
220	1	F	3	N	2500	0	40	262	171	38	19	34	0	0	0	0	0	0	0	0	0	0	0	0	25865569	
221	1	F	3	N	2500	0	1	322	109	22	12	23	0	0	0	0	0	0	0	0	0	0	0	0	25865819	
222	1	G	3	N	2500	6	40	390	187	52	22	40	0	0	0	0	0	0	0	0	0	0	0	0	25872870	
223	1	G	3	N	2500	6	40	225	197	47	25	38	0	0	0	0	0	0	0	0	0	0	0	0	25873353	
224	1	G	3	N	2500	2	1	214	128	37	15	28	0	0	0	0	0	0	0	0	0	0	0	0	25873728	
225	1	G	3	N	2500	6	40	381	186	49	21	41	0	0	0	0	0	0	0	0	0	0	0	0	25873962	
226	1	G	3	N	2500	0	1	303	115	23	11	21	0	0	0	0	0	0	0	0	0	0	0	0	25874243	
227	1	G	3	N	2500	0	2	343	161	35	17	30	0	0	0	0	0	0	0	0	0	0	0	0	25874289	
228	1	G	3	N	2500	0	1	231	168	44	21	35	0	0	0	0	0	0	0	0	0	0	0	0	25874789	
229	1	G	3	N	2500	0	1	55	20	7	4	8	0	0	0	0	0	0	0	0	0	0	0	0	25874820	
230	1	G	3	N	2500	0	1	171	83	27	11	18	0	0	0	0	0	0	0	0	0	0	0	0	25875085	
231	1	G	3	N	2500	0	2	358	133	24	13	20	0	0	0	0	0	0	0	0	0	0	0	0	25875553	
232	1	G	3	N	2500	0	1	173	102	20	12	19	0	0	0	0	0	0	0	0	0	0	0	0	25875927	
233	1	G	3	N	2500	0	1	199	140	36	15	27	0	0	0	0	0	0	0	0	0	0	0	0	25876068	
234	1	G	3	N	2500	0	40	321	162	38	18	27	0	0	0	0	0	0	0	0	0	0	0	0	25876645	
235	1	G	3	N	2500	0	40	332	157	37	19	31	0	0	0	0	0	0	0	0	0	0	0	0	25876739	
236	1	G	3	N	2500	0	40	459	169	56	20	37	0	0	0	0	0	0	0	0	0	0	0	0	25877035	
237	1	G	3	N	2500	0	40	384	180	51	20	32	0	0	0	0	0	0	0	0	0	0	0	0	25877175	
238	1	G	3	N	2500	0	1	211	167	53	22	36	0	0	0	0	0	0	0	0	0	0	0	0	25877815	
239	1	G	3	N	2500	0	2	329	152	31	16	29	0	0	0	0	0	0	0	0	0	0	0	0	25877893	
240	1	G	3	N	2500	0	2	332	158	32	15	27	0	0	0	0	0	0	0	0	0	0	0	0	25877909	
241	1	G	3	N	2500	0	1	221	145	41	17	25	0	0	0	0	0	0	0	0	0	0	0	0	25877987	
242	1	G	3	N	2500	0	40	371	181	43	20	34	0	0	0	0	0	0	0	0	0	0	0	0	25879063	
243	1	G	3	N	2500	0	40	263	165	46	20	36	0	0	0	0	0	0	0	0	0	0	0	0	25879297	
244	1	G	3	N	2500	0	40	341	158	39	16	26	0	0	0	0	0	0	0	0	0	0	0	0	25879391	
245	1	G	3	N	2500	0	40	349	173	43	20	30	0	0	0	0	0	0	0	0	0	0	0	0	25879734	
246	1	G	3	N	2500	0	2	305	164	35	19	34	0	0	0	0	0	0	0	0	0	0	0	0	25879859	
247	1	G	3	N	2500	0	1	239	149	34	17	26	0	0	0	0	0	0	0	0	0	0	0	0	25880155	
248	1	A	4	N	2500	2	1	262	103	25	14	32	0	0	0	0	0	0	0	0	0	0	0	0	25904054	
249	1	A	4	N	2500	2	1	270	104	22	12	22	0	0	0	0	0	0	0	0	0	0	0	0	25905755	
250	1	A	4	N	2500	2	1	179	122	24	12	17	0	0	0	0	0	0	0	0	0	0	0	0	25907533	
251	1	B	4	N	2500	2	1	147	67	22	15	39	0	0	0	0	0	0	0	0	0	0	0	0	25918656	
252	1	B	4	N	2500	2	1	156	110	20	11	18	0	0	0	0	0	0	0	0	0	0	0	0	25918656	
253	1	B	4	N	2500	2	1	303	111	21	12	17	0	0	0	0	0	0	0	0	0	0	0	0	25920029	
254	1	D	4	N	2500	2	1	65	37	16	1	4	0	0	0	0	0	0	0	0	0	0	0	0	25951119	
255	1	E	4	N	2500	2	1	213	145	44	19	33	0	0	0	0	0	0	0	0	0	0	0	0	25961634	
256	1	E	4	N	2500	2	1	262	94	19	11	20	0	0	0	0	0	0	0	0	0	0	0	0	25963319	
257	1	E	4	N	2500	2	1	75	24	8	2	7	0	0	0	0	0	0	0	0	0	0	0	0	25964146	
258	1	F	4	N	2500	2	1	307	135	27	13	23	0	0	0	0	0	0	0	0	0	0	0	0	25976891	
259	1	F	4	N	2500	2	1	274	138	34	18	30	0	0	0	0	0	0	0	0	0	0	0	0	25978139	
260	1	F	4	N	2500	2	1	243	102	20	11	16	0	0	0	0	0	0	0	0	0	0	0	0	25979933	
261	1	F	4	N	2500	2	1	198	109	20	11	18	0	0	0	0	0	0	0	0	0	0	0	0	25981150	
262	1	F	4	N	2500	2	1	56	13	3	1	5	0	0	0	0	0	0	0	0	0	0	0	0	25983224	
263	1	G	4	N	2500	6	40	366	178	43	21	36	0	0	0	0	0	0	0	0	0	0	0	0	25992038	
264	1	G	4	N	2500	2	1	156	157	40	20	33	0	0	0	0	0	0	0	0	0	0	0	0	25995252	
265	1	H	4	N	2500	2	1	60	36	16	14	31	0	0	0	0	0	0	0	0	0	0	0	0	26009916	
266	1	A	5	N	2500	2	1	244	154	49	21	34	0	0	0	0	0	0	0	0	0	0	0	0	26021569	
267	1	A	5	N	2500	2	1	177	48	7	5	10	0	0	0	0	0	0	0	0	0	0	0	0	26021663	
268	1	A	5	N	2500	2	2	350	154	32	15	29	0	0	0	0	0	0	0	0	0	0	0	0	26023504	
269	1	A	5	N	2500	6	40	420	191	47	21	37	0	0	0	0	0	0	0	0	0	0	0	0	26024050	
270	1	A	5	N	2500	6	40	343	165	40	20	31	0	0	0	0	0	0	0	0	0	0	0	0	26025188	
271	1	A	5	N	2500	6	40	400	177	43	18	32	0	0	0	0	0	0	0	0	0	0	0	0	26026265	
272	1	B	5	N	2500	6	40	348	159	39	17	32	0	0	0	0	0	0	0	0	0	0	0	0	26034876	
273	1	B	5	N	2500	2	1	232	156	34	18	35	0	0	0	0	0	0	0	0	0	0	0	0	26036093	
274	1	B	5	N	2500	2	1	57	40	20	16	38	0	0	0	0	0	0	0	0	0	0	0	0	26036374	
275	1	B	5	N	2500	2	1	84	59	25	21	50	0	0	0	0	0	0	0	0	0	0	0	0	26037762	
276	1	B	5	N	2500	6	40	437	181	51	22	40	0	0	0	0	0	0	0	0	0	0	0	0	26040164	
277	1	B	5	N	2500	2	1	215	142	32	16	28	0	0	0	0	0	0	0	0	0	0	0	0	26040258	
278	1	C	5	N	2500	2	1	276	126	26	13	21	0	0	0	0	0	0	0	0	0	0	0	0	26049712	
279	1	C	5	N	2500	2	2	328	150	33	17	30	0	0	0	0	0	0	0	0	0	0	0	0	26049805	
280	1	C	5	N	2500	2	1	63	16	3	1	3	0	0	0	0	0	0	0	0	0	0	0	0	26050211	
281	1	C	5	N	2500	33	1	148	127	47	22	37	0	0	0	0	0	0	0	0	0	0	0	0	26050211	
282	1	C	5	N	2500	2	1	263	123	34	17	27	0	0	0	0	0	0	0	0	0	0	0	0	26051396	
283	1	C	5	N	2500	6	40	279	178	40	21	36	0	0	0	0	0	0	0	0	0	0	0	0	26052473	
284	1	C	5	N	2500	6	40	393	180	38	17	31	0	0	0	0	0	0	0	0	0	0	0	0	26053237	
285	1	C	5	N	2500	6	40	316	181	49	21	39	0	0	0	0	0	0	0	0	0	0	0	0	26053518	
286	1	C	5	N	2500	0	2	320	142	27	14	28	0	0	0	0	0	0	0	0	0	0	0	0	26055109	
287	1	C	5	N	2500	0	1	216	150	37	18	35	0	0	0	0	0	0	0	0	0	0	0	0	26055702	
288	1	D	5	N	2500	2	2	326	145	35	14	31	0	0	0	0	0	0	0	0	0	0	0	0	26068775	
289	1	D	5	N	2500	2	1	188	86	15	10	16	0	0	0	0	0	0	0	0	0	0	0	0	26070850	
290	1	E	5	N	2500	2	1	217	171	45	21	31	0	0	0	0	0	0	0	0	0	0	0	0	26080475	
291	1	E	5	N	2500	6	40	338	181	45	21	38	0	0	0	0	0	0	0	0	0	0	0	0	26081177	
292	1	E	5	N	2500	6	40	349	163	36	17	35	0	0	0	0	0	0	0	0	0	0	0	0	26081848	
293	1	F	5	N	2500	2	2	296	161	35	18	29	0	0	0	0	0	0	0	0	0	0	0	0	26095903	
294	1	F	5	N	2500	2	2	367	169	35	18	31	0	0	0	0	0	0	0	0	0	0	0	0	26096356	
295	1	F	5	N	2500	2	1	205	169	51	24	37	0	0	0	0	0	0	0	0	0	0	0	0	26096715	
296	1	F	5	N	2500	2	1	249	162	49	21	33	0	0	0	0	0	0	0	0	0	0	0	0	26097916	
297	1	F	5	N	2500	6	40	256	193	54	27	38	0	0	0	0	0	0	0	0	0	0	0	0	26098836	
298	1	F	5	N	2500	2	1	198	129	25	13	22	0	0	0	0	0	0	0	0	0	0	0	0	26098992	
299	1	F	5	N	2500	6	40	340	160	43	18	31	0	0	0	0	0	0	0	0	0	0	0	0	26099866	
300	1	G	5	N	2500	2	1	253	123	25	13	27	0	0	0	0	0	0	0	0	0	0	0	0	26109600	
301	1	G	5	N	2500	6	40	299	182	56	25	36	0	0	0	0	0	0	0	0	0	0	0	0	26109850	
302	1	G	5	N	2500	2	2	341	157	35	18	28	0	0	0	0	0	0	0	0	0	0	0	0	26111644	
303	1	A	6	N	2500	2	2	388	161	35	18	33	0	0	0	0	0	0	0	0	0	0	0	0	26137758	
304	1	A	6	N	2500	6	40	363	180	44	23	38	0	0	0	0	0	0	0	0	0	0	0	0	26138710	
305	1	A	6	N	2500	6	40	209	186	55	24	39	0	0	0	0	0	0	0	0	0	0	0	0	26138725	
306	1	A	6	N	2500	2	1	280	130	35	17	28	0	0	0	0	0	0	0	0	0	0	0	0	26138991	
307	1	A	6	N	2500	6	40	424	201	49	24	41	0	0	0	0	0	0	0	0	0	0	0	0	26139427	
308	1	A	6	N	2500	0	1	326	127	26	13	22	0	0	0	0	0	0	0	0	0	0	0	0	26140285	
309	1	A	6	N	2500	0	1	202	133	49	22	36	0	0	0	0	0	0	0	0	0	0	0	0	26141019	
310	1	A	6	N	2500	0	40	359	177	47	21	35	0	0	0	0	0	0	0	0	0	0	0	0	26141237	
311	1	A	6	N	2500	0	40	462	212	54	24	46	0	0	0	0	0	0	0	0	0	0	0	0	26141736	
312	1	A	6	N	2500	0	1	330	117	24	10	20	0	0	0	0	0	0	0	0	0	0	0	0	26141908	
313	1	A	6	N	2500	0	1	254	138	32	15	25	0	0	0	0	0	0	0	0	0	0	0	0	26142173	
314	1	A	6	N	2500	0	1	168	105	19	9	16	0	0	0	0	0	0	0	0	0	0	0	0	26142891	
315	1	A	6	N	2500	0	40	456	248	67	36	56	0	0	0	0	0	0	0	0	0	0	0	0	26142953	
316	1	A	6	N	2500	0	40	356	177	40	19	38	0	0	0	0	0	0	0	0	0	0	0	0	26143047	
317	1	A	6	N	2500	0	1	260	140	37	19	30	0	0	0	0	0	0	0	0	0	0	0	0	26144404	
318	1	B	6	N	2500	2	1	266	109	21	11	20	0	0	0	0	0	0	0	0	0	0	0	0	26152048	
319	1	B	6	N	2500	2	1	160	153	43	22	37	0	0	0	0	0	0	0	0	0	0	0	0	26153015	
320	1	B	6	N	2500	6	40	413	180	50	22	39	0	0	0	0	0	0	0	0	0	0	0	0	26153280	
321	1	B	6	N	2500	6	40	393	178	52	28	49	0	0	0	0	0	0	0	0	0	0	0	0	26153857	
322	1	B	6	N	2500	6	40	377	195	49	22	40	0	0	0	0	0	0	0	0	0	0	0	0	26154403	
323	1	B	6	N	2500	0	1	205	170	41	20	34	0	0	0	0	0	0	0	0	0	0	0	0	26154965	
324	1	B	6	N	2500	0	40	431	206	61	27	44	0	0	0	0	0	0	0	0	0	0	0	0	26155027	
325	1	B	6	N	2500	0	40	359	193	57	28	43	0	0	0	0	0	0	0	0	0	0	0	0	26155339	
326	1	B	6	N	2500	0	40	283	158	43	20	38	0	0	0	0	0	0	0	0	0	0	0	0	26155386	
327	1	B	6	N	2500	0	40	359	159	48	20	35	0	0	0	0	0	0	0	0	0	0	0	0	26155449	
328	1	B	6	N	2500	0	40	227	182	47	25	41	0	0	0	0	0	0	0	0	0	0	0	0	26156088	
329	1	B	6	N	2500	0	1	168	93	20	11	17	0	0	0	0	0	0	0	0	0	0	0	0	26156260	
330	1	B	6	N	2500	0	1	211	150	38	18	28	0	0	0	0	0	0	0	0	0	0	0	0	26156712	
331	1	B	6	N	2500	0	1	177	113	29	15	23	0	0	0	0	0	0	0	0	0	0	0	0	26156821	
332	1	B	6	N	2500	0	1	162	91	18	8	15	0	0	0	0	0	0	0	0	0	0	0	0	26157180	
333	1	B	6	N	2500	0	40	291	184	51	24	41	0	0	0	0	0	0	0	0	0	0	0	0	26157383	
334	1	B	6	N	2500	0	2	327	151	35	19	29	0	0	0	0	0	0	0	0	0	0	0	0	26157664	
335	1	B	6	N	2500	0	2	336	147	34	16	28	0	0	0	0	0	0	0	0	0	0	0	0	26157804	
336	1	B	6	N	2500	0	40	371	182	46	21	40	0	0	0	0	0	0	0	0	0	0	0	0	26157929	
337	1	B	6	N	2500	0	40	361	161	36	15	29	0	0	0	0	0	0	0	0	0	0	0	0	26158210	
338	1	B	6	N	2500	0	40	322	208	51	27	47	0	0	0	0	0	0	0	0	0	0	0	0	26158491	
339	1	B	6	N	2500	0	1	217	146	33	16	28	0	0	0	0	0	0	0	0	0	0	0	0	26159083	
340	1	C	6	N	2500	2	1	176	128	30	14	25	0	0	0	0	0	0	0	0	0	0	0	0	26166166	
341	1	C	6	N	2500	2	1	271	141	29	14	25	0	0	0	0	0	0	0	0	0	0	0	0	26166556	
342	1	C	6	N	2500	2	1	56	28	11	2	4	0	0	0	0	0	0	0	0	0	0	0	0	26167008	
343	1	C	6	N	2500	2	1	190	143	31	15	25	0	0	0	0	0	0	0	0	0	0	0	0	26167258	
344	1	C	6	N	2500	6	40	375	182	44	19	32	0	0	0	0	0	0	0	0	0	0	0	0	26167476	
345	1	C	6	N	2500	6	40	357	171	38	18	30	0	0	0	0	0	0	0	0	0	0	0	0	26169286	
346	1	C	6	N	2500	6	40	378	154	36	16	26	0	0	0	0	0	0	0	0	0	0	0	0	26169457	
347	1	C	6	N	2500	0	1	51	9	1	1	2	0	0	0	0	0	0	0	0	0	0	0	0	26170253	
348	1	C	6	N	2500	0	40	359	174	42	20	33	0	0	0	0	0	0	0	0	0	0	0	0	26171392	
349	1	C	6	N	2500	0	1	150	111	25	14	24	0	0	0	0	0	0	0	0	0	0	0	0	26171595	
350	1	D	6	N	2500	2	1	214	154	49	23	36	0	0	0	0	0	0	0	0	0	0	0	0	26181267	
351	1	D	6	N	2500	2	1	215	127	26	14	24	0	0	0	0	0	0	0	0	0	0	0	0	26181298	
352	1	D	6	N	2500	2	1	156	102	26	11	19	0	0	0	0	0	0	0	0	0	0	0	0	26181407	
353	1	D	6	N	2500	2	1	315	128	24	13	25	0	0	0	0	0	0	0	0	0	0	0	0	26181766	
354	1	D	6	N	2500	6	40	326	218	55	26	41	0	0	0	0	0	0	0	0	0	0	0	0	26182858	
355	1	D	6	N	2500	6	40	396	203	58	25	41	0	0	0	0	0	0	0	0	0	0	0	0	26182951	
356	1	D	6	N	2500	6	40	271	193	49	23	43	0	0	0	0	0	0	0	0	0	0	0	0	26183310	
357	1	D	6	N	2500	0	40	230	206	55	26	47	0	0	0	0	0	0	0	0	0	0	0	0	26183638	
358	1	D	6	N	2500	0	40	401	215	52	25	46	0	0	0	0	0	0	0	0	0	0	0	0	26184277	
359	1	D	6	N	2500	0	2	361	144	33	15	25	0	0	0	0	0	0	0	0	0	0	0	0	26184433	
360	1	D	6	N	2500	0	1	313	130	25	14	25	0	0	0	0	0	0	0	0	0	0	0	0	26184621	
361	1	D	6	N	2500	0	40	435	208	64	27	47	0	0	0	0	0	0	0	0	0	0	0	0	26184886	
362	1	D	6	N	2500	0	40	280	178	48	27	43	0	0	0	0	0	0	0	0	0	0	0	0	26184964	
363	1	D	6	N	2500	0	40	361	157	39	24	43	0	0	0	0	0	0	0	0	0	0	0	0	26184964	
364	1	D	6	N	2500	0	1	223	151	34	18	32	0	0	0	0	0	0	0	0	0	0	0	0	26185635	
365	1	D	6	N	2500	0	40	373	177	43	19	36	0	0	0	0	0	0	0	0	0	0	0	0	26186368	
366	1	D	6	N	2500	0	40	368	185	54	21	38	0	0	0	0	0	0	0	0	0	0	0	0	26186602	
367	1	D	6	N	2500	0	40	404	181	47	23	38	0	0	0	0	0	0	0	0	0	0	0	0	26186695	
368	1	E	6	N	2500	6	40	440	230	59	25	43	0	0	0	0	0	0	0	0	0	0	0	0	26197397	
369	1	E	6	N	2500	6	40	409	200	57	24	39	0	0	0	0	0	0	0	0	0	0	0	0	26197413	
370	1	E	6	N	2500	6	40	370	175	46	20	36	0	0	0	0	0	0	0	0	0	0	0	0	26197569	
371	1	E	6	N	2500	0	1	231	162	41	19	32	0	0	0	0	0	0	0	0	0	0	0	0	26197928	
372	1	E	6	N	2500	0	1	344	117	26	13	27	0	0	0	0	0	0	0	0	0	0	0	0	26198115	
373	1	E	6	N	2500	0	1	241	135	26	13	24	0	0	0	0	0	0	0	0	0	0	0	0	26198458	
374	1	E	6	N	2500	0	1	144	98	24	13	22	0	0	0	0	0	0	0	0	0	0	0	0	26198552	
375	1	E	6	N	2500	0	40	374	175	46	22	34	0	0	0	0	0	0	0	0	0	0	0	0	26199378	
376	1	E	6	N	2500	0	40	352	167	43	19	31	0	0	0	0	0	0	0	0	0	0	0	0	26199753	
377	1	E	6	N	2500	0	40	343	168	46	20	32	0	0	0	0	0	0	0	0	0	0	0	0	26199768	
378	1	E	6	N	2500	0	40	365	175	41	20	33	0	0	0	0	0	0	0	0	0	0	0	0	26199784	
379	1	E	6	N	2500	0	40	255	173	39	19	32	0	0	0	0	0	0	0	0	0	0	0	0	26200283	
380	1	E	6	N	2500	0	2	332	138	31	16	29	0	0	0	0	0	0	0	0	0	0	0	0	26200314	
381	1	E	6	N	2500	0	1	63	46	25	20	53	0	0	0	0	0	0	0	0	0	0	0	0	26200486	
382	1	E	6	N	2500	0	40	396	182	44	18	38	0	0	0	0	0	0	0	0	0	0	0	0	26200517	
383	1	E	6	N	2500	0	40	383	203	50	22	38	0	0	0	0	0	0	0	0	0	0	0	0	26200736	
384	1	E	6	N	2500	0	40	372	171	38	17	32	0	0	0	0	0	0	0	0	0	0	0	0	26201375	
385	1	E	6	N	2500	0	40	304	203	60	27	47	0	0	0	0	0	0	0	0	0	0	0	0	26201687	
386	1	E	6	N	2500	0	40	276	187	44	22	35	0	0	0	0	0	0	0	0	0	0	0	0	26201796	
387	1	F	6	N	2500	2	1	182	159	48	24	44	0	0	0	0	0	0	0	0	0	0	0	0	26209206	
388	1	F	6	N	2500	2	1	214	136	26	13	23	0	0	0	0	0	0	0	0	0	0	0	0	26210532	
389	1	F	6	N	2500	6	40	347	163	38	18	28	0	0	0	0	0	0	0	0	0	0	0	0	26210798	
390	1	F	6	N	2500	6	40	352	170	48	20	34	0	0	0	0	0	0	0	0	0	0	0	0	26211500	
391	1	F	6	N	2500	2	1	218	167	47	22	35	0	0	0	0	0	0	0	0	0	0	0	0	26211827	
392	1	F	6	N	2500	2	2	314	147	30	16	26	0	0	0	0	0	0	0	0	0	0	0	0	26211827	
393	1	F	6	N	2500	6	40	399	161	43	21	37	0	0	0	0	0	0	0	0	0	0	0	0	26212061	
394	1	F	6	N	2500	0	1	245	119	25	12	21	0	0	0	0	0	0	0	0	0	0	0	0	26212311	
395	1	F	6	N	2500	0	40	347	158	37	16	26	0	0	0	0	0	0	0	0	0	0	0	0	26212342	
396	1	F	6	N	2500	0	1	254	136	32	15	24	0	0	0	0	0	0	0	0	0	0	0	0	26212623	
397	1	F	6	N	2500	0	40	358	162	45	19	30	0	0	0	0	0	0	0	0	0	0	0	0	26212779	
398	1	F	6	N	2500	0	40	374	172	40	20	32	0	0	0	0	0	0	0	0	0	0	0	0	26212950	
399	1	F	6	N	2500	0	40	447	206	51	23	44	0	0	0	0	0	0	0	0	0	0	0	0	26213028	
400	1	F	6	N	2500	0	40	352	189	55	26	44	0	0	0	0	0	0	0	0	0	0	0	0	26213262	
401	1	F	6	N	2500	0	2	349	158	35	16	28	0	0	0	0	0	0	0	0	0	0	0	0	26213886	
402	1	F	6	N	2500	0	2	256	170	35	19	30	0	0	0	0	0	0	0	0	0	0	0	0	26214136	
403	1	F	6	N	2500	0	40	235	183	48	24	41	0	0	0	0	0	0	0	0	0	0	0	0	26214167	
404	1	F	6	N	2500	0	40	338	163	40	19	33	0	0	0	0	0	0	0	0	0	0	0	0	26214308	
405	1	F	6	N	2500	0	1	172	101	46	37	92	0	0	0	0	0	0	0	0	0	0	0	0	26214885	
406	1	F	6	N	2500	0	40	372	189	47	23	36	0	0	0	0	0	0	0	0	0	0	0	0	26214963	
407	1	G	6	N	2500	2	1	294	116	20	10	20	0	0	0	0	0	0	0	0	0	0	0	0	26223496	
408	1	G	6	N	2500	6	40	335	168	39	19	33	0	0	0	0	0	0	0	0	0	0	0	0	26223995	
409	1	G	6	N	2500	2	1	528	272	60	30	50	0	0	0	0	0	0	0	0	0	0	0	0	26224026	
410	1	G	6	N	2500	2	1	197	138	29	15	22	0	0	0	0	0	0	0	0	0	0	0	0	26224136	
411	1	G	6	N	2500	2	1	220	109	32	15	26	0	0	0	0	0	0	0	0	0	0	0	0	26224526	
412	1	G	6	N	2500	6	40	301	200	50	26	48	0	0	0	0	0	0	0	0	0	0	0	0	26225087	
413	1	G	6	N	2500	2	2	336	154	33	15	29	0	0	0	0	0	0	0	0	0	0	0	0	26225368	
414	1	G	6	N	2500	6	40	358	199	49	22	36	0	0	0	0	0	0	0	0	0	0	0	0	26225602	
415	1	G	6	N	2500	0	2	323	141	33	18	27	0	0	0	0	0	0	0	0	0	0	0	0	26226070	
416	1	G	6	N	2500	0	40	390	186	43	22	33	0	0	0	0	0	0	0	0	0	0	0	0	26226335	
417	1	G	6	N	2500	0	40	480	233	53	27	50	0	0	0	0	0	0	0	0	0	0	0	0	26226382	
418	1	G	6	N	2500	0	40	375	193	46	24	40	0	0	0	0	0	0	0	0	0	0	0	0	26226538	
419	1	G	6	N	2500	0	40	350	166	41	18	36	0	0	0	0	0	0	0	0	0	0	0	0	26226585	
420	1	G	6	N	2500	0	40	352	212	54	25	39	0	0	0	0	0	0	0	0	0	0	0	0	26226600	
421	1	G	6	N	2500	0	40	474	236	66	27	52	0	0	0	0	0	0	0	0	0	0	0	0	26226616	
422	1	G	6	N	2500	0	1	188	150	33	18	30	0	0	0	0	0	0	0	0	0	0	0	0	26226850	
423	1	G	6	N	2500	0	40	325	168	38	21	35	0	0	0	0	0	0	0	0	0	0	0	0	26227037	
424	1	G	6	N	2500	0	1	198	143	31	16	27	0	0	0	0	0	0	0	0	0	0	0	0	26227224	
425	1	G	6	N	2500	0	40	435	174	41	18	36	0	0	0	0	0	0	0	0	0	0	0	0	26227256	
426	1	G	6	N	2500	0	40	276	203	48	26	38	0	0	0	0	0	0	0	0	0	0	0	0	26227614	
427	1	G	6	N	2500	0	1	166	57	11	5	13	0	0	0	0	0	0	0	0	0	0	0	0	26228114	
428	1	G	6	N	2500	0	40	422	188	52	23	38	0	0	0	0	0	0	0	0	0	0	0	0	26228223	
429	1	G	6	N	2500	0	2	344	149	32	14	23	0	0	0	0	0	0	0	0	0	0	0	0	26228566	
430	1	G	6	N	2500	0	40	392	206	53	24	39	0	0	0	0	0	0	0	0	0	0	0	0	26229003	
431	1	G	6	N	2500	0	1	143	106	22	12	21	0	0	0	0	0	0	0	0	0	0	0	0	26229190	
432	1	G	6	N	2500	0	40	398	191	60	25	39	0	0	0	0	0	0	0	0	0	0	0	0	26229408	
433	1	G	6	N	2500	0	40	368	173	39	18	33	0	0	0	0	0	0	0	0	0	0	0	0	26229783	
434	1	G	6	N	2500	0	40	287	176	47	21	39	0	0	0	0	0	0	0	0	0	0	0	0	26229923	
435	1	H	6	N	2500	6	40	346	154	40	16	26	0	0	0	0	0	0	0	0	0	0	0	0	26238222	
436	1	A	7	N	2500	2	1	101	137	42	1	4	0	0	0	0	0	0	0	0	0	0	0	0	26253089	
437	1	A	7	N	2500	6	40	336	162	41	19	31	0	0	0	0	0	0	0	0	0	0	0	0	26253573	
438	1	A	7	N	2500	2	1	259	139	46	23	42	0	0	0	0	0	0	0	0	0	0	0	0	26253978	
439	1	A	7	N	2500	6	40	316	163	43	19	38	0	0	0	0	0	0	0	0	0	0	0	0	26254166	
440	1	A	7	N	2500	6	40	292	156	37	20	37	0	0	0	0	0	0	0	0	0	0	0	0	26254602	
441	1	A	7	N	2500	0	40	332	168	39	18	32	0	0	0	0	0	0	0	0	0	0	0	0	26255055	
442	1	A	7	N	2500	0	1	321	130	24	13	22	0	0	0	0	0	0	0	0	0	0	0	0	26255258	
443	1	A	7	N	2500	0	40	345	161	44	18	32	0	0	0	0	0	0	0	0	0	0	0	0	26255523	
444	1	A	7	N	2500	0	2	322	142	29	14	25	0	0	0	0	0	0	0	0	0	0	0	0	26255772	
445	1	A	7	N	2500	0	40	330	173	45	20	35	0	0	0	0	0	0	0	0	0	0	0	0	26255991	
446	1	A	7	N	2500	0	40	387	180	40	17	33	0	0	0	0	0	0	0	0	0	0	0	0	26256069	
447	1	A	7	N	2500	0	40	315	171	46	21	38	0	0	0	0	0	0	0	0	0	0	0	0	26256318	
448	1	A	7	N	2500	0	1	206	156	34	19	29	0	0	0	0	0	0	0	0	0	0	0	0	26256974	
449	1	A	7	N	2500	0	1	220	156	44	19	29	0	0	0	0	0	0	0	0	0	0	0	0	26256989	
450	1	A	7	N	2500	0	1	210	163	42	20	35	0	0	0	0	0	0	0	0	0	0	0	0	26257254	
451	1	A	7	N	2500	0	40	370	188	43	21	34	0	0	0	0	0	0	0	0	0	0	0	0	26257847	
452	1	A	7	N	2500	0	1	192	151	29	16	26	0	0	0	0	0	0	0	0	0	0	0	0	26257925	
453	1	A	7	N	2500	0	40	387	163	38	19	31	0	0	0	0	0	0	0	0	0	0	0	0	26258003	
454	1	A	7	N	2500	0	40	245	210	50	25	43	0	0	0	0	0	0	0	0	0	0	0	0	26258222	
455	1	A	7	N	2500	0	1	168	163	35	20	31	0	0	0	0	0	0	0	0	0	0	0	0	26258877	
456	1	A	7	N	2500	0	1	146	109	23	13	21	0	0	0	0	0	0	0	0	0	0	0	0	26259251	
457	1	A	7	N	2500	0	1	304	124	28	11	25	0	0	0	0	0	0	0	0	0	0	0	0	26259922	
458	1	B	7	N	2500	6	40	359	172	40	19	35	0	0	0	0	0	0	0	0	0	0	0	0	26268502	
459	1	B	7	N	2500	6	40	345	158	36	16	32	0	0	0	0	0	0	0	0	0	0	0	0	26268970	
460	1	B	7	N	2500	2	1	201	154	37	18	32	0	0	0	0	0	0	0	0	0	0	0	0	26269142	
461	1	B	7	N	2500	2	1	182	164	45	22	33	0	0	0	0	0	0	0	0	0	0	0	0	26269438	
462	1	B	7	N	2500	2	2	309	163	32	17	27	0	0	0	0	0	0	0	0	0	0	0	0	26269594	
463	1	B	7	N	2500	2	1	191	141	27	16	26	0	0	0	0	0	0	0	0	0	0	0	0	26270124	
464	1	B	7	N	2500	2	1	294	141	31	15	24	0	0	0	0	0	0	0	0	0	0	0	0	26270171	
465	1	B	7	N	2500	2	2	349	143	28	14	25	0	0	0	0	0	0	0	0	0	0	0	0	26270405	
466	1	B	7	N	2500	2	2	352	148	31	16	27	0	0	0	0	0	0	0	0	0	0	0	0	26270452	
467	1	B	7	N	2500	2	2	343	147	33	16	24	0	0	0	0	0	0	0	0	0	0	0	0	26270592	
468	1	B	7	N	2500	2	1	142	198	54	1	4	0	0	0	0	0	0	0	0	0	0	0	0	26270702	
469	1	B	7	N	2500	6	40	255	187	59	27	39	0	0	0	0	0	0	0	0	0	0	0	0	26270889	
470	1	B	7	N	2500	0	40	280	166	44	22	30	0	0	0	0	0	0	0	0	0	0	0	0	26271092	
471	1	B	7	N	2500	0	40	386	180	43	21	34	0	0	0	0	0	0	0	0	0	0	0	0	26271513	
472	1	B	7	N	2500	0	40	415	209	49	26	46	0	0	0	0	0	0	0	0	0	0	0	0	26271981	
473	1	B	7	N	2500	0	1	233	165	40	20	34	0	0	0	0	0	0	0	0	0	0	0	0	26272230	
474	1	B	7	N	2500	0	1	202	60	9	5	11	0	0	0	0	0	0	0	0	0	0	0	0	26272652	
475	1	B	7	N	2500	0	40	346	179	51	23	40	0	0	0	0	0	0	0	0	0	0	0	0	26273166	
476	1	B	7	N	2500	0	2	361	158	32	16	27	0	0	0	0	0	0	0	0	0	0	0	0	26273806	
477	1	B	7	N	2500	0	40	348	167	38	18	26	0	0	0	0	0	0	0	0	0	0	0	0	26273853	
478	1	B	7	N	2500	0	40	290	164	41	21	39	0	0	0	0	0	0	0	0	0	0	0	0	26273884	
479	1	B	7	N	2500	0	1	161	120	23	12	20	0	0	0	0	0	0	0	0	0	0	0	0	26274087	
480	1	C	7	N	2500	2	1	59	25	9	8	23	0	0	0	0	0	0	0	0	0	0	0	0	26281216	
481	1	C	7	N	2500	6	40	401	205	47	22	38	0	0	0	0	0	0	0	0	0	0	0	0	26283135	
482	1	C	7	N	2500	6	40	358	162	43	19	32	0	0	0	0	0	0	0	0	0	0	0	0	26283384	
483	1	C	7	N	2500	6	40	277	163	47	22	37	0	0	0	0	0	0	0	0	0	0	0	0	26284570	
484	1	C	7	N	2500	0	1	51	38	18	20	46	0	0	0	0	0	0	0	0	0	0	0	0	26284664	
485	1	C	7	N	2500	0	1	211	155	36	18	29	0	0	0	0	0	0	0	0	0	0	0	0	26284773	
486	1	C	7	N	2500	0	40	345	158	37	16	32	0	0	0	0	0	0	0	0	0	0	0	0	26284835	
487	1	C	7	N	2500	0	2	327	148	34	16	26	0	0	0	0	0	0	0	0	0	0	0	0	26284851	
488	1	C	7	N	2500	0	40	337	161	40	19	31	0	0	0	0	0	0	0	0	0	0	0	0	26284976	
489	1	C	7	N	2500	0	40	283	159	37	20	33	0	0	0	0	0	0	0	0	0	0	0	0	26285272	
490	1	C	7	N	2500	0	1	262	136	28	15	22	0	0	0	0	0	0	0	0	0	0	0	0	26285506	
491	1	C	7	N	2500	0	2	328	148	32	17	27	0	0	0	0	0	0	0	0	0	0	0	0	26285522	
492	1	C	7	N	2500	0	40	253	181	42	22	35	0	0	0	0	0	0	0	0	0	0	0	0	26286052	
493	1	C	7	N	2500	0	40	373	178	45	20	34	0	0	0	0	0	0	0	0	0	0	0	0	26286317	
494	1	C	7	N	2500	0	40	327	152	42	17	33	0	0	0	0	0	0	0	0	0	0	0	0	26288298	
495	1	C	7	N	2500	0	1	258	136	23	14	21	0	0	0	0	0	0	0	0	0	0	0	0	26288657	
496	1	D	7	N	2500	2	2	344	152	30	17	28	0	0	0	0	0	0	0	0	0	0	0	0	26295412	
497	1	D	7	N	2500	2	2	325	153	34	17	27	0	0	0	0	0	0	0	0	0	0	0	0	26296551	
498	1	D	7	N	2500	6	40	251	171	46	22	35	0	0	0	0	0	0	0	0	0	0	0	0	26297284	
499	1	D	7	N	2500	2	1	244	129	32	15	25	0	0	0	0	0	0	0	0	0	0	0	0	26297643	
500	1	D	7	N	2500	6	40	275	170	42	19	32	0	0	0	0	0	0	0	0	0	0	0	0	26298282	
501	1	D	7	N	2500	2	1	205	58	8	4	11	0	0	0	0	0	0	0	0	0	0	0	0	26298922	
502	1	D	7	N	2500	6	40	495	232	69	30	48	0	0	0	0	0	0	0	0	0	0	0	0	26299343	
503	1	D	7	N	2500	0	40	461	212	47	24	47	0	0	0	0	0	0	0	0	0	0	0	0	26299530	
504	1	D	7	N	2500	0	1	187	142	32	16	26	0	0	0	0	0	0	0	0	0	0	0	0	26299562	
505	1	D	7	N	2500	0	40	334	167	37	17	31	0	0	0	0	0	0	0	0	0	0	0	0	26300030	
506	1	D	7	N	2500	0	40	413	207	55	23	35	0	0	0	0	0	0	0	0	0	0	0	0	26300544	
507	1	D	7	N	2500	0	40	232	177	49	22	36	0	0	0	0	0	0	0	0	0	0	0	0	26301168	
508	1	D	7	N	2500	0	40	265	175	39	21	33	0	0	0	0	0	0	0	0	0	0	0	0	26301200	
509	1	D	7	N	2500	0	40	268	184	50	22	33	0	0	0	0	0	0	0	0	0	0	0	0	26301340	
510	1	D	7	N	2500	0	1	234	161	39	19	28	0	0	0	0	0	0	0	0	0	0	0	0	26301496	
511	1	E	7	N	2500	2	1	205	153	34	17	30	0	0	0	0	0	0	0	0	0	0	0	0	26310934	
512	1	E	7	N	2500	2	1	70	28	15	7	16	0	0	0	0	0	0	0	0	0	0	0	0	26311309	
513	1	E	7	N	2500	2	2	339	153	35	17	30	0	0	0	0	0	0	0	0	0	0	0	0	26312182	
514	1	E	7	N	2500	6	40	382	187	44	22	41	0	0	0	0	0	0	0	0	0	0	0	0	26313477	
515	1	E	7	N	2500	2	2	362	158	34	16	29	0	0	0	0	0	0	0	0	0	0	0	0	26313742	
516	1	E	7	N	2500	6	40	394	174	45	18	33	0	0	0	0	0	0	0	0	0	0	0	0	26314085	
517	1	E	7	N	2500	6	40	389	183	42	23	46	0	0	0	0	0	0	0	0	0	0	0	0	26315708	
518	1	E	7	N	2500	0	40	297	181	46	21	39	0	0	0	0	0	0	0	0	0	0	0	0	26316940	
519	1	F	7	N	2500	2	1	228	143	40	19	34	0	0	0	0	0	0	0	0	0	0	0	0	26325801	
520	1	F	7	N	2500	2	1	190	113	20	11	21	0	0	0	0	0	0	0	0	0	0	0	0	26326269	
521	1	F	7	N	2500	6	40	489	221	54	28	42	0	0	0	0	0	0	0	0	0	0	0	0	26326394	
522	1	F	7	N	2500	2	1	172	147	36	18	28	0	0	0	0	0	0	0	0	0	0	0	0	26327221	
523	1	F	7	N	2500	6	40	404	183	48	20	33	0	0	0	0	0	0	0	0	0	0	0	0	26327689	
524	1	F	7	N	2500	6	40	345	166	52	20	30	0	0	0	0	0	0	0	0	0	0	0	0	26327954	
525	1	F	7	N	2500	0	1	316	134	30	15	25	0	0	0	0	0	0	0	0	0	0	0	0	26328203	
526	1	F	7	N	2500	0	1	223	149	37	18	31	0	0	0	0	0	0	0	0	0	0	0	0	26328359	
527	1	F	7	N	2500	0	1	121	92	16	11	23	0	0	0	0	0	0	0	0	0	0	0	0	26329108	
528	1	F	7	N	2500	0	40	432	217	57	24	42	0	0	0	0	0	0	0	0	0	0	0	0	26329327	
529	1	F	7	N	2500	0	1	213	146	40	18	30	0	0	0	0	0	0	0	0	0	0	0	0	26329545	
530	1	F	7	N	2500	0	1	232	170	45	21	33	0	0	0	0	0	0	0	0	0	0	0	0	26329810	
531	1	G	7	N	2500	2	1	79	78	29	0	1	0	0	0	0	0	0	0	0	0	0	0	0	26337985	
532	1	G	7	N	2500	6	40	343	152	36	18	24	0	0	0	0	0	0	0	0	0	0	0	0	26338921	
533	1	G	7	N	2500	2	2	303	150	34	16	26	0	0	0	0	0	0	0	0	0	0	0	0	26341401	
534	1	G	7	N	2500	2	2	327	136	33	15	20	0	0	0	0	0	0	0	0	0	0	0	0	26341463	
535	1	G	7	N	2500	2	1	254	148	32	16	24	0	0	0	0	0	0	0	0	0	0	0	0	26341510	
536	1	G	7	N	2500	6	40	310	153	37	17	28	0	0	0	0	0	0	0	0	0	0	0	0	26341573	
537	1	G	7	N	2500	6	40	470	213	47	23	44	0	0	0	0	0	0	0	0	0	0	0	0	26342259	
538	1	G	7	N	2500	0	2	322	144	34	16	30	0	0	0	0	0	0	0	0	0	0	0	0	26342306	
539	1	G	7	N	2500	0	40	347	167	39	18	32	0	0	0	0	0	0	0	0	0	0	0	0	26342633	
540	1	G	7	N	2500	0	1	229	153	40	19	32	0	0	0	0	0	0	0	0	0	0	0	0	26342805	
541	1	G	7	N	2500	0	2	340	153	28	14	24	0	0	0	0	0	0	0	0	0	0	0	0	26343195	
542	1	G	7	N	2500	0	40	254	185	49	24	36	0	0	0	0	0	0	0	0	0	0	0	0	26343195	
543	1	G	7	N	2500	0	40	363	189	48	22	38	0	0	0	0	0	0	0	0	0	0	0	0	26343226	
544	1	G	7	N	2500	0	1	258	129	24	13	20	0	0	0	0	0	0	0	0	0	0	0	0	26343476	
545	1	G	7	N	2500	0	1	200	174	40	21	31	0	0	0	0	0	0	0	0	0	0	0	0	26343491	
546	1	G	7	N	2500	0	40	387	172	39	21	30	0	0	0	0	0	0	0	0	0	0	0	0	26343616	
547	1	G	7	N	2500	0	40	368	162	38	18	33	0	0	0	0	0	0	0	0	0	0	0	0	26343741	
548	1	G	7	N	2500	0	1	213	136	32	15	25	0	0	0	0	0	0	0	0	0	0	0	0	26343835	
549	1	G	7	N	2500	0	40	432	221	48	27	45	0	0	0	0	0	0	0	0	0	0	0	0	26344069	
550	1	G	7	N	2500	0	1	256	147	34	18	30	0	0	0	0	0	0	0	0	0	0	0	0	26344100	
551	1	G	7	N	2500	0	40	342	173	39	18	32	0	0	0	0	0	0	0	0	0	0	0	0	26344162	
552	1	G	7	N	2500	0	40	396	183	43	19	32	0	0	0	0	0	0	0	0	0	0	0	0	26344365	
553	1	G	7	N	2500	0	1	255	149	33	17	29	0	0	0	0	0	0	0	0	0	0	0	0	26345161	
554	1	G	7	N	2500	0	2	323	147	34	16	25	0	0	0	0	0	0	0	0	0	0	0	0	26345457	
555	1	H	7	N	2500	6	40	500	187	46	19	31	0	0	0	0	0	0	0	0	0	0	0	0	26356252	
556	1	H	7	N	2500	6	40	332	152	39	16	26	0	0	0	0	0	0	0	0	0	0	0	0	26359045	
557	1	A	8	N	2500	2	2	371	217	17	4	10	0	0	0	0	0	0	0	0	0	0	0	0	26369341	
558	1	A	8	N	2500	6	40	383	179	43	20	39	0	0	0	0	0	0	0	0	0	0	0	0	26370370	
559	1	A	8	N	2500	2	1	195	138	31	13	27	0	0	0	0	0	0	0	0	0	0	0	0	26372351	
560	1	A	8	N	2500	6	40	372	189	55	23	37	0	0	0	0	0	0	0	0	0	0	0	0	26372960	
561	1	B	8	N	2500	2	1	227	140	33	16	27	0	0	0	0	0	0	0	0	0	0	0	0	26383755	
562	1	B	8	N	2500	2	1	272	96	20	11	18	0	0	0	0	0	0	0	0	0	0	0	0	26386126	
563	1	C	8	N	2500	2	1	323	135	31	13	25	0	0	0	0	0	0	0	0	0	0	0	0	26397218	
564	1	C	8	N	2500	2	2	365	158	35	19	32	0	0	0	0	0	0	0	0	0	0	0	0	26401071	
565	1	C	8	N	2500	2	1	178	113	24	13	21	0	0	0	0	0	0	0	0	0	0	0	0	26403115	
566	1	C	8	N	2500	6	40	263	175	38	18	30	0	0	0	0	0	0	0	0	0	0	0	0	26403629	
567	1	C	8	N	2500	2	1	181	89	18	10	18	0	0	0	0	0	0	0	0	0	0	0	0	26403801	
568	1	D	8	N	2500	6	40	288	176	43	21	33	0	0	0	0	0	0	0	0	0	0	0	0	26414003	
569	1	D	8	N	2500	2	1	247	146	37	17	26	0	0	0	0	0	0	0	0	0	0	0	0	26414955	
570	1	D	8	N	2500	2	1	297	132	26	13	24	0	0	0	0	0	0	0	0	0	0	0	0	26416109	
571	1	D	8	N	2500	2	1	272	126	26	12	20	0	0	0	0	0	0	0	0	0	0	0	0	26418044	
572	1	F	8	N	2500	2	1	64	30	11	10	28	0	0	0	0	0	0	0	0	0	0	0	0	26448136	
573	1	G	8	N	2500	2	1	298	125	28	15	29	0	0	0	0	0	0	0	0	0	0	0	0	26459977	
574	1	G	8	N	2500	2	1	52	13	2	2	4	0	0	0	0	0	0	0	0	0	0	0	0	26462239	
575	1	G	8	N	2500	2	1	51	13	3	2	5	0	0	0	0	0	0	0	0	0	0	0	0	26462410	
576	1	H	8	N	2500	2	1	128	34	2	0	2	0	0	0	0	0	0	0	0	0	0	0	0	26477683	
577	1	A	9	N	2500	6	40	332	150	44	17	27	0	0	0	0	0	0	0	0	0	0	0	0	26489086	
578	1	A	9	N	2500	6	40	332	159	37	19	32	0	0	0	0	0	0	0	0	0	0	0	0	26489398	
579	1	A	9	N	2500	6	40	360	169	45	20	35	0	0	0	0	0	0	0	0	0	0	0	0	26489648	
580	1	A	9	N	2500	0	1	266	123	33	17	31	0	0	0	0	0	0	0	0	0	0	0	0	26490210	
581	1	B	9	N	2500	2	1	300	137	27	14	22	0	0	0	0	0	0	0	0	0	0	0	0	26502175	
582	1	B	9	N	2500	2	2	325	145	28	15	29	0	0	0	0	0	0	0	0	0	0	0	0	26503953	
583	1	B	9	N	2500	2	1	196	173	40	21	35	0	0	0	0	0	0	0	0	0	0	0	0	26504296	
584	1	B	9	N	2500	2	1	122	59	103	127	175	0	0	0	0	0	0	0	0	0	0	0	0	26504530	
585	1	B	9	N	2500	6	40	342	156	36	16	29	0	0	0	0	0	0	0	0	0	0	0	0	26504733	
586	1	B	9	N	2500	2	1	242	164	49	21	33	0	0	0	0	0	0	0	0	0	0	0	0	26505388	
587	1	C	9	N	2500	2	1	241	167	37	19	29	0	0	0	0	0	0	0	0	0	0	0	0	26519070	
588	1	C	9	N	2500	6	40	376	154	38	20	35	0	0	0	0	0	0	0	0	0	0	0	0	26519912	
589	1	D	9	N	2500	2	1	53	11	2	1	3	0	0	0	0	0	0	0	0	0	0	0	0	26530692	
590	1	D	9	N	2500	2	1	197	165	49	21	33	0	0	0	0	0	0	0	0	0	0	0	0	26533968	
591	1	E	9	N	2500	2	2	309	155	33	17	29	0	0	0	0	0	0	0	0	0	0	0	0	26544825	
592	1	E	9	N	2500	6	40	369	158	39	17	29	0	0	0	0	0	0	0	0	0	0	0	0	26545247	
593	1	E	9	N	2500	2	1	289	136	32	15	28	0	0	0	0	0	0	0	0	0	0	0	0	26548101	
594	1	E	9	N	2500	6	40	324	160	50	21	36	0	0	0	0	0	0	0	0	0	0	0	0	26548725	
595	1	F	9	N	2500	6	40	358	187	44	21	36	0	0	0	0	0	0	0	0	0	0	0	0	26560113	
596	1	F	9	N	2500	2	2	315	139	35	15	25	0	0	0	0	0	0	0	0	0	0	0	0	26560503	
597	1	F	9	N	2500	6	40	307	173	40	22	37	0	0	0	0	0	0	0	0	0	0	0	0	26562235	
598	1	F	9	N	2500	6	40	413	195	48	20	37	0	0	0	0	0	0	0	0	0	0	0	0	26562656	
599	1	F	9	N	2500	0	40	367	151	39	17	28	0	0	0	0	0	0	0	0	0	0	0	0	26563561	
600	1	F	9	N	2500	0	1	250	133	27	13	26	0	0	0	0	0	0	0	0	0	0	0	0	26564669	
601	1	F	9	N	2500	0	40	251	170	41	22	33	0	0	0	0	0	0	0	0	0	0	0	0	26564840	
602	1	F	9	N	2500	0	1	90	36	45	49	96	0	0	0	0	0	0	0	0	0	0	0	0	26564965	
603	1	F	9	N	2500	0	40	344	167	40	18	33	0	0	0	0	0	0	0	0	0	0	0	0	26564965	
604	1	G	9	N	2500	2	1	308	100	22	11	22	0	0	0	0	0	0	0	0	0	0	0	0	26574341	
605	1	G	9	N	2500	2	1	258	141	39	20	30	0	0	0	0	0	0	0	0	0	0	0	0	26575355	
606	1	G	9	N	2500	2	1	296	128	25	12	22	0	0	0	0	0	0	0	0	0	0	0	0	26576010	
607	1	G	9	N	2500	6	40	367	184	43	20	31	0	0	0	0	0	0	0	0	0	0	0	0	26576587	
608	1	G	9	N	2500	2	1	76	19	3	1	4	0	0	0	0	0	0	0	0	0	0	0	0	26577305	
609	1	G	9	N	2500	33	1	273	123	31	17	27	0	0	0	0	0	0	0	0	0	0	0	0	26577305	
610	1	G	9	N	2500	2	1	225	99	19	9	17	0	0	0	0	0	0	0	0	0	0	0	0	26577679	
611	1	G	9	N	2500	6	40	254	200	50	26	40	0	0	0	0	0	0	0	0	0	0	0	0	26578646	
612	1	G	9	N	2500	6	40	231	190	48	24	36	0	0	0	0	0	0	0	0	0	0	0	0	26579426	
613	1	G	9	N	2500	0	1	251	150	35	20	32	0	0	0	0	0	0	0	0	0	0	0	0	26579489	
614	1	G	9	N	2500	0	1	70	62	28	25	66	0	0	0	0	0	0	0	0	0	0	0	0	26579925	
615	1	G	9	N	2500	0	2	348	150	35	15	28	0	0	0	0	0	0	0	0	0	0	0	0	26580113	
616	1	G	9	N	2500	0	1	309	129	26	13	23	0	0	0	0	0	0	0	0	0	0	0	0	26580659	
617	1	G	9	N	2500	0	40	404	185	45	21	39	0	0	0	0	0	0	0	0	0	0	0	0	26580830	
618	1	A	10	N	2500	2	1	221	144	36	17	28	0	0	0	0	0	0	0	0	0	0	0	0	26604620	
619	1	A	10	N	2500	6	40	312	146	36	14	23	0	0	0	0	0	0	0	0	0	0	0	0	26604698	
620	1	A	10	N	2500	2	1	214	113	30	15	26	0	0	0	0	0	0	0	0	0	0	0	0	26605104	
621	1	A	10	N	2500	2	1	92	44	5	1	4	0	0	0	0	0	0	0	0	0	0	0	0	26607943	
622	1	A	10	N	2500	2	1	256	140	31	15	26	0	0	0	0	0	0	0	0	0	0	0	0	26609004	
623	1	B	10	N	2500	2	1	228	171	44	21	31	0	0	0	0	0	0	0	0	0	0	0	0	26619908	
624	1	B	10	N	2500	2	1	205	162	38	20	32	0	0	0	0	0	0	0	0	0	0	0	0	26620641	
625	1	B	10	N	2500	6	40	324	157	39	17	30	0	0	0	0	0	0	0	0	0	0	0	0	26620953	
626	1	B	10	N	2500	2	1	270	94	19	11	23	0	0	0	0	0	0	0	0	0	0	0	0	26622872	
627	1	B	10	N	2500	2	1	237	110	24	13	22	0	0	0	0	0	0	0	0	0	0	0	0	26623559	
628	1	B	10	N	2500	6	40	274	192	61	25	39	0	0	0	0	0	0	0	0	0	0	0	0	26624167	
629	1	B	10	N	2500	2	2	356	149	32	15	27	0	0	0	0	0	0	0	0	0	0	0	0	26625025	
630	1	C	10	N	2500	6	40	415	211	45	23	38	0	0	0	0	0	0	0	0	0	0	0	0	26634619	
631	1	C	10	N	2500	2	1	61	18	4	3	8	0	0	0	0	0	0	0	0	0	0	0	0	26634713	
632	1	C	10	N	2500	2	2	324	149	32	16	29	0	0	0	0	0	0	0	0	0	0	0	0	26636678	
633	1	C	10	N	2500	2	2	267	164	34	18	30	0	0	0	0	0	0	0	0	0	0	0	0	26637505	
634	1	D	10	N	2500	2	2	341	167	35	18	32	0	0	0	0	0	0	0	0	0	0	0	0	26647115	
635	1	D	10	N	2500	6	40	404	185	49	23	39	0	0	0	0	0	0	0	0	0	0	0	0	26647754	
636	1	D	10	N	2500	2	1	218	122	35	17	25	0	0	0	0	0	0	0	0	0	0	0	0	26650079	
637	1	D	10	N	2500	2	1	217	153	43	20	32	0	0	0	0	0	0	0	0	0	0	0	0	26652746	
638	1	E	10	N	2500	2	2	327	149	32	15	26	0	0	0	0	0	0	0	0	0	0	0	0	26664509	
639	1	E	10	N	2500	2	1	311	115	23	11	21	0	0	0	0	0	0	0	0	0	0	0	0	26668409	
640	1	E	10	N	2500	6	40	398	161	36	17	31	0	0	0	0	0	0	0	0	0	0	0	0	26668955	
641	1	F	10	N	2500	2	2	317	145	33	15	24	0	0	0	0	0	0	0	0	0	0	0	0	26676692	
642	1	F	10	N	2500	2	1	283	113	20	11	21	0	0	0	0	0	0	0	0	0	0	0	0	26676786	
643	1	F	10	N	2500	6	40	272	169	42	19	27	0	0	0	0	0	0	0	0	0	0	0	0	26679485	
644	1	F	10	N	2500	2	1	185	129	32	16	27	0	0	0	0	0	0	0	0	0	0	0	0	26679859	
645	1	F	10	N	2500	6	40	328	155	41	18	28	0	0	0	0	0	0	0	0	0	0	0	0	26681232	
646	1	F	10	N	2500	2	1	261	143	28	14	27	0	0	0	0	0	0	0	0	0	0	0	0	26682480	
647	1	G	10	N	2500	2	2	272	162	36	16	29	0	0	0	0	0	0	0	0	0	0	0	0	26692402	
648	1	G	10	N	2500	2	1	272	109	19	11	17	0	0	0	0	0	0	0	0	0	0	0	0	26692823	
649	1	G	10	N	2500	8	40	330	160	36	19	28	0	0	0	0	0	0	0	0	0	0	0	0	26692823	
650	1	G	10	N	2500	2	1	293	131	31	18	35	0	0	0	0	0	0	0	0	0	0	0	0	26693275	
651	1	G	10	N	2500	2	2	422	174	32	17	30	0	0	0	0	0	0	0	0	0	0	0	0	26694617	
652	1	G	10	N	2500	2	1	79	67	25	27	63	0	0	0	0	0	0	0	0	0	0	0	0	26696286	
653	1	G	10	N	2500	6	40	373	171	41	19	31	0	0	0	0	0	0	0	0	0	0	0	0	26696957	
654	1	G	10	N	2500	6	40	394	168	43	17	29	0	0	0	0	0	0	0	0	0	0	0	0	26697253	
655	1	G	10	N	2500	2	1	282	102	18	9	20	0	0	0	0	0	0	0	0	0	0	0	0	26698283	
656	1	A	11	N	2500	2	1	191	149	36	17	28	0	0	0	0	0	0	0	0	0	0	0	0	26721886	
657	1	A	11	N	2500	6	40	274	203	52	29	43	0	0	0	0	0	0	0	0	0	0	0	0	26723804	
658	1	A	11	N	2500	6	40	401	210	63	26	45	0	0	0	0	0	0	0	0	0	0	0	0	26724382	
659	1	A	11	N	2500	6	40	343	170	39	18	32	0	0	0	0	0	0	0	0	0	0	0	0	26724553	
660	1	A	11	N	2500	0	1	300	128	23	13	20	0	0	0	0	0	0	0	0	0	0	0	0	26725630	
661	1	A	11	N	2500	0	1	276	116	24	11	21	0	0	0	0	0	0	0	0	0	0	0	0	26725973	
662	1	A	11	N	2500	0	1	320	131	30	14	26	0	0	0	0	0	0	0	0	0	0	0	0	26726285	
663	1	A	11	N	2500	0	1	175	153	40	20	36	0	0	0	0	0	0	0	0	0	0	0	0	26727470	
664	1	A	11	N	2500	0	40	482	234	54	25	44	0	0	0	0	0	0	0	0	0	0	0	0	26727658	
665	1	A	11	N	2500	0	40	347	183	43	21	33	0	0	0	0	0	0	0	0	0	0	0	0	26728344	
666	1	A	11	N	2500	0	1	81	22	4	3	7	0	0	0	0	0	0	0	0	0	0	0	0	26728438	
667	1	B	11	N	2500	6	40	426	214	63	29	44	0	0	0	0	0	0	0	0	0	0	0	0	26737782	
668	1	B	11	N	2500	2	1	185	118	23	15	25	0	0	0	0	0	0	0	0	0	0	0	0	26737985	
669	1	B	11	N	2500	6	40	334	152	36	16	27	0	0	0	0	0	0	0	0	0	0	0	0	26738141	
670	1	B	11	N	2500	6	40	271	164	37	19	29	0	0	0	0	0	0	0	0	0	0	0	0	26738515	
671	1	B	11	N	2500	0	1	146	109	19	12	22	0	0	0	0	0	0	0	0	0	0	0	0	26738796	
672	1	B	11	N	2500	0	1	162	71	11	6	11	0	0	0	0	0	0	0	0	0	0	0	0	26740200	
673	1	B	11	N	2500	0	1	191	97	18	11	23	0	0	0	0	0	0	0	0	0	0	0	0	26741635	
674	1	B	11	N	2500	0	1	204	100	17	12	21	0	0	0	0	0	0	0	0	0	0	0	0	26741822	
675	1	C	11	N	2500	2	1	70	22	2	2	5	0	0	0	0	0	0	0	0	0	0	0	0	26750933	
676	1	C	11	N	2500	2	1	105	34	5	4	6	0	0	0	0	0	0	0	0	0	0	0	0	26751198	
677	1	C	11	N	2500	6	40	329	191	47	23	39	0	0	0	0	0	0	0	0	0	0	0	0	26752774	
678	1	C	11	N	2500	2	1	240	128	25	14	22	0	0	0	0	0	0	0	0	0	0	0	0	26753273	
679	1	C	11	N	2500	6	40	238	202	57	26	41	0	0	0	0	0	0	0	0	0	0	0	0	26753429	
680	1	C	11	N	2500	6	40	425	210	54	28	50	0	0	0	0	0	0	0	0	0	0	0	0	26754256	
681	1	C	11	N	2500	0	1	239	158	37	19	30	0	0	0	0	0	0	0	0	0	0	0	0	26754692	
682	1	C	11	N	2500	0	40	379	200	43	24	38	0	0	0	0	0	0	0	0	0	0	0	0	26756003	
683	1	C	11	N	2500	0	1	243	96	18	9	15	0	0	0	0	0	0	0	0	0	0	0	0	26757298	
684	1	C	11	N	2500	0	40	422	229	72	30	49	0	0	0	0	0	0	0	0	0	0	0	0	26757329	
685	1	D	11	N	2500	2	1	184	133	44	23	33	0	0	0	0	0	0	0	0	0	0	0	0	26764957	
686	1	D	11	N	2500	2	1	211	149	28	15	25	0	0	0	0	0	0	0	0	0	0	0	0	26767812	
687	1	E	11	N	2500	6	40	336	165	40	19	35	0	0	0	0	0	0	0	0	0	0	0	0	26779419	
688	1	E	11	N	2500	2	1	192	133	35	17	25	0	0	0	0	0	0	0	0	0	0	0	0	26780355	
689	1	E	11	N	2500	6	40	358	166	40	19	31	0	0	0	0	0	0	0	0	0	0	0	0	26785924	
690	1	F	11	N	2500	2	1	189	85	18	9	18	0	0	0	0	0	0	0	0	0	0	0	0	26794956	
691	1	F	11	N	2500	6	40	277	198	53	27	44	0	0	0	0	0	0	0	0	0	0	0	0	26797203	
692	1	F	11	N	2500	2	1	310	138	28	14	23	0	0	0	0	0	0	0	0	0	0	0	0	26797374	
693	1	F	11	N	2500	6	40	245	216	49	22	37	0	0	0	0	0	0	0	0	0	0	0	0	26797951	
694	1	F	11	N	2500	6	40	242	228	56	26	44	0	0	0	0	0	0	0	0	0	0	0	0	26798700	
695	1	F	11	N	2500	0	1	229	129	28	13	21	0	0	0	0	0	0	0	0	0	0	0	0	26799043	
696	1	F	11	N	2500	0	40	313	166	36	20	33	0	0	0	0	0	0	0	0	0	0	0	0	26801009	
697	1	G	11	N	2500	2	1	294	134	29	16	22	0	0	0	0	0	0	0	0	0	0	0	0	26810681	
698	1	G	11	N	2500	6	40	398	212	50	26	43	0	0	0	0	0	0	0	0	0	0	0	0	26811570	
699	1	G	11	N	2500	6	40	352	161	36	17	26	0	0	0	0	0	0	0	0	0	0	0	0	26811851	
700	1	G	11	N	2500	2	2	331	166	35	17	29	0	0	0	0	0	0	0	0	0	0	0	0	26811913	
701	1	G	11	N	2500	2	2	330	142	32	16	25	0	0	0	0	0	0	0	0	0	0	0	0	26812288	
702	1	G	11	N	2500	6	40	269	157	50	26	45	0	0	0	0	0	0	0	0	0	0	0	0	26812381	
703	1	G	11	N	2500	0	2	343	151	32	18	30	0	0	0	0	0	0	0	0	0	0	0	0	26812413	
704	1	G	11	N	2500	0	40	404	208	52	26	38	0	0	0	0	0	0	0	0	0	0	0	0	26812428	
705	1	G	11	N	2500	0	40	289	170	44	22	39	0	0	0	0	0	0	0	0	0	0	0	0	26812959	
706	1	G	11	N	2500	0	1	191	156	33	17	30	0	0	0	0	0	0	0	0	0	0	0	0	26813333	
707	1	G	11	N	2500	0	1	242	126	25	14	23	0	0	0	0	0	0	0	0	0	0	0	0	26813411	
708	1	G	11	N	2500	0	40	248	200	41	24	41	0	0	0	0	0	0	0	0	0	0	0	0	26813879	
709	1	G	11	N	2500	0	40	411	221	51	24	40	0	0	0	0	0	0	0	0	0	0	0	0	26814207	
710	1	G	11	N	2500	0	2	296	154	28	16	25	0	0	0	0	0	0	0	0	0	0	0	0	26815127	
711	1	G	11	N	2500	0	1	306	127	27	15	32	0	0	0	0	0	0	0	0	0	0	0	0	26815767	
712	1	G	11	N	2500	0	1	123	39	8	7	15	0	0	0	0	0	0	0	0	0	0	0	0	26816235	
713	1	H	11	N	2500	2	1	72	50	15	17	47	0	0	0	0	0	0	0	0	0	0	0	0	26827248	


Threshold source: EXT,  value 50
Min TOF = 50
EXT signal gain 1.6
Green signal gain 3.0
Yellow signal gain 3.0
Red signal gain 3.0
Green PMT voltage 700
Yellow PMT voltage 700
Red PMT voltage 900
Signal multipliers: 1.0,1.0,1.0,1.0
C:\Users\unionbio\Desktop\COPAS Templates\USE for L4 dispense_columns_KSE.csv