Id	Plate	Row	Column	Clog	Scan rate	Status sort	Status sel	TOF	EXT	Green	Yellow	Red	PH Ext	PW Ext	PC Ext	PH Green	PW Green	PCGreen	PH Yellow	PW Yellow	PCYellow	PH Red	PW Red	PCRed	Time Stamp	
0	1	A	1	N	2500	2	1	235	156	39	17	28	0	0	0	0	0	0	0	0	0	0	0	0	26893158	
1	1	A	1	N	2500	2	1	163	105	22	12	21	0	0	0	0	0	0	0	0	0	0	0	0	26894422	
2	1	A	1	N	2500	2	1	207	104	29	15	25	0	0	0	0	0	0	0	0	0	0	0	0	26894859	
3	1	A	1	N	2500	2	1	184	154	33	16	26	0	0	0	0	0	0	0	0	0	0	0	0	26895311	
4	1	A	1	N	2500	2	1	163	140	38	19	27	0	0	0	0	0	0	0	0	0	0	0	0	26896013	
5	1	A	1	N	2500	2	1	244	127	30	15	26	0	0	0	0	0	0	0	0	0	0	0	0	26896481	
6	1	A	1	N	2500	2	1	181	110	26	11	21	0	0	0	0	0	0	0	0	0	0	0	0	26896575	
7	1	A	1	N	2500	2	1	180	178	44	21	31	0	0	0	0	0	0	0	0	0	0	0	0	26898728	
8	1	B	1	N	2500	2	1	237	160	48	24	40	0	0	0	0	0	0	0	0	0	0	0	0	26906418	
9	1	B	1	N	2500	2	1	200	158	36	19	29	0	0	0	0	0	0	0	0	0	0	0	0	26908634	
10	1	B	1	N	2500	2	1	278	140	37	16	29	0	0	0	0	0	0	0	0	0	0	0	0	26908774	
11	1	B	1	N	2500	2	2	337	147	33	15	28	0	0	0	0	0	0	0	0	0	0	0	0	26908790	
12	1	B	1	N	2500	2	2	376	155	29	16	30	0	0	0	0	0	0	0	0	0	0	0	0	26908899	
13	1	B	1	N	2500	2	1	238	158	40	17	25	0	0	0	0	0	0	0	0	0	0	0	0	26909008	
14	1	B	1	N	2500	6	40	349	167	43	17	33	0	0	0	0	0	0	0	0	0	0	0	0	26912050	
15	1	B	1	N	2500	2	2	336	135	26	12	24	0	0	0	0	0	0	0	0	0	0	0	0	26912081	
16	1	C	1	N	2500	2	1	246	76	15	2	7	0	0	0	0	0	0	0	0	0	0	0	0	26921862	
17	1	C	1	N	2500	2	1	227	104	21	12	21	0	0	0	0	0	0	0	0	0	0	0	0	26924078	
18	1	C	1	N	2500	2	1	193	165	35	18	30	0	0	0	0	0	0	0	0	0	0	0	0	26924546	
19	1	C	1	N	2500	2	1	207	156	38	18	30	0	0	0	0	0	0	0	0	0	0	0	0	26924795	
20	1	C	1	N	2500	2	1	224	111	28	14	25	0	0	0	0	0	0	0	0	0	0	0	0	26924795	
21	1	C	1	N	2500	6	40	350	158	42	18	33	0	0	0	0	0	0	0	0	0	0	0	0	26925138	
22	1	C	1	N	2500	2	2	374	148	35	16	28	0	0	0	0	0	0	0	0	0	0	0	0	26925138	
23	1	C	1	N	2500	6	40	272	168	49	20	34	0	0	0	0	0	0	0	0	0	0	0	0	26925216	
24	1	C	1	N	2500	2	1	178	124	23	13	23	0	0	0	0	0	0	0	0	0	0	0	0	26925294	
25	1	C	1	N	2500	2	1	234	126	28	13	23	0	0	0	0	0	0	0	0	0	0	0	0	26925435	
26	1	C	1	N	2500	6	40	350	161	42	18	28	0	0	0	0	0	0	0	0	0	0	0	0	26925809	
27	1	C	1	N	2500	0	40	248	169	39	20	36	0	0	0	0	0	0	0	0	0	0	0	0	26926496	
28	1	C	1	N	2500	0	2	323	150	32	18	30	0	0	0	0	0	0	0	0	0	0	0	0	26926589	
29	1	C	1	N	2500	0	40	305	176	41	20	35	0	0	0	0	0	0	0	0	0	0	0	0	26926917	
30	1	C	1	N	2500	0	1	292	108	22	14	29	0	0	0	0	0	0	0	0	0	0	0	0	26927619	
31	1	C	1	N	2500	0	1	227	161	42	21	31	0	0	0	0	0	0	0	0	0	0	0	0	26928165	
32	1	D	1	N	2500	2	1	179	162	44	18	30	0	0	0	0	0	0	0	0	0	0	0	0	26935403	
33	1	D	1	N	2500	6	40	381	192	57	23	38	0	0	0	0	0	0	0	0	0	0	0	0	26936760	
34	1	D	1	N	2500	2	1	172	113	31	15	23	0	0	0	0	0	0	0	0	0	0	0	0	26937353	
35	1	D	1	N	2500	2	1	83	16	6	2	4	0	0	0	0	0	0	0	0	0	0	0	0	26937353	
36	1	D	1	N	2500	2	1	257	155	44	19	31	0	0	0	0	0	0	0	0	0	0	0	0	26937790	
37	1	D	1	N	2500	2	1	229	117	25	12	21	0	0	0	0	0	0	0	0	0	0	0	0	26937915	
38	1	D	1	N	2500	2	1	198	152	36	18	27	0	0	0	0	0	0	0	0	0	0	0	0	26938133	
39	1	D	1	N	2500	2	1	211	128	25	12	23	0	0	0	0	0	0	0	0	0	0	0	0	26938866	
40	1	D	1	N	2500	8	40	366	181	42	21	35	0	0	0	0	0	0	0	0	0	0	0	0	26938866	
41	1	D	1	N	2500	6	40	410	201	44	22	39	0	0	0	0	0	0	0	0	0	0	0	0	26940146	
42	1	D	1	N	2500	6	40	318	158	47	20	34	0	0	0	0	0	0	0	0	0	0	0	0	26940536	
43	1	D	1	N	2500	0	1	248	144	34	15	24	0	0	0	0	0	0	0	0	0	0	0	0	26941908	
44	1	E	1	N	2500	6	40	348	165	42	19	31	0	0	0	0	0	0	0	0	0	0	0	0	26950036	
45	1	E	1	N	2500	6	40	347	182	55	22	35	0	0	0	0	0	0	0	0	0	0	0	0	26950286	
46	1	E	1	N	2500	6	40	401	181	49	20	33	0	0	0	0	0	0	0	0	0	0	0	0	26951565	
47	1	E	1	N	2500	0	40	355	160	43	17	26	0	0	0	0	0	0	0	0	0	0	0	0	26951580	
48	1	E	1	N	2500	0	1	261	148	34	18	30	0	0	0	0	0	0	0	0	0	0	0	0	26951955	
49	1	E	1	N	2500	0	1	186	177	46	23	35	0	0	0	0	0	0	0	0	0	0	0	0	26952360	
50	1	E	1	N	2500	0	40	514	234	58	26	43	0	0	0	0	0	0	0	0	0	0	0	0	26952392	
51	1	E	1	N	2500	0	1	190	114	35	16	22	0	0	0	0	0	0	0	0	0	0	0	0	26952470	
52	1	E	1	N	2500	0	1	160	108	36	18	28	0	0	0	0	0	0	0	0	0	0	0	0	26952485	
53	1	E	1	N	2500	0	40	455	215	49	23	37	0	0	0	0	0	0	0	0	0	0	0	0	26952735	
54	1	E	1	N	2500	0	40	350	175	40	19	35	0	0	0	0	0	0	0	0	0	0	0	0	26952860	
55	1	E	1	N	2500	0	1	353	127	25	15	28	0	0	0	0	0	0	0	0	0	0	0	0	26953359	
56	1	E	1	N	2500	0	40	270	156	40	17	28	0	0	0	0	0	0	0	0	0	0	0	0	26954201	
57	1	E	1	N	2500	0	1	210	161	37	18	31	0	0	0	0	0	0	0	0	0	0	0	0	26954264	
58	1	E	1	N	2500	0	2	332	151	33	14	25	0	0	0	0	0	0	0	0	0	0	0	0	26954934	
59	1	E	1	N	2500	0	1	226	169	41	20	29	0	0	0	0	0	0	0	0	0	0	0	0	26956588	
60	1	E	1	N	2500	0	40	346	189	44	21	34	0	0	0	0	0	0	0	0	0	0	0	0	26956588	
61	1	F	1	N	2500	6	40	380	167	39	19	32	0	0	0	0	0	0	0	0	0	0	0	0	26966541	
62	1	F	1	N	2500	6	40	268	164	38	19	29	0	0	0	0	0	0	0	0	0	0	0	0	26966712	
63	1	F	1	N	2500	6	40	348	176	42	19	33	0	0	0	0	0	0	0	0	0	0	0	0	26967368	
64	1	F	1	N	2500	0	1	215	136	36	18	31	0	0	0	0	0	0	0	0	0	0	0	0	26968054	
65	1	F	1	N	2500	0	2	302	145	35	16	31	0	0	0	0	0	0	0	0	0	0	0	0	26969942	
66	1	F	1	N	2500	0	40	362	214	49	24	42	0	0	0	0	0	0	0	0	0	0	0	0	26970441	
67	1	G	1	N	2500	2	1	207	160	52	24	37	0	0	0	0	0	0	0	0	0	0	0	0	26977804	
68	1	G	1	N	2500	2	2	386	145	33	15	27	0	0	0	0	0	0	0	0	0	0	0	0	26979364	
69	1	G	1	N	2500	2	1	234	141	51	21	32	0	0	0	0	0	0	0	0	0	0	0	0	26979380	
70	1	G	1	N	2500	2	1	255	131	32	17	28	0	0	0	0	0	0	0	0	0	0	0	0	26980768	
71	1	G	1	N	2500	2	2	313	153	29	17	30	0	0	0	0	0	0	0	0	0	0	0	0	26980955	
72	1	G	1	N	2500	6	40	383	174	40	17	31	0	0	0	0	0	0	0	0	0	0	0	0	26981189	
73	1	G	1	N	2500	2	2	325	145	34	17	28	0	0	0	0	0	0	0	0	0	0	0	0	26981735	
74	1	G	1	N	2500	2	1	197	147	35	15	26	0	0	0	0	0	0	0	0	0	0	0	0	26984559	
75	1	H	1	N	2500	2	1	224	157	33	16	26	0	0	0	0	0	0	0	0	0	0	0	0	26992250	
76	1	H	1	N	2500	2	1	60	13	8	1	4	0	0	0	0	0	0	0	0	0	0	0	0	26999551	
77	1	A	2	N	2500	2	1	249	137	34	15	26	0	0	0	0	0	0	0	0	0	0	0	0	27009145	
78	1	A	2	N	2500	2	1	226	106	19	11	19	0	0	0	0	0	0	0	0	0	0	0	0	27011672	
79	1	B	2	N	2500	2	1	314	137	33	14	26	0	0	0	0	0	0	0	0	0	0	0	0	27023122	
80	1	B	2	N	2500	2	2	331	136	27	14	21	0	0	0	0	0	0	0	0	0	0	0	0	27027147	
81	1	B	2	N	2500	2	1	325	118	25	13	26	0	0	0	0	0	0	0	0	0	0	0	0	27027443	
82	1	B	2	N	2500	2	2	371	144	31	15	27	0	0	0	0	0	0	0	0	0	0	0	0	27027989	
83	1	B	2	N	2500	2	1	132	87	18	8	15	0	0	0	0	0	0	0	0	0	0	0	0	27029861	
84	1	C	2	N	2500	2	2	359	164	34	15	26	0	0	0	0	0	0	0	0	0	0	0	0	27037771	
85	1	C	2	N	2500	6	40	374	156	42	17	29	0	0	0	0	0	0	0	0	0	0	0	0	27038769	
86	1	C	2	N	2500	6	40	386	159	38	16	32	0	0	0	0	0	0	0	0	0	0	0	0	27039611	
87	1	C	2	N	2500	2	1	177	125	26	14	22	0	0	0	0	0	0	0	0	0	0	0	0	27039627	
88	1	C	2	N	2500	2	1	250	136	36	15	25	0	0	0	0	0	0	0	0	0	0	0	0	27039752	
89	1	C	2	N	2500	2	1	169	136	35	17	24	0	0	0	0	0	0	0	0	0	0	0	0	27040079	
90	1	C	2	N	2500	2	1	131	107	26	12	20	0	0	0	0	0	0	0	0	0	0	0	0	27043589	
91	1	C	2	N	2500	6	40	315	178	43	22	35	0	0	0	0	0	0	0	0	0	0	0	0	27044167	
92	1	D	2	N	2500	6	40	344	150	37	15	28	0	0	0	0	0	0	0	0	0	0	0	0	27052419	
93	1	D	2	N	2500	2	1	159	140	28	15	24	0	0	0	0	0	0	0	0	0	0	0	0	27057661	
94	1	D	2	N	2500	2	1	184	146	33	16	27	0	0	0	0	0	0	0	0	0	0	0	0	27058893	
95	1	E	2	N	2500	2	2	331	154	32	19	33	0	0	0	0	0	0	0	0	0	0	0	0	27066615	
96	1	E	2	N	2500	2	1	215	146	36	17	26	0	0	0	0	0	0	0	0	0	0	0	0	27067613	
97	1	E	2	N	2500	2	2	355	153	32	16	27	0	0	0	0	0	0	0	0	0	0	0	0	27068799	
98	1	E	2	N	2500	6	40	384	175	43	22	33	0	0	0	0	0	0	0	0	0	0	0	0	27070063	
99	1	E	2	N	2500	2	1	217	158	40	19	30	0	0	0	0	0	0	0	0	0	0	0	0	27070328	
100	1	E	2	N	2500	6	40	293	178	50	22	36	0	0	0	0	0	0	0	0	0	0	0	0	27070967	
101	1	E	2	N	2500	2	1	247	107	21	12	18	0	0	0	0	0	0	0	0	0	0	0	0	27071233	
102	1	E	2	N	2500	6	40	385	184	44	21	37	0	0	0	0	0	0	0	0	0	0	0	0	27072200	
103	1	F	2	N	2500	2	1	141	101	26	12	21	0	0	0	0	0	0	0	0	0	0	0	0	27080156	
104	1	F	2	N	2500	33	1	111	24	6	3	6	0	0	0	0	0	0	0	0	0	0	0	0	27080156	
105	1	F	2	N	2500	2	2	373	148	35	15	29	0	0	0	0	0	0	0	0	0	0	0	0	27081497	
106	1	F	2	N	2500	2	1	193	159	35	18	28	0	0	0	0	0	0	0	0	0	0	0	0	27082387	
107	1	F	2	N	2500	2	1	249	96	21	12	21	0	0	0	0	0	0	0	0	0	0	0	0	27082823	
108	1	F	2	N	2500	2	1	247	138	37	17	26	0	0	0	0	0	0	0	0	0	0	0	0	27083135	
109	1	G	2	N	2500	2	1	183	94	23	13	17	0	0	0	0	0	0	0	0	0	0	0	0	27095912	
110	1	G	2	N	2500	2	1	253	113	22	11	21	0	0	0	0	0	0	0	0	0	0	0	0	27096286	
111	1	G	2	N	2500	6	40	375	160	48	18	30	0	0	0	0	0	0	0	0	0	0	0	0	27097191	
112	1	G	2	N	2500	2	2	342	134	29	14	27	0	0	0	0	0	0	0	0	0	0	0	0	27097394	
113	1	G	2	N	2500	2	2	328	134	22	13	25	0	0	0	0	0	0	0	0	0	0	0	0	27098111	
114	1	G	2	N	2500	2	2	350	157	35	16	28	0	0	0	0	0	0	0	0	0	0	0	0	27098299	
115	1	G	2	N	2500	2	1	289	112	22	11	17	0	0	0	0	0	0	0	0	0	0	0	0	27098891	
116	1	G	2	N	2500	6	40	474	176	57	21	39	0	0	0	0	0	0	0	0	0	0	0	0	27099359	
117	1	G	2	N	2500	6	40	323	144	36	15	27	0	0	0	0	0	0	0	0	0	0	0	0	27100077	
118	1	G	2	N	2500	0	1	127	65	12	6	12	0	0	0	0	0	0	0	0	0	0	0	0	27101434	
119	1	G	2	N	2500	0	40	354	173	46	19	31	0	0	0	0	0	0	0	0	0	0	0	0	27101777	
120	1	G	2	N	2500	0	1	211	147	31	17	26	0	0	0	0	0	0	0	0	0	0	0	0	27101793	
121	1	H	2	N	2500	2	1	238	161	52	20	30	0	0	0	0	0	0	0	0	0	0	0	0	27115646	
122	1	B	3	N	2500	2	2	354	141	30	13	26	0	0	0	0	0	0	0	0	0	0	0	0	27141246	
123	1	B	3	N	2500	2	1	316	135	37	14	28	0	0	0	0	0	0	0	0	0	0	0	0	27141823	
124	1	B	3	N	2500	2	1	235	99	19	10	15	0	0	0	0	0	0	0	0	0	0	0	0	27141932	
125	1	B	3	N	2500	2	2	422	236	24	13	32	0	0	0	0	0	0	0	0	0	0	0	0	27142540	
126	1	B	3	N	2500	2	1	241	130	26	14	25	0	0	0	0	0	0	0	0	0	0	0	0	27144147	
127	1	B	3	N	2500	2	1	164	151	43	21	34	0	0	0	0	0	0	0	0	0	0	0	0	27144584	
128	1	C	3	N	2500	2	1	285	108	17	9	21	0	0	0	0	0	0	0	0	0	0	0	0	27153960	
129	1	C	3	N	2500	2	1	288	123	24	12	23	0	0	0	0	0	0	0	0	0	0	0	0	27153991	
130	1	C	3	N	2500	2	1	289	80	50	46	199	0	0	0	0	0	0	0	0	0	0	0	0	27156159	
131	1	C	3	N	2500	2	1	266	121	21	13	18	0	0	0	0	0	0	0	0	0	0	0	0	27157657	
132	1	D	3	N	2500	6	40	305	161	37	17	27	0	0	0	0	0	0	0	0	0	0	0	0	27169123	
133	1	D	3	N	2500	2	2	329	137	29	15	26	0	0	0	0	0	0	0	0	0	0	0	0	27172071	
134	1	D	3	N	2500	2	1	209	122	32	14	23	0	0	0	0	0	0	0	0	0	0	0	0	27172087	
135	1	D	3	N	2500	2	1	190	133	33	17	22	0	0	0	0	0	0	0	0	0	0	0	0	27172960	
136	1	D	3	N	2500	2	1	239	163	43	20	31	0	0	0	0	0	0	0	0	0	0	0	0	27173787	
137	1	D	3	N	2500	6	40	346	166	40	17	30	0	0	0	0	0	0	0	0	0	0	0	0	27174598	
138	1	D	3	N	2500	2	1	189	152	35	17	29	0	0	0	0	0	0	0	0	0	0	0	0	27175285	
139	1	D	3	N	2500	2	1	174	143	43	19	31	0	0	0	0	0	0	0	0	0	0	0	0	27175332	
140	1	E	3	N	2500	6	40	325	151	36	15	27	0	0	0	0	0	0	0	0	0	0	0	0	27186626	
141	1	E	3	N	2500	2	2	346	130	27	11	21	0	0	0	0	0	0	0	0	0	0	0	0	27186876	
142	1	E	3	N	2500	6	40	408	199	50	23	42	0	0	0	0	0	0	0	0	0	0	0	0	27187328	
143	1	E	3	N	2500	2	1	102	50	69	81	130	0	0	0	0	0	0	0	0	0	0	0	0	27187468	
144	1	E	3	N	2500	2	1	301	132	30	15	24	0	0	0	0	0	0	0	0	0	0	0	0	27187780	
145	1	E	3	N	2500	2	1	272	155	30	15	28	0	0	0	0	0	0	0	0	0	0	0	0	27187983	
146	1	E	3	N	2500	2	1	181	114	37	18	30	0	0	0	0	0	0	0	0	0	0	0	0	27188311	
147	1	E	3	N	2500	6	40	357	168	44	19	28	0	0	0	0	0	0	0	0	0	0	0	0	27188779	
148	1	E	3	N	2500	0	1	212	144	31	16	25	0	0	0	0	0	0	0	0	0	0	0	0	27189762	
149	1	E	3	N	2500	0	2	359	159	34	17	32	0	0	0	0	0	0	0	0	0	0	0	0	27190401	
150	1	E	3	N	2500	0	40	359	190	41	19	34	0	0	0	0	0	0	0	0	0	0	0	0	27190432	
151	1	F	3	N	2500	2	1	212	150	35	17	31	0	0	0	0	0	0	0	0	0	0	0	0	27197905	
152	1	F	3	N	2500	2	1	181	134	35	16	30	0	0	0	0	0	0	0	0	0	0	0	0	27199340	
153	1	F	3	N	2500	2	2	314	143	30	15	23	0	0	0	0	0	0	0	0	0	0	0	0	27199387	
154	1	F	3	N	2500	6	40	230	182	40	21	35	0	0	0	0	0	0	0	0	0	0	0	0	27199683	
155	1	F	3	N	2500	2	1	168	151	39	20	29	0	0	0	0	0	0	0	0	0	0	0	0	27200167	
156	1	F	3	N	2500	6	40	438	172	46	18	34	0	0	0	0	0	0	0	0	0	0	0	0	27200900	
157	1	F	3	N	2500	6	40	347	161	43	17	30	0	0	0	0	0	0	0	0	0	0	0	0	27202101	
158	1	F	3	N	2500	0	2	397	170	35	19	32	0	0	0	0	0	0	0	0	0	0	0	0	27202164	
159	1	F	3	N	2500	0	1	300	131	24	13	20	0	0	0	0	0	0	0	0	0	0	0	0	27202944	
160	1	F	3	N	2500	0	1	201	124	26	13	21	0	0	0	0	0	0	0	0	0	0	0	0	27203287	
161	1	G	3	N	2500	6	40	332	155	43	18	31	0	0	0	0	0	0	0	0	0	0	0	0	27211976	
162	1	G	3	N	2500	6	40	356	150	37	16	32	0	0	0	0	0	0	0	0	0	0	0	0	27213552	
163	1	G	3	N	2500	2	1	185	89	24	13	21	0	0	0	0	0	0	0	0	0	0	0	0	27213645	
164	1	G	3	N	2500	2	1	184	129	32	15	21	0	0	0	0	0	0	0	0	0	0	0	0	27213708	
165	1	G	3	N	2500	2	1	88	25	5	4	9	0	0	0	0	0	0	0	0	0	0	0	0	27214020	
166	1	G	3	N	2500	2	2	329	148	32	16	29	0	0	0	0	0	0	0	0	0	0	0	0	27214020	
167	1	G	3	N	2500	2	2	345	155	35	18	29	0	0	0	0	0	0	0	0	0	0	0	0	27214051	
168	1	G	3	N	2500	2	1	201	146	48	22	36	0	0	0	0	0	0	0	0	0	0	0	0	27214285	
169	1	G	3	N	2500	2	2	303	164	33	19	28	0	0	0	0	0	0	0	0	0	0	0	0	27215377	
170	1	G	3	N	2500	6	40	278	198	54	23	37	0	0	0	0	0	0	0	0	0	0	0	0	27216017	
171	1	G	3	N	2500	0	1	165	98	19	9	17	0	0	0	0	0	0	0	0	0	0	0	0	27216219	
172	1	G	3	N	2500	0	1	241	142	33	17	29	0	0	0	0	0	0	0	0	0	0	0	0	27216266	
173	1	G	3	N	2500	0	1	266	142	35	19	31	0	0	0	0	0	0	0	0	0	0	0	0	27216781	
174	1	G	3	N	2500	0	40	345	164	47	19	37	0	0	0	0	0	0	0	0	0	0	0	0	27216843	
175	1	G	3	N	2500	0	2	342	154	33	16	30	0	0	0	0	0	0	0	0	0	0	0	0	27217031	
176	1	G	3	N	2500	0	1	207	157	37	17	28	0	0	0	0	0	0	0	0	0	0	0	0	27217748	
177	1	G	3	N	2500	0	1	228	158	41	21	31	0	0	0	0	0	0	0	0	0	0	0	0	27217982	
178	1	A	4	N	2500	2	1	190	86	15	9	15	0	0	0	0	0	0	0	0	0	0	0	0	27241663	
179	1	A	4	N	2500	2	1	184	96	18	10	18	0	0	0	0	0	0	0	0	0	0	0	0	27244190	
180	1	B	4	N	2500	2	1	313	126	25	12	21	0	0	0	0	0	0	0	0	0	0	0	0	27257029	
181	1	B	4	N	2500	2	1	80	45	81	90	109	0	0	0	0	0	0	0	0	0	0	0	0	27257622	
182	1	B	4	N	2500	2	2	343	131	28	12	21	0	0	0	0	0	0	0	0	0	0	0	0	27260851	
183	1	F	4	N	2500	2	1	63	48	24	1	2	0	0	0	0	0	0	0	0	0	0	0	0	27316559	
184	1	F	4	N	2500	2	2	346	140	33	15	27	0	0	0	0	0	0	0	0	0	0	0	0	27318134	
185	1	F	4	N	2500	2	1	314	132	24	12	22	0	0	0	0	0	0	0	0	0	0	0	0	27321348	
186	1	G	4	N	2500	2	2	384	163	34	18	30	0	0	0	0	0	0	0	0	0	0	0	0	27330599	
187	1	G	4	N	2500	2	1	237	138	27	14	25	0	0	0	0	0	0	0	0	0	0	0	0	27333656	
188	1	G	4	N	2500	2	1	156	104	19	11	18	0	0	0	0	0	0	0	0	0	0	0	0	27334514	
189	1	A	5	N	2500	2	1	243	70	12	6	16	0	0	0	0	0	0	0	0	0	0	0	0	27360098	
190	1	A	5	N	2500	6	40	327	147	37	16	28	0	0	0	0	0	0	0	0	0	0	0	0	27360286	
191	1	A	5	N	2500	2	1	178	159	39	20	35	0	0	0	0	0	0	0	0	0	0	0	0	27362953	
192	1	A	5	N	2500	6	40	278	165	43	20	33	0	0	0	0	0	0	0	0	0	0	0	0	27363156	
193	1	A	5	N	2500	6	40	261	173	37	19	31	0	0	0	0	0	0	0	0	0	0	0	0	27363250	
194	1	A	5	N	2500	0	1	175	157	44	22	37	0	0	0	0	0	0	0	0	0	0	0	0	27364903	
195	1	A	5	N	2500	0	1	178	88	20	10	17	0	0	0	0	0	0	0	0	0	0	0	0	27366682	
196	1	B	5	N	2500	2	1	269	153	38	20	32	0	0	0	0	0	0	0	0	0	0	0	0	27375308	
197	1	B	5	N	2500	2	1	232	134	37	16	26	0	0	0	0	0	0	0	0	0	0	0	0	27376478	
198	1	B	5	N	2500	6	40	272	156	37	17	31	0	0	0	0	0	0	0	0	0	0	0	0	27376619	
199	1	B	5	N	2500	6	40	406	194	49	21	41	0	0	0	0	0	0	0	0	0	0	0	0	27376931	
200	1	B	5	N	2500	6	40	334	161	37	19	32	0	0	0	0	0	0	0	0	0	0	0	0	27377648	
201	1	B	5	N	2500	0	1	321	135	30	16	29	0	0	0	0	0	0	0	0	0	0	0	0	27378818	
202	1	B	5	N	2500	0	40	436	203	52	23	41	0	0	0	0	0	0	0	0	0	0	0	0	27379052	
203	1	B	5	N	2500	0	2	351	154	34	16	32	0	0	0	0	0	0	0	0	0	0	0	0	27379084	
204	1	B	5	N	2500	0	40	464	204	45	22	42	0	0	0	0	0	0	0	0	0	0	0	0	27379162	
205	1	B	5	N	2500	0	1	220	119	40	18	33	0	0	0	0	0	0	0	0	0	0	0	0	27379442	
206	1	B	5	N	2500	0	2	361	146	32	15	29	0	0	0	0	0	0	0	0	0	0	0	0	27379552	
207	1	B	5	N	2500	0	40	398	177	43	20	28	0	0	0	0	0	0	0	0	0	0	0	0	27380207	
208	1	C	5	N	2500	2	1	282	124	23	13	20	0	0	0	0	0	0	0	0	0	0	0	0	27388756	
209	1	C	5	N	2500	2	1	249	118	27	13	22	0	0	0	0	0	0	0	0	0	0	0	0	27388849	
210	1	C	5	N	2500	2	1	258	93	16	8	17	0	0	0	0	0	0	0	0	0	0	0	0	27389395	
211	1	C	5	N	2500	2	1	206	128	27	14	25	0	0	0	0	0	0	0	0	0	0	0	0	27390846	
212	1	C	5	N	2500	2	2	342	145	32	16	29	0	0	0	0	0	0	0	0	0	0	0	0	27391486	
213	1	C	5	N	2500	2	1	198	135	29	16	26	0	0	0	0	0	0	0	0	0	0	0	0	27392250	
214	1	C	5	N	2500	6	40	442	205	55	22	40	0	0	0	0	0	0	0	0	0	0	0	0	27392297	
215	1	C	5	N	2500	2	1	204	119	22	15	26	0	0	0	0	0	0	0	0	0	0	0	0	27392546	
216	1	C	5	N	2500	2	1	308	132	27	13	22	0	0	0	0	0	0	0	0	0	0	0	0	27392593	
217	1	C	5	N	2500	2	2	344	141	27	13	24	0	0	0	0	0	0	0	0	0	0	0	0	27392905	
218	1	C	5	N	2500	2	1	208	159	43	19	29	0	0	0	0	0	0	0	0	0	0	0	0	27392905	
219	1	C	5	N	2500	2	1	249	125	24	12	22	0	0	0	0	0	0	0	0	0	0	0	0	27393326	
220	1	C	5	N	2500	6	40	390	189	44	20	33	0	0	0	0	0	0	0	0	0	0	0	0	27393514	
221	1	C	5	N	2500	6	40	354	166	41	18	30	0	0	0	0	0	0	0	0	0	0	0	0	27393935	
222	1	C	5	N	2500	0	40	274	160	38	19	30	0	0	0	0	0	0	0	0	0	0	0	0	27395432	
223	1	D	5	N	2500	2	1	316	129	28	13	27	0	0	0	0	0	0	0	0	0	0	0	0	27403810	
224	1	D	5	N	2500	6	40	346	156	38	18	26	0	0	0	0	0	0	0	0	0	0	0	0	27404574	
225	1	D	5	N	2500	2	1	255	93	16	9	15	0	0	0	0	0	0	0	0	0	0	0	0	27407132	
226	1	D	5	N	2500	6	40	264	170	43	20	32	0	0	0	0	0	0	0	0	0	0	0	0	27407694	
227	1	D	5	N	2500	2	1	245	130	27	14	26	0	0	0	0	0	0	0	0	0	0	0	0	27407819	
228	1	D	5	N	2500	2	2	326	136	30	15	25	0	0	0	0	0	0	0	0	0	0	0	0	27407912	
229	1	D	5	N	2500	2	2	330	139	32	16	23	0	0	0	0	0	0	0	0	0	0	0	0	27408240	
230	1	D	5	N	2500	6	40	363	172	40	19	31	0	0	0	0	0	0	0	0	0	0	0	0	27409909	
231	1	E	5	N	2500	2	1	72	17	17	14	32	0	0	0	0	0	0	0	0	0	0	0	0	27418146	
232	1	E	5	N	2500	6	40	353	158	37	18	32	0	0	0	0	0	0	0	0	0	0	0	0	27419144	
233	1	E	5	N	2500	2	1	207	145	38	18	29	0	0	0	0	0	0	0	0	0	0	0	0	27420736	
234	1	E	5	N	2500	2	1	209	135	31	15	26	0	0	0	0	0	0	0	0	0	0	0	0	27421297	
235	1	E	5	N	2500	6	40	238	171	46	22	34	0	0	0	0	0	0	0	0	0	0	0	0	27422030	
236	1	E	5	N	2500	2	1	243	148	31	16	26	0	0	0	0	0	0	0	0	0	0	0	0	27422358	
237	1	E	5	N	2500	2	1	165	121	29	14	19	0	0	0	0	0	0	0	0	0	0	0	0	27422530	
238	1	F	5	N	2500	2	1	241	158	43	18	33	0	0	0	0	0	0	0	0	0	0	0	0	27433730	
239	1	F	5	N	2500	2	1	210	161	36	19	29	0	0	0	0	0	0	0	0	0	0	0	0	27434557	
240	1	F	5	N	2500	2	1	233	147	29	16	26	0	0	0	0	0	0	0	0	0	0	0	0	27435602	
241	1	F	5	N	2500	2	1	219	142	35	18	33	0	0	0	0	0	0	0	0	0	0	0	0	27437381	
242	1	F	5	N	2500	2	1	166	112	27	13	23	0	0	0	0	0	0	0	0	0	0	0	0	27437474	
243	1	F	5	N	2500	2	1	202	155	33	18	28	0	0	0	0	0	0	0	0	0	0	0	0	27437802	
244	1	F	5	N	2500	6	40	495	190	59	20	35	0	0	0	0	0	0	0	0	0	0	0	0	27438442	
245	1	F	5	N	2500	2	2	351	166	35	18	31	0	0	0	0	0	0	0	0	0	0	0	0	27438769	
246	1	G	5	N	2500	6	40	336	147	38	17	33	0	0	0	0	0	0	0	0	0	0	0	0	27447178	
247	1	G	5	N	2500	2	1	191	167	45	23	41	0	0	0	0	0	0	0	0	0	0	0	0	27447459	
248	1	G	5	N	2500	2	1	321	132	26	13	25	0	0	0	0	0	0	0	0	0	0	0	0	27447833	
249	1	G	5	N	2500	2	2	349	169	34	18	27	0	0	0	0	0	0	0	0	0	0	0	0	27449097	
250	1	G	5	N	2500	6	40	356	172	47	20	35	0	0	0	0	0	0	0	0	0	0	0	0	27449830	
251	1	G	5	N	2500	2	1	254	155	45	21	39	0	0	0	0	0	0	0	0	0	0	0	0	27450220	
252	1	G	5	N	2500	2	1	221	139	32	16	25	0	0	0	0	0	0	0	0	0	0	0	0	27450329	
253	1	G	5	N	2500	6	40	359	179	44	20	35	0	0	0	0	0	0	0	0	0	0	0	0	27450391	
254	1	G	5	N	2500	0	2	379	161	34	18	28	0	0	0	0	0	0	0	0	0	0	0	0	27451218	
255	1	G	5	N	2500	0	1	317	128	24	12	22	0	0	0	0	0	0	0	0	0	0	0	0	27451359	
256	1	G	5	N	2500	0	40	354	175	58	24	38	0	0	0	0	0	0	0	0	0	0	0	0	27451842	
257	1	G	5	N	2500	0	1	128	100	16	11	18	0	0	0	0	0	0	0	0	0	0	0	0	27452466	
258	1	A	6	N	2500	2	1	192	127	25	13	21	0	0	0	0	0	0	0	0	0	0	0	0	27476163	
259	1	A	6	N	2500	6	40	346	170	45	22	39	0	0	0	0	0	0	0	0	0	0	0	0	27476194	
260	1	A	6	N	2500	2	1	252	159	41	21	33	0	0	0	0	0	0	0	0	0	0	0	0	27476350	
261	1	A	6	N	2500	2	1	178	117	24	12	19	0	0	0	0	0	0	0	0	0	0	0	0	27477177	
262	1	A	6	N	2500	6	40	222	181	50	25	41	0	0	0	0	0	0	0	0	0	0	0	0	27477364	
263	1	A	6	N	2500	2	1	206	116	26	15	24	0	0	0	0	0	0	0	0	0	0	0	0	27478175	
264	1	A	6	N	2500	2	1	250	155	35	17	28	0	0	0	0	0	0	0	0	0	0	0	0	27478378	
265	1	A	6	N	2500	6	40	316	189	48	23	41	0	0	0	0	0	0	0	0	0	0	0	0	27478409	
266	1	A	6	N	2500	0	1	197	102	23	11	18	0	0	0	0	0	0	0	0	0	0	0	0	27478503	
267	1	A	6	N	2500	0	1	166	71	17	7	11	0	0	0	0	0	0	0	0	0	0	0	0	27478549	
268	1	A	6	N	2500	0	1	61	54	13	8	13	0	0	0	0	0	0	0	0	0	0	0	0	27478549	
269	1	A	6	N	2500	0	1	195	150	46	19	34	0	0	0	0	0	0	0	0	0	0	0	0	27478674	
270	1	A	6	N	2500	0	40	329	185	52	24	46	0	0	0	0	0	0	0	0	0	0	0	0	27478877	
271	1	A	6	N	2500	0	1	313	134	27	12	26	0	0	0	0	0	0	0	0	0	0	0	0	27479111	
272	1	A	6	N	2500	0	40	430	213	59	24	41	0	0	0	0	0	0	0	0	0	0	0	0	27479532	
273	1	A	6	N	2500	0	1	269	148	33	18	32	0	0	0	0	0	0	0	0	0	0	0	0	27479548	
274	1	A	6	N	2500	0	1	216	148	30	18	29	0	0	0	0	0	0	0	0	0	0	0	0	27479719	
275	1	A	6	N	2500	0	1	236	126	27	12	25	0	0	0	0	0	0	0	0	0	0	0	0	27479844	
276	1	A	6	N	2500	0	40	374	176	48	20	39	0	0	0	0	0	0	0	0	0	0	0	0	27479891	
277	1	A	6	N	2500	0	1	258	102	20	10	18	0	0	0	0	0	0	0	0	0	0	0	0	27479907	
278	1	A	6	N	2500	0	1	178	145	43	23	37	0	0	0	0	0	0	0	0	0	0	0	0	27479922	
279	1	A	6	N	2500	0	1	296	132	28	15	27	0	0	0	0	0	0	0	0	0	0	0	0	27480094	
280	1	A	6	N	2500	0	2	288	163	35	18	30	0	0	0	0	0	0	0	0	0	0	0	0	27480125	
281	1	A	6	N	2500	0	2	327	147	33	17	28	0	0	0	0	0	0	0	0	0	0	0	0	27480141	
282	1	A	6	N	2500	0	1	135	126	24	13	24	0	0	0	0	0	0	0	0	0	0	0	0	27480577	
283	1	A	6	N	2500	0	40	301	153	37	18	38	0	0	0	0	0	0	0	0	0	0	0	0	27480593	
284	1	A	6	N	2500	0	40	383	182	45	21	37	0	0	0	0	0	0	0	0	0	0	0	0	27480718	
285	1	A	6	N	2500	0	1	194	167	40	23	33	0	0	0	0	0	0	0	0	0	0	0	0	27480765	
286	1	A	6	N	2500	0	40	313	186	47	22	37	0	0	0	0	0	0	0	0	0	0	0	0	27480796	
287	1	A	6	N	2500	0	1	163	90	19	10	18	0	0	0	0	0	0	0	0	0	0	0	0	27480796	
288	1	A	6	N	2500	0	1	250	147	36	18	27	0	0	0	0	0	0	0	0	0	0	0	0	27480843	
289	1	A	6	N	2500	0	1	365	127	24	12	21	0	0	0	0	0	0	0	0	0	0	0	0	27480905	
290	1	A	6	N	2500	0	2	326	151	32	15	28	0	0	0	0	0	0	0	0	0	0	0	0	27480952	
291	1	A	6	N	2500	0	40	308	176	45	24	40	0	0	0	0	0	0	0	0	0	0	0	0	27481014	
292	1	A	6	N	2500	0	40	341	170	41	20	37	0	0	0	0	0	0	0	0	0	0	0	0	27481342	
293	1	A	6	N	2500	0	2	337	141	28	15	23	0	0	0	0	0	0	0	0	0	0	0	0	27481357	
294	1	A	6	N	2500	0	1	251	96	18	8	16	0	0	0	0	0	0	0	0	0	0	0	0	27481732	
295	1	A	6	N	2500	0	40	217	178	39	19	30	0	0	0	0	0	0	0	0	0	0	0	0	27481935	
296	1	A	6	N	2500	0	1	169	107	21	12	17	0	0	0	0	0	0	0	0	0	0	0	0	27482013	
297	1	A	6	N	2500	0	1	307	112	23	11	18	0	0	0	0	0	0	0	0	0	0	0	0	27482278	
298	1	A	6	N	2500	0	2	304	149	31	16	30	0	0	0	0	0	0	0	0	0	0	0	0	27482715	
299	1	B	6	N	2500	2	2	334	147	33	15	24	0	0	0	0	0	0	0	0	0	0	0	0	27489984	
300	1	B	6	N	2500	2	2	332	137	26	14	25	0	0	0	0	0	0	0	0	0	0	0	0	27491123	
301	1	B	6	N	2500	2	1	287	146	34	16	29	0	0	0	0	0	0	0	0	0	0	0	0	27491373	
302	1	B	6	N	2500	6	40	402	160	46	18	34	0	0	0	0	0	0	0	0	0	0	0	0	27491404	
303	1	B	6	N	2500	6	40	357	184	50	22	40	0	0	0	0	0	0	0	0	0	0	0	0	27491513	
304	1	B	6	N	2500	6	40	330	163	38	19	32	0	0	0	0	0	0	0	0	0	0	0	0	27492075	
305	1	B	6	N	2500	0	40	358	153	37	17	27	0	0	0	0	0	0	0	0	0	0	0	0	27492387	
306	1	B	6	N	2500	0	1	253	149	48	21	35	0	0	0	0	0	0	0	0	0	0	0	0	27492933	
307	1	B	6	N	2500	0	1	168	106	20	10	18	0	0	0	0	0	0	0	0	0	0	0	0	27493057	
308	1	B	6	N	2500	0	1	76	24	10	10	19	0	0	0	0	0	0	0	0	0	0	0	0	27493588	
309	1	B	6	N	2500	0	1	182	112	23	12	20	0	0	0	0	0	0	0	0	0	0	0	0	27493650	
310	1	B	6	N	2500	0	1	199	162	43	23	35	0	0	0	0	0	0	0	0	0	0	0	0	27493978	
311	1	B	6	N	2500	0	40	373	212	46	23	40	0	0	0	0	0	0	0	0	0	0	0	0	27494337	
312	1	B	6	N	2500	0	1	201	138	30	15	28	0	0	0	0	0	0	0	0	0	0	0	0	27494399	
313	1	B	6	N	2500	0	1	304	125	23	11	20	0	0	0	0	0	0	0	0	0	0	0	0	27494477	
314	1	B	6	N	2500	0	1	204	134	34	17	27	0	0	0	0	0	0	0	0	0	0	0	0	27494789	
315	1	B	6	N	2500	0	1	197	162	48	21	36	0	0	0	0	0	0	0	0	0	0	0	0	27494992	
316	1	B	6	N	2500	0	1	208	146	31	18	28	0	0	0	0	0	0	0	0	0	0	0	0	27495148	
317	1	B	6	N	2500	0	1	244	165	36	19	32	0	0	0	0	0	0	0	0	0	0	0	0	27495210	
318	1	B	6	N	2500	0	2	354	160	33	17	28	0	0	0	0	0	0	0	0	0	0	0	0	27495288	
319	1	B	6	N	2500	0	40	378	187	44	20	37	0	0	0	0	0	0	0	0	0	0	0	0	27495631	
320	1	B	6	N	2500	0	40	278	160	40	18	30	0	0	0	0	0	0	0	0	0	0	0	0	27495756	
321	1	B	6	N	2500	0	40	369	184	45	21	40	0	0	0	0	0	0	0	0	0	0	0	0	27495803	
322	1	B	6	N	2500	0	1	133	84	15	10	15	0	0	0	0	0	0	0	0	0	0	0	0	27495943	
323	1	B	6	N	2500	0	40	337	150	37	17	28	0	0	0	0	0	0	0	0	0	0	0	0	27496162	
324	1	C	6	N	2500	6	40	379	182	44	23	40	0	0	0	0	0	0	0	0	0	0	0	0	27505366	
325	1	C	6	N	2500	6	40	369	164	36	18	30	0	0	0	0	0	0	0	0	0	0	0	0	27505444	
326	1	C	6	N	2500	2	1	119	115	28	16	26	0	0	0	0	0	0	0	0	0	0	0	0	27505693	
327	1	C	6	N	2500	4	40	337	183	45	21	36	0	0	0	0	0	0	0	0	0	0	0	0	27505709	
328	1	C	6	N	2500	2	1	299	110	21	12	25	0	0	0	0	0	0	0	0	0	0	0	0	27505725	
329	1	C	6	N	2500	2	1	210	143	39	17	29	0	0	0	0	0	0	0	0	0	0	0	0	27506271	
330	1	C	6	N	2500	6	40	441	238	58	30	50	0	0	0	0	0	0	0	0	0	0	0	0	27506411	
331	1	C	6	N	2500	0	40	382	196	52	23	42	0	0	0	0	0	0	0	0	0	0	0	0	27506645	
332	1	C	6	N	2500	0	1	82	26	2	1	4	0	0	0	0	0	0	0	0	0	0	0	0	27506832	
333	1	C	6	N	2500	0	1	138	68	19	11	18	0	0	0	0	0	0	0	0	0	0	0	0	27506879	
334	1	C	6	N	2500	0	2	341	142	31	15	32	0	0	0	0	0	0	0	0	0	0	0	0	27507082	
335	1	C	6	N	2500	0	40	311	225	60	28	49	0	0	0	0	0	0	0	0	0	0	0	0	27507082	
336	1	C	6	N	2500	0	40	261	175	47	22	35	0	0	0	0	0	0	0	0	0	0	0	0	27507144	
337	1	C	6	N	2500	0	40	356	166	47	20	33	0	0	0	0	0	0	0	0	0	0	0	0	27507472	
338	1	C	6	N	2500	0	1	541	248	77	31	50	0	0	0	0	0	0	0	0	0	0	0	0	27507565	
339	1	C	6	N	2500	0	1	322	129	30	13	26	0	0	0	0	0	0	0	0	0	0	0	0	27507597	
340	1	C	6	N	2500	0	40	387	179	45	20	38	0	0	0	0	0	0	0	0	0	0	0	0	27507612	
341	1	C	6	N	2500	0	1	172	91	17	12	17	0	0	0	0	0	0	0	0	0	0	0	0	27507659	
342	1	C	6	N	2500	0	40	272	207	49	25	42	0	0	0	0	0	0	0	0	0	0	0	0	27507675	
343	1	C	6	N	2500	0	2	328	136	31	14	25	0	0	0	0	0	0	0	0	0	0	0	0	27508236	
344	1	C	6	N	2500	0	40	266	173	51	23	41	0	0	0	0	0	0	0	0	0	0	0	0	27508283	
345	1	C	6	N	2500	0	40	388	185	40	19	34	0	0	0	0	0	0	0	0	0	0	0	0	27508595	
346	1	C	6	N	2500	0	1	201	122	23	13	22	0	0	0	0	0	0	0	0	0	0	0	0	27509422	
347	1	C	6	N	2500	0	1	201	88	16	9	16	0	0	0	0	0	0	0	0	0	0	0	0	27509453	
348	1	C	6	N	2500	0	1	195	114	23	13	21	0	0	0	0	0	0	0	0	0	0	0	0	27509640	
349	1	C	6	N	2500	0	1	204	135	31	14	23	0	0	0	0	0	0	0	0	0	0	0	0	27509937	
350	1	C	6	N	2500	0	40	334	164	38	19	31	0	0	0	0	0	0	0	0	0	0	0	0	27510124	
351	1	C	6	N	2500	0	40	322	198	47	25	37	0	0	0	0	0	0	0	0	0	0	0	0	27510139	
352	1	C	6	N	2500	0	1	277	104	19	9	16	0	0	0	0	0	0	0	0	0	0	0	0	27510186	
353	1	C	6	N	2500	0	1	233	97	20	10	18	0	0	0	0	0	0	0	0	0	0	0	0	27510748	
354	1	C	6	N	2500	0	1	257	138	38	17	30	0	0	0	0	0	0	0	0	0	0	0	0	27511341	
355	1	C	6	N	2500	0	40	475	224	53	26	49	0	0	0	0	0	0	0	0	0	0	0	0	27511606	
356	1	D	6	N	2500	2	1	195	141	38	21	34	0	0	0	0	0	0	0	0	0	0	0	0	27518392	
357	1	D	6	N	2500	2	1	129	83	16	8	14	0	0	0	0	0	0	0	0	0	0	0	0	27519499	
358	1	D	6	N	2500	6	40	399	196	57	26	45	0	0	0	0	0	0	0	0	0	0	0	0	27519796	
359	1	D	6	N	2500	2	1	135	56	9	6	13	0	0	0	0	0	0	0	0	0	0	0	0	27520342	
360	1	D	6	N	2500	6	40	386	179	40	20	35	0	0	0	0	0	0	0	0	0	0	0	0	27520638	
361	1	D	6	N	2500	2	1	195	134	28	14	25	0	0	0	0	0	0	0	0	0	0	0	0	27520732	
362	1	D	6	N	2500	6	40	339	168	38	21	32	0	0	0	0	0	0	0	0	0	0	0	0	27520841	
363	1	D	6	N	2500	0	40	403	191	49	25	42	0	0	0	0	0	0	0	0	0	0	0	0	27520888	
364	1	D	6	N	2500	0	1	168	121	34	15	26	0	0	0	0	0	0	0	0	0	0	0	0	27521153	
365	1	D	6	N	2500	0	1	666	356	87	44	73	0	0	0	0	0	0	0	0	0	0	0	0	27521200	
366	1	D	6	N	2500	0	2	347	136	25	12	22	0	0	0	0	0	0	0	0	0	0	0	0	27521262	
367	1	D	6	N	2500	0	40	316	160	41	20	34	0	0	0	0	0	0	0	0	0	0	0	0	27521793	
368	1	D	6	N	2500	0	2	342	158	35	17	34	0	0	0	0	0	0	0	0	0	0	0	0	27521902	
369	1	D	6	N	2500	0	1	229	169	35	22	38	0	0	0	0	0	0	0	0	0	0	0	0	27522105	
370	1	D	6	N	2500	0	1	169	123	25	13	18	0	0	0	0	0	0	0	0	0	0	0	0	27522120	
371	1	D	6	N	2500	0	1	191	174	58	28	45	0	0	0	0	0	0	0	0	0	0	0	0	27522495	
372	1	D	6	N	2500	0	1	236	136	35	20	33	0	0	0	0	0	0	0	0	0	0	0	0	27522947	
373	1	D	6	N	2500	0	40	378	184	42	21	38	0	0	0	0	0	0	0	0	0	0	0	0	27523290	
374	1	D	6	N	2500	0	40	476	239	51	25	47	0	0	0	0	0	0	0	0	0	0	0	0	27523852	
375	1	D	6	N	2500	0	40	380	179	39	19	36	0	0	0	0	0	0	0	0	0	0	0	0	27523945	
376	1	D	6	N	2500	0	1	222	175	39	20	27	0	0	0	0	0	0	0	0	0	0	0	0	27523977	
377	1	D	6	N	2500	0	40	355	180	42	21	40	0	0	0	0	0	0	0	0	0	0	0	0	27523992	
378	1	D	6	N	2500	0	40	360	168	37	19	31	0	0	0	0	0	0	0	0	0	0	0	0	27524226	
379	1	D	6	N	2500	0	2	376	153	31	16	30	0	0	0	0	0	0	0	0	0	0	0	0	27524741	
380	1	D	6	N	2500	0	40	351	162	36	18	29	0	0	0	0	0	0	0	0	0	0	0	0	27524819	
381	1	D	6	N	2500	0	40	212	191	48	23	41	0	0	0	0	0	0	0	0	0	0	0	0	27524850	
382	1	D	6	N	2500	0	2	319	141	28	14	24	0	0	0	0	0	0	0	0	0	0	0	0	27524881	
383	1	D	6	N	2500	0	40	384	218	48	27	46	0	0	0	0	0	0	0	0	0	0	0	0	27525162	
384	1	D	6	N	2500	0	1	143	43	9	6	17	0	0	0	0	0	0	0	0	0	0	0	0	27525193	
385	1	D	6	N	2500	0	40	362	183	43	19	32	0	0	0	0	0	0	0	0	0	0	0	0	27525381	
386	1	D	6	N	2500	0	1	186	103	27	15	25	0	0	0	0	0	0	0	0	0	0	0	0	27525693	
387	1	E	6	N	2500	6	40	298	177	44	23	38	0	0	0	0	0	0	0	0	0	0	0	0	27532650	
388	1	E	6	N	2500	2	1	222	145	36	18	32	0	0	0	0	0	0	0	0	0	0	0	0	27533851	
389	1	E	6	N	2500	2	1	168	188	56	26	41	0	0	0	0	0	0	0	0	0	0	0	0	27534023	
390	1	E	6	N	2500	6	40	267	165	38	20	29	0	0	0	0	0	0	0	0	0	0	0	0	27534195	
391	1	E	6	N	2500	6	40	392	178	40	19	34	0	0	0	0	0	0	0	0	0	0	0	0	27534413	
392	1	E	6	N	2500	0	1	277	100	21	9	17	0	0	0	0	0	0	0	0	0	0	0	0	27534475	
393	1	E	6	N	2500	0	40	381	187	52	22	43	0	0	0	0	0	0	0	0	0	0	0	0	27535318	
394	1	E	6	N	2500	0	1	198	173	38	19	33	0	0	0	0	0	0	0	0	0	0	0	0	27535411	
395	1	E	6	N	2500	0	40	345	165	38	20	31	0	0	0	0	0	0	0	0	0	0	0	0	27535926	
396	1	E	6	N	2500	0	1	264	139	44	20	33	0	0	0	0	0	0	0	0	0	0	0	0	27536020	
397	1	E	6	N	2500	0	1	522	251	70	29	49	0	0	0	0	0	0	0	0	0	0	0	0	27536457	
398	1	E	6	N	2500	0	1	311	138	27	15	30	0	0	0	0	0	0	0	0	0	0	0	0	27536722	
399	1	E	6	N	2500	0	1	327	128	24	13	22	0	0	0	0	0	0	0	0	0	0	0	0	27536737	
400	1	E	6	N	2500	0	1	285	148	33	17	25	0	0	0	0	0	0	0	0	0	0	0	0	27536737	
401	1	E	6	N	2500	0	40	267	190	47	23	41	0	0	0	0	0	0	0	0	0	0	0	0	27536878	
402	1	E	6	N	2500	0	40	444	211	57	25	41	0	0	0	0	0	0	0	0	0	0	0	0	27537190	
403	1	E	6	N	2500	0	1	218	138	42	18	28	0	0	0	0	0	0	0	0	0	0	0	0	27537439	
404	1	E	6	N	2500	0	2	334	142	33	14	28	0	0	0	0	0	0	0	0	0	0	0	0	27537595	
405	1	E	6	N	2500	0	1	213	164	43	20	33	0	0	0	0	0	0	0	0	0	0	0	0	27537720	
406	1	E	6	N	2500	0	40	250	166	44	22	35	0	0	0	0	0	0	0	0	0	0	0	0	27537861	
407	1	E	6	N	2500	0	1	221	128	22	13	20	0	0	0	0	0	0	0	0	0	0	0	0	27537939	
408	1	E	6	N	2500	0	1	189	161	44	22	35	0	0	0	0	0	0	0	0	0	0	0	0	27538438	
409	1	E	6	N	2500	0	2	333	138	28	14	27	0	0	0	0	0	0	0	0	0	0	0	0	27538547	
410	1	E	6	N	2500	0	40	396	174	43	18	34	0	0	0	0	0	0	0	0	0	0	0	0	27538625	
411	1	E	6	N	2500	0	40	308	203	51	25	42	0	0	0	0	0	0	0	0	0	0	0	0	27538641	
412	1	E	6	N	2500	0	40	487	187	65	21	37	0	0	0	0	0	0	0	0	0	0	0	0	27538656	
413	1	E	6	N	2500	0	40	377	179	46	21	37	0	0	0	0	0	0	0	0	0	0	0	0	27539452	
414	1	E	6	N	2500	0	2	401	157	32	14	22	0	0	0	0	0	0	0	0	0	0	0	0	27539592	
415	1	E	6	N	2500	0	40	355	179	39	20	36	0	0	0	0	0	0	0	0	0	0	0	0	27540060	
416	1	E	6	N	2500	0	1	284	114	24	11	16	0	0	0	0	0	0	0	0	0	0	0	0	27540123	
417	1	F	6	N	2500	2	1	226	145	30	16	28	0	0	0	0	0	0	0	0	0	0	0	0	27548328	
418	1	F	6	N	2500	2	1	139	93	23	12	21	0	0	0	0	0	0	0	0	0	0	0	0	27548375	
419	1	F	6	N	2500	2	1	156	193	56	28	42	0	0	0	0	0	0	0	0	0	0	0	0	27548687	
420	1	F	6	N	2500	6	40	348	167	41	20	37	0	0	0	0	0	0	0	0	0	0	0	0	27548749	
421	1	F	6	N	2500	2	2	336	164	34	17	25	0	0	0	0	0	0	0	0	0	0	0	0	27549155	
422	1	F	6	N	2500	2	1	198	161	37	18	30	0	0	0	0	0	0	0	0	0	0	0	0	27549342	
423	1	F	6	N	2500	2	1	187	133	29	14	21	0	0	0	0	0	0	0	0	0	0	0	0	27549654	
424	1	F	6	N	2500	2	2	327	141	28	15	24	0	0	0	0	0	0	0	0	0	0	0	0	27550044	
425	1	F	6	N	2500	6	40	336	144	36	15	27	0	0	0	0	0	0	0	0	0	0	0	0	27550169	
426	1	F	6	N	2500	2	1	253	154	48	19	35	0	0	0	0	0	0	0	0	0	0	0	0	27550200	
427	1	F	6	N	2500	6	40	356	155	37	18	29	0	0	0	0	0	0	0	0	0	0	0	0	27550263	
428	1	F	6	N	2500	0	1	260	157	35	18	30	0	0	0	0	0	0	0	0	0	0	0	0	27550637	
429	1	F	6	N	2500	0	2	327	146	31	16	27	0	0	0	0	0	0	0	0	0	0	0	0	27550699	
430	1	F	6	N	2500	0	40	232	172	52	23	36	0	0	0	0	0	0	0	0	0	0	0	0	27550762	
431	1	F	6	N	2500	0	40	238	171	38	20	36	0	0	0	0	0	0	0	0	0	0	0	0	27551089	
432	1	F	6	N	2500	0	1	312	118	22	11	18	0	0	0	0	0	0	0	0	0	0	0	0	27551121	
433	1	F	6	N	2500	0	1	245	146	33	18	27	0	0	0	0	0	0	0	0	0	0	0	0	27551136	
434	1	F	6	N	2500	0	40	235	177	54	25	42	0	0	0	0	0	0	0	0	0	0	0	0	27551386	
435	1	F	6	N	2500	0	1	140	159	45	22	35	0	0	0	0	0	0	0	0	0	0	0	0	27551620	
436	1	F	6	N	2500	0	1	263	116	23	13	23	0	0	0	0	0	0	0	0	0	0	0	0	27551682	
437	1	F	6	N	2500	0	2	322	151	31	15	27	0	0	0	0	0	0	0	0	0	0	0	0	27551869	
438	1	F	6	N	2500	0	40	378	199	51	23	37	0	0	0	0	0	0	0	0	0	0	0	0	27552025	
439	1	F	6	N	2500	0	40	335	164	49	24	41	0	0	0	0	0	0	0	0	0	0	0	0	27552135	
440	1	F	6	N	2500	0	2	315	151	34	17	32	0	0	0	0	0	0	0	0	0	0	0	0	27552181	
441	1	F	6	N	2500	0	1	256	138	29	17	26	0	0	0	0	0	0	0	0	0	0	0	0	27552259	
442	1	F	6	N	2500	0	1	212	163	40	20	33	0	0	0	0	0	0	0	0	0	0	0	0	27552337	
443	1	F	6	N	2500	0	1	185	129	33	15	27	0	0	0	0	0	0	0	0	0	0	0	0	27552509	
444	1	F	6	N	2500	0	1	210	159	38	19	33	0	0	0	0	0	0	0	0	0	0	0	0	27552649	
445	1	F	6	N	2500	0	40	399	180	38	20	34	0	0	0	0	0	0	0	0	0	0	0	0	27553195	
446	1	F	6	N	2500	0	40	349	187	44	21	36	0	0	0	0	0	0	0	0	0	0	0	0	27553320	
447	1	F	6	N	2500	0	2	372	143	29	16	27	0	0	0	0	0	0	0	0	0	0	0	0	27553507	
448	1	F	6	N	2500	0	1	219	120	28	15	30	0	0	0	0	0	0	0	0	0	0	0	0	27553726	
449	1	G	6	N	2500	6	40	260	200	48	26	47	0	0	0	0	0	0	0	0	0	0	0	0	27561885	
450	1	G	6	N	2500	6	40	383	188	47	23	37	0	0	0	0	0	0	0	0	0	0	0	0	27562056	
451	1	G	6	N	2500	6	40	364	176	53	23	35	0	0	0	0	0	0	0	0	0	0	0	0	27562212	
452	1	G	6	N	2500	0	1	89	24	4	2	5	0	0	0	0	0	0	0	0	0	0	0	0	27562244	
453	1	G	6	N	2500	0	1	250	128	34	16	26	0	0	0	0	0	0	0	0	0	0	0	0	27562244	
454	1	G	6	N	2500	0	40	244	195	49	24	37	0	0	0	0	0	0	0	0	0	0	0	0	27562275	
455	1	G	6	N	2500	0	1	249	86	15	7	13	0	0	0	0	0	0	0	0	0	0	0	0	27562509	
456	1	G	6	N	2500	0	40	267	177	46	26	44	0	0	0	0	0	0	0	0	0	0	0	0	27563055	
457	1	G	6	N	2500	0	1	181	119	24	14	22	0	0	0	0	0	0	0	0	0	0	0	0	27563648	
458	1	G	6	N	2500	0	2	330	139	29	16	22	0	0	0	0	0	0	0	0	0	0	0	0	27563866	
459	1	G	6	N	2500	0	1	202	156	39	19	35	0	0	0	0	0	0	0	0	0	0	0	0	27563882	
460	1	G	6	N	2500	0	40	334	149	40	17	30	0	0	0	0	0	0	0	0	0	0	0	0	27564022	
461	1	G	6	N	2500	0	40	255	179	52	25	39	0	0	0	0	0	0	0	0	0	0	0	0	27564287	
462	1	G	6	N	2500	0	1	150	100	20	13	24	0	0	0	0	0	0	0	0	0	0	0	0	27564724	
463	1	G	6	N	2500	0	1	253	119	27	14	23	0	0	0	0	0	0	0	0	0	0	0	0	27564989	
464	1	G	6	N	2500	0	40	303	163	44	20	32	0	0	0	0	0	0	0	0	0	0	0	0	27565020	
465	1	G	6	N	2500	0	1	132	108	24	14	25	0	0	0	0	0	0	0	0	0	0	0	0	27565145	
466	1	G	6	N	2500	0	1	177	89	21	11	18	0	0	0	0	0	0	0	0	0	0	0	0	27565332	
467	1	G	6	N	2500	0	1	197	126	25	13	23	0	0	0	0	0	0	0	0	0	0	0	0	27565613	
468	1	G	6	N	2500	0	40	384	197	58	26	45	0	0	0	0	0	0	0	0	0	0	0	0	27566159	
469	1	G	6	N	2500	0	40	356	182	42	21	40	0	0	0	0	0	0	0	0	0	0	0	0	27566237	
470	1	G	6	N	2500	0	40	228	177	48	23	40	0	0	0	0	0	0	0	0	0	0	0	0	27566268	
471	1	G	6	N	2500	0	1	190	117	37	19	36	0	0	0	0	0	0	0	0	0	0	0	0	27566284	
472	1	G	6	N	2500	0	40	363	153	38	17	31	0	0	0	0	0	0	0	0	0	0	0	0	27566315	
473	1	G	6	N	2500	0	40	358	187	45	21	38	0	0	0	0	0	0	0	0	0	0	0	0	27566362	
474	1	G	6	N	2500	0	1	237	169	43	21	38	0	0	0	0	0	0	0	0	0	0	0	0	27566424	
475	1	G	6	N	2500	0	40	340	170	40	20	38	0	0	0	0	0	0	0	0	0	0	0	0	27566612	
476	1	G	6	N	2500	0	40	363	191	51	24	42	0	0	0	0	0	0	0	0	0	0	0	0	27566721	
477	1	G	6	N	2500	0	1	293	129	27	14	26	0	0	0	0	0	0	0	0	0	0	0	0	27566908	
478	1	G	6	N	2500	0	1	291	125	24	12	22	0	0	0	0	0	0	0	0	0	0	0	0	27566924	
479	1	G	6	N	2500	0	1	214	170	42	20	35	0	0	0	0	0	0	0	0	0	0	0	0	27567126	
480	1	G	6	N	2500	0	40	493	211	57	28	46	0	0	0	0	0	0	0	0	0	0	0	0	27567360	
481	1	G	6	N	2500	0	40	375	184	45	22	42	0	0	0	0	0	0	0	0	0	0	0	0	27567485	
482	1	G	6	N	2500	0	40	326	171	41	19	32	0	0	0	0	0	0	0	0	0	0	0	0	27567735	
483	1	G	6	N	2500	0	40	376	181	45	22	39	0	0	0	0	0	0	0	0	0	0	0	0	27567953	
484	1	G	6	N	2500	0	1	194	180	47	22	36	0	0	0	0	0	0	0	0	0	0	0	0	27567969	
485	1	G	6	N	2500	0	1	192	124	20	12	20	0	0	0	0	0	0	0	0	0	0	0	0	27568359	
486	1	G	6	N	2500	0	40	390	206	50	25	40	0	0	0	0	0	0	0	0	0	0	0	0	27568484	
487	1	H	6	N	2500	2	1	71	29	4	0	1	0	0	0	0	0	0	0	0	0	0	0	0	27575379	
488	1	H	6	N	2500	6	40	356	166	41	19	36	0	0	0	0	0	0	0	0	0	0	0	0	27578468	
489	1	A	7	N	2500	2	1	247	131	33	15	25	0	0	0	0	0	0	0	0	0	0	0	0	27593225	
490	1	A	7	N	2500	2	1	294	132	32	17	30	0	0	0	0	0	0	0	0	0	0	0	0	27594270	
491	1	A	7	N	2500	6	40	260	186	51	24	43	0	0	0	0	0	0	0	0	0	0	0	0	27594863	
492	1	A	7	N	2500	2	1	369	117	24	12	22	0	0	0	0	0	0	0	0	0	0	0	0	27595378	
493	1	A	7	N	2500	2	1	232	127	26	13	22	0	0	0	0	0	0	0	0	0	0	0	0	27595456	
494	1	A	7	N	2500	2	1	141	151	42	20	33	0	0	0	0	0	0	0	0	0	0	0	0	27596205	
495	1	A	7	N	2500	2	1	191	165	53	24	37	0	0	0	0	0	0	0	0	0	0	0	0	27596252	
496	1	A	7	N	2500	2	1	197	157	39	17	25	0	0	0	0	0	0	0	0	0	0	0	0	27596673	
497	1	A	7	N	2500	2	1	216	147	47	22	34	0	0	0	0	0	0	0	0	0	0	0	0	27597000	
498	1	A	7	N	2500	6	40	378	159	42	19	33	0	0	0	0	0	0	0	0	0	0	0	0	27597047	
499	1	A	7	N	2500	2	2	350	155	31	14	26	0	0	0	0	0	0	0	0	0	0	0	0	27597141	
500	1	A	7	N	2500	6	40	352	186	55	25	41	0	0	0	0	0	0	0	0	0	0	0	0	27597234	
501	1	A	7	N	2500	0	40	335	168	37	17	35	0	0	0	0	0	0	0	0	0	0	0	0	27597312	
502	1	A	7	N	2500	0	40	362	168	37	17	27	0	0	0	0	0	0	0	0	0	0	0	0	27597812	
503	1	A	7	N	2500	0	40	420	185	44	20	34	0	0	0	0	0	0	0	0	0	0	0	0	27598108	
504	1	A	7	N	2500	0	40	333	150	43	17	32	0	0	0	0	0	0	0	0	0	0	0	0	27598186	
505	1	B	7	N	2500	2	1	184	126	31	15	25	0	0	0	0	0	0	0	0	0	0	0	0	27606501	
506	1	B	7	N	2500	2	1	247	140	36	18	26	0	0	0	0	0	0	0	0	0	0	0	0	27606766	
507	1	B	7	N	2500	6	40	268	169	46	21	34	0	0	0	0	0	0	0	0	0	0	0	0	27607234	
508	1	B	7	N	2500	2	1	242	165	40	20	29	0	0	0	0	0	0	0	0	0	0	0	0	27608295	
509	1	B	7	N	2500	2	1	280	136	34	16	30	0	0	0	0	0	0	0	0	0	0	0	0	27609262	
510	1	B	7	N	2500	2	1	174	144	35	16	26	0	0	0	0	0	0	0	0	0	0	0	0	27609590	
511	1	B	7	N	2500	2	1	307	131	29	13	22	0	0	0	0	0	0	0	0	0	0	0	0	27609746	
512	1	B	7	N	2500	2	1	160	139	36	17	26	0	0	0	0	0	0	0	0	0	0	0	0	27609792	
513	1	B	7	N	2500	2	1	188	146	41	18	26	0	0	0	0	0	0	0	0	0	0	0	0	27609948	
514	1	C	7	N	2500	2	2	332	152	33	15	24	0	0	0	0	0	0	0	0	0	0	0	0	27620931	
515	1	C	7	N	2500	2	1	204	115	22	11	16	0	0	0	0	0	0	0	0	0	0	0	0	27622070	
516	1	C	7	N	2500	6	40	348	168	46	21	36	0	0	0	0	0	0	0	0	0	0	0	0	27623240	
517	1	C	7	N	2500	6	40	358	179	40	20	35	0	0	0	0	0	0	0	0	0	0	0	0	27624815	
518	1	C	7	N	2500	2	1	170	122	28	12	23	0	0	0	0	0	0	0	0	0	0	0	0	27625486	
519	1	D	7	N	2500	2	2	360	150	28	16	29	0	0	0	0	0	0	0	0	0	0	0	0	27636827	
520	1	D	7	N	2500	2	1	255	129	33	17	28	0	0	0	0	0	0	0	0	0	0	0	0	27637248	
521	1	D	7	N	2500	6	40	358	155	45	17	29	0	0	0	0	0	0	0	0	0	0	0	0	27637638	
522	1	D	7	N	2500	2	1	244	137	37	18	26	0	0	0	0	0	0	0	0	0	0	0	0	27637685	
523	1	D	7	N	2500	2	1	252	131	30	14	24	0	0	0	0	0	0	0	0	0	0	0	0	27640431	
524	1	E	7	N	2500	6	40	322	196	49	25	39	0	0	0	0	0	0	0	0	0	0	0	0	27649962	
525	1	E	7	N	2500	6	40	440	196	52	23	40	0	0	0	0	0	0	0	0	0	0	0	0	27650103	
526	1	E	7	N	2500	6	40	395	184	44	20	34	0	0	0	0	0	0	0	0	0	0	0	0	27652178	
527	1	E	7	N	2500	0	1	223	127	28	16	26	0	0	0	0	0	0	0	0	0	0	0	0	27652256	
528	1	E	7	N	2500	0	40	329	146	36	16	32	0	0	0	0	0	0	0	0	0	0	0	0	27653691	
529	1	E	7	N	2500	0	1	300	123	24	11	17	0	0	0	0	0	0	0	0	0	0	0	0	27654128	
530	1	F	7	N	2500	2	1	269	116	26	12	23	0	0	0	0	0	0	0	0	0	0	0	0	27663472	
531	1	F	7	N	2500	2	1	212	163	42	20	29	0	0	0	0	0	0	0	0	0	0	0	0	27664283	
532	1	F	7	N	2500	2	1	258	148	31	17	26	0	0	0	0	0	0	0	0	0	0	0	0	27664673	
533	1	F	7	N	2500	2	1	222	141	33	18	26	0	0	0	0	0	0	0	0	0	0	0	0	27665063	
534	1	F	7	N	2500	6	40	347	163	40	19	35	0	0	0	0	0	0	0	0	0	0	0	0	27665484	
535	1	F	7	N	2500	2	1	237	166	49	22	37	0	0	0	0	0	0	0	0	0	0	0	0	27666093	
536	1	F	7	N	2500	6	40	393	217	58	28	49	0	0	0	0	0	0	0	0	0	0	0	0	27666249	
537	1	F	7	N	2500	2	1	227	145	32	20	31	0	0	0	0	0	0	0	0	0	0	0	0	27666764	
538	1	F	7	N	2500	6	40	356	163	38	21	37	0	0	0	0	0	0	0	0	0	0	0	0	27667419	
539	1	F	7	N	2500	0	1	180	138	29	16	26	0	0	0	0	0	0	0	0	0	0	0	0	27667481	
540	1	F	7	N	2500	0	2	346	164	35	17	32	0	0	0	0	0	0	0	0	0	0	0	0	27668433	
541	1	F	7	N	2500	0	40	312	165	38	18	32	0	0	0	0	0	0	0	0	0	0	0	0	27668604	
542	1	F	7	N	2500	0	40	443	208	50	23	37	0	0	0	0	0	0	0	0	0	0	0	0	27668792	
543	1	F	7	N	2500	0	40	270	166	44	21	33	0	0	0	0	0	0	0	0	0	0	0	0	27669026	
544	1	F	7	N	2500	0	1	205	109	25	14	22	0	0	0	0	0	0	0	0	0	0	0	0	27669166	
545	1	F	7	N	2500	0	1	194	166	37	20	35	0	0	0	0	0	0	0	0	0	0	0	0	27669431	
546	1	F	7	N	2500	0	1	309	120	25	10	21	0	0	0	0	0	0	0	0	0	0	0	0	27669774	
547	1	G	7	N	2500	2	2	321	149	33	15	31	0	0	0	0	0	0	0	0	0	0	0	0	27677512	
548	1	G	7	N	2500	6	40	289	177	50	21	37	0	0	0	0	0	0	0	0	0	0	0	0	27677871	
549	1	G	7	N	2500	2	1	228	168	36	20	32	0	0	0	0	0	0	0	0	0	0	0	0	27678105	
550	1	G	7	N	2500	6	40	326	155	37	20	37	0	0	0	0	0	0	0	0	0	0	0	0	27678339	
551	1	G	7	N	2500	6	40	444	195	42	22	39	0	0	0	0	0	0	0	0	0	0	0	0	27679072	
552	1	G	7	N	2500	0	1	314	106	23	11	23	0	0	0	0	0	0	0	0	0	0	0	0	27679353	
553	1	G	7	N	2500	0	2	322	136	31	17	29	0	0	0	0	0	0	0	0	0	0	0	0	27680008	
554	1	G	7	N	2500	0	1	57	12	2	1	3	0	0	0	0	0	0	0	0	0	0	0	0	27681225	
555	1	G	7	N	2500	0	40	293	162	41	22	34	0	0	0	0	0	0	0	0	0	0	0	0	27681225	
556	1	G	7	N	2500	0	1	205	162	44	20	37	0	0	0	0	0	0	0	0	0	0	0	0	27681428	
557	1	G	7	N	2500	0	2	374	156	32	18	31	0	0	0	0	0	0	0	0	0	0	0	0	27681615	
558	1	G	7	N	2500	0	40	349	162	40	18	31	0	0	0	0	0	0	0	0	0	0	0	0	27682504	
559	1	G	7	N	2500	0	1	225	91	16	10	15	0	0	0	0	0	0	0	0	0	0	0	0	27683019	
560	1	G	7	N	2500	0	1	247	91	18	10	19	0	0	0	0	0	0	0	0	0	0	0	0	27683237	
561	1	G	7	N	2500	0	2	341	156	35	19	38	0	0	0	0	0	0	0	0	0	0	0	0	27683737	
562	1	G	7	N	2500	0	40	364	162	47	21	38	0	0	0	0	0	0	0	0	0	0	0	0	27683737	
563	1	G	7	N	2500	0	1	132	142	41	18	30	0	0	0	0	0	0	0	0	0	0	0	0	27684095	
564	1	A	8	N	2500	2	1	106	86	16	9	13	0	0	0	0	0	0	0	0	0	0	0	0	27708338	
565	1	A	8	N	2500	2	2	375	152	29	15	29	0	0	0	0	0	0	0	0	0	0	0	0	27710085	
566	1	A	8	N	2500	2	1	207	152	38	17	28	0	0	0	0	0	0	0	0	0	0	0	0	27710366	
567	1	A	8	N	2500	2	1	219	95	15	8	17	0	0	0	0	0	0	0	0	0	0	0	0	27713907	
568	1	B	8	N	2500	2	1	181	113	27	14	24	0	0	0	0	0	0	0	0	0	0	0	0	27721910	
569	1	B	8	N	2500	6	40	340	166	49	20	33	0	0	0	0	0	0	0	0	0	0	0	0	27722175	
570	1	B	8	N	2500	2	1	298	112	21	11	24	0	0	0	0	0	0	0	0	0	0	0	0	27726262	
571	1	B	8	N	2500	2	1	286	115	22	11	19	0	0	0	0	0	0	0	0	0	0	0	0	27726371	
572	1	B	8	N	2500	2	1	188	138	32	17	24	0	0	0	0	0	0	0	0	0	0	0	0	27726403	
573	1	B	8	N	2500	2	1	197	144	33	17	27	0	0	0	0	0	0	0	0	0	0	0	0	27726637	
574	1	B	8	N	2500	2	1	214	98	20	9	19	0	0	0	0	0	0	0	0	0	0	0	0	27727838	
575	1	B	8	N	2500	2	1	306	118	21	10	18	0	0	0	0	0	0	0	0	0	0	0	0	27729101	
576	1	C	8	N	2500	2	1	241	106	18	12	18	0	0	0	0	0	0	0	0	0	0	0	0	27737993	
577	1	C	8	N	2500	2	2	331	143	32	15	24	0	0	0	0	0	0	0	0	0	0	0	0	27739522	
578	1	C	8	N	2500	2	1	268	107	21	10	20	0	0	0	0	0	0	0	0	0	0	0	0	27739741	
579	1	E	8	N	2500	2	1	304	121	25	13	24	0	0	0	0	0	0	0	0	0	0	0	0	27767961	
580	1	E	8	N	2500	6	40	348	157	36	17	27	0	0	0	0	0	0	0	0	0	0	0	0	27768616	
581	1	E	8	N	2500	2	2	412	176	14	4	11	0	0	0	0	0	0	0	0	0	0	0	0	27769349	
582	1	E	8	N	2500	6	40	406	183	39	20	28	0	0	0	0	0	0	0	0	0	0	0	0	27769739	
583	1	E	8	N	2500	2	1	219	154	39	21	37	0	0	0	0	0	0	0	0	0	0	0	0	27770972	
584	1	E	8	N	2500	6	40	382	199	58	25	42	0	0	0	0	0	0	0	0	0	0	0	0	27773031	
585	1	F	8	N	2500	2	1	237	130	33	17	28	0	0	0	0	0	0	0	0	0	0	0	0	27783467	
586	1	F	8	N	2500	2	2	359	160	35	17	27	0	0	0	0	0	0	0	0	0	0	0	0	27786666	
587	1	G	8	N	2500	6	40	389	182	53	25	38	0	0	0	0	0	0	0	0	0	0	0	0	27794746	
588	1	G	8	N	2500	2	1	189	142	45	18	29	0	0	0	0	0	0	0	0	0	0	0	0	27797866	
589	1	G	8	N	2500	2	1	227	137	33	18	28	0	0	0	0	0	0	0	0	0	0	0	0	27799442	
590	1	G	8	N	2500	2	1	214	169	40	20	28	0	0	0	0	0	0	0	0	0	0	0	0	27799801	
591	1	G	8	N	2500	2	1	260	151	42	20	36	0	0	0	0	0	0	0	0	0	0	0	0	27799879	
592	1	G	8	N	2500	2	1	96	33	7	5	11	0	0	0	0	0	0	0	0	0	0	0	0	27800253	
593	1	G	8	N	2500	2	1	227	125	41	19	30	0	0	0	0	0	0	0	0	0	0	0	0	27800253	
594	1	G	8	N	2500	6	40	270	170	39	18	36	0	0	0	0	0	0	0	0	0	0	0	0	27800612	
595	1	G	8	N	2500	6	40	322	163	39	18	31	0	0	0	0	0	0	0	0	0	0	0	0	27800721	
596	1	G	8	N	2500	0	40	366	182	44	20	34	0	0	0	0	0	0	0	0	0	0	0	0	27801018	
597	1	A	9	N	2500	6	40	299	146	42	16	30	0	0	0	0	0	0	0	0	0	0	0	0	27825291	
598	1	A	9	N	2500	2	1	289	99	16	8	17	0	0	0	0	0	0	0	0	0	0	0	0	27826586	
599	1	A	9	N	2500	2	1	295	117	27	10	17	0	0	0	0	0	0	0	0	0	0	0	0	27826976	
600	1	A	9	N	2500	6	40	343	164	37	18	32	0	0	0	0	0	0	0	0	0	0	0	0	27827194	
601	1	A	9	N	2500	6	40	416	181	39	21	33	0	0	0	0	0	0	0	0	0	0	0	0	27827335	
602	1	A	9	N	2500	0	1	200	118	32	18	30	0	0	0	0	0	0	0	0	0	0	0	0	27827382	
603	1	A	9	N	2500	0	1	343	113	21	13	20	0	0	0	0	0	0	0	0	0	0	0	0	27827647	
604	1	A	9	N	2500	0	1	174	90	21	11	20	0	0	0	0	0	0	0	0	0	0	0	0	27828458	
605	1	A	9	N	2500	0	1	271	139	27	15	27	0	0	0	0	0	0	0	0	0	0	0	0	27828630	
606	1	A	9	N	2500	0	1	212	102	27	13	26	0	0	0	0	0	0	0	0	0	0	0	0	27828879	
607	1	A	9	N	2500	0	1	278	148	46	24	37	0	0	0	0	0	0	0	0	0	0	0	0	27828957	
608	1	A	9	N	2500	0	40	298	211	58	28	47	0	0	0	0	0	0	0	0	0	0	0	0	27829020	
609	1	A	9	N	2500	0	1	190	126	27	14	21	0	0	0	0	0	0	0	0	0	0	0	0	27829410	
610	1	A	9	N	2500	0	1	90	28	21	23	48	0	0	0	0	0	0	0	0	0	0	0	0	27829800	
611	1	A	9	N	2500	0	1	237	86	15	8	18	0	0	0	0	0	0	0	0	0	0	0	0	27830158	
612	1	A	9	N	2500	0	1	91	37	5	3	5	0	0	0	0	0	0	0	0	0	0	0	0	27830424	
613	1	A	9	N	2500	0	1	307	135	30	14	24	0	0	0	0	0	0	0	0	0	0	0	0	27830564	
614	1	A	9	N	2500	0	40	395	194	44	22	42	0	0	0	0	0	0	0	0	0	0	0	0	27831016	
615	1	A	9	N	2500	0	2	342	150	33	16	28	0	0	0	0	0	0	0	0	0	0	0	0	27831781	
616	1	B	9	N	2500	2	1	67	20	6	0	0	0	0	0	0	0	0	0	0	0	0	0	0	27838754	
617	1	B	9	N	2500	2	1	162	124	29	15	25	0	0	0	0	0	0	0	0	0	0	0	0	27840096	
618	1	B	9	N	2500	6	40	354	170	47	20	35	0	0	0	0	0	0	0	0	0	0	0	0	27840111	
619	1	B	9	N	2500	2	1	199	114	25	13	24	0	0	0	0	0	0	0	0	0	0	0	0	27840579	
620	1	B	9	N	2500	6	40	393	187	40	22	43	0	0	0	0	0	0	0	0	0	0	0	0	27840782	
621	1	B	9	N	2500	2	1	196	150	36	18	27	0	0	0	0	0	0	0	0	0	0	0	0	27842810	
622	1	B	9	N	2500	2	2	320	149	32	16	24	0	0	0	0	0	0	0	0	0	0	0	0	27843278	
623	1	B	9	N	2500	2	2	316	152	34	16	25	0	0	0	0	0	0	0	0	0	0	0	0	27843387	
624	1	B	9	N	2500	2	1	297	134	28	14	25	0	0	0	0	0	0	0	0	0	0	0	0	27843668	
625	1	B	9	N	2500	2	2	335	154	33	18	32	0	0	0	0	0	0	0	0	0	0	0	0	27844042	
626	1	B	9	N	2500	6	40	247	170	57	24	41	0	0	0	0	0	0	0	0	0	0	0	0	27844308	
627	1	B	9	N	2500	0	1	269	103	24	14	24	0	0	0	0	0	0	0	0	0	0	0	0	27844713	
628	1	B	9	N	2500	0	2	346	151	34	15	27	0	0	0	0	0	0	0	0	0	0	0	0	27844869	
629	1	B	9	N	2500	0	2	332	131	28	13	23	0	0	0	0	0	0	0	0	0	0	0	0	27845119	
630	1	B	9	N	2500	0	40	345	157	36	17	29	0	0	0	0	0	0	0	0	0	0	0	0	27845446	
631	1	C	9	N	2500	2	1	186	137	32	14	21	0	0	0	0	0	0	0	0	0	0	0	0	27853200	
632	1	C	9	N	2500	2	1	225	148	34	17	29	0	0	0	0	0	0	0	0	0	0	0	0	27853777	
633	1	C	9	N	2500	2	2	335	148	34	17	29	0	0	0	0	0	0	0	0	0	0	0	0	27853902	
634	1	C	9	N	2500	2	1	182	86	17	10	20	0	0	0	0	0	0	0	0	0	0	0	0	27854572	
635	1	C	9	N	2500	2	2	334	151	35	17	29	0	0	0	0	0	0	0	0	0	0	0	0	27855696	
636	1	C	9	N	2500	2	1	224	143	38	18	30	0	0	0	0	0	0	0	0	0	0	0	0	27856195	
637	1	C	9	N	2500	2	1	284	137	32	15	27	0	0	0	0	0	0	0	0	0	0	0	0	27856912	
638	1	C	9	N	2500	2	1	204	146	39	17	30	0	0	0	0	0	0	0	0	0	0	0	0	27857724	
639	1	C	9	N	2500	2	1	321	126	24	10	20	0	0	0	0	0	0	0	0	0	0	0	0	27857864	
640	1	C	9	N	2500	2	2	324	153	30	16	25	0	0	0	0	0	0	0	0	0	0	0	0	27858753	
641	1	C	9	N	2500	2	1	200	142	42	19	30	0	0	0	0	0	0	0	0	0	0	0	0	27858956	
642	1	C	9	N	2500	2	1	215	144	34	16	30	0	0	0	0	0	0	0	0	0	0	0	0	27859065	
643	1	C	9	N	2500	2	1	143	135	31	15	25	0	0	0	0	0	0	0	0	0	0	0	0	27859159	
644	1	C	9	N	2500	6	40	373	175	37	20	29	0	0	0	0	0	0	0	0	0	0	0	0	27859876	
645	1	C	9	N	2500	2	1	297	123	25	11	22	0	0	0	0	0	0	0	0	0	0	0	0	27860064	
646	1	D	9	N	2500	2	1	220	136	28	14	26	0	0	0	0	0	0	0	0	0	0	0	0	27867676	
647	1	D	9	N	2500	2	1	234	154	37	19	30	0	0	0	0	0	0	0	0	0	0	0	0	27868113	
648	1	D	9	N	2500	2	1	311	132	27	14	25	0	0	0	0	0	0	0	0	0	0	0	0	27869080	
649	1	D	9	N	2500	2	1	206	174	54	23	38	0	0	0	0	0	0	0	0	0	0	0	0	27869845	
650	1	D	9	N	2500	2	1	301	141	34	15	25	0	0	0	0	0	0	0	0	0	0	0	0	27870484	
651	1	D	9	N	2500	2	1	253	88	16	9	17	0	0	0	0	0	0	0	0	0	0	0	0	27871264	
652	1	D	9	N	2500	2	1	283	114	25	11	22	0	0	0	0	0	0	0	0	0	0	0	0	27871342	
653	1	D	9	N	2500	2	1	286	126	30	15	26	0	0	0	0	0	0	0	0	0	0	0	0	27871639	
654	1	D	9	N	2500	2	1	221	135	32	16	25	0	0	0	0	0	0	0	0	0	0	0	0	27871654	
655	1	D	9	N	2500	6	40	444	187	56	24	40	0	0	0	0	0	0	0	0	0	0	0	0	27871795	
656	1	D	9	N	2500	2	1	305	136	26	14	24	0	0	0	0	0	0	0	0	0	0	0	0	27872481	
657	1	D	9	N	2500	2	2	411	160	31	16	28	0	0	0	0	0	0	0	0	0	0	0	0	27872512	
658	1	D	9	N	2500	2	1	290	115	21	10	20	0	0	0	0	0	0	0	0	0	0	0	0	27872949	
659	1	D	9	N	2500	6	40	377	181	41	21	30	0	0	0	0	0	0	0	0	0	0	0	0	27873979	
660	1	D	9	N	2500	2	1	224	151	44	20	34	0	0	0	0	0	0	0	0	0	0	0	0	27874338	
661	1	D	9	N	2500	2	1	246	147	28	15	24	0	0	0	0	0	0	0	0	0	0	0	0	27874447	
662	1	D	9	N	2500	8	40	418	202	51	24	39	0	0	0	0	0	0	0	0	0	0	0	0	27874447	
663	1	E	9	N	2500	2	1	306	114	19	11	21	0	0	0	0	0	0	0	0	0	0	0	0	27883604	
664	1	E	9	N	2500	2	1	198	132	28	16	28	0	0	0	0	0	0	0	0	0	0	0	0	27885133	
665	1	E	9	N	2500	2	1	164	86	19	11	19	0	0	0	0	0	0	0	0	0	0	0	0	27885304	
666	1	E	9	N	2500	6	40	362	151	41	21	35	0	0	0	0	0	0	0	0	0	0	0	0	27885601	
667	1	E	9	N	2500	2	1	262	97	20	12	15	0	0	0	0	0	0	0	0	0	0	0	0	27886958	
668	1	E	9	N	2500	6	40	345	168	44	23	35	0	0	0	0	0	0	0	0	0	0	0	0	27887566	
669	1	E	9	N	2500	2	1	181	119	21	12	16	0	0	0	0	0	0	0	0	0	0	0	0	27887847	
670	1	E	9	N	2500	2	1	177	98	19	11	18	0	0	0	0	0	0	0	0	0	0	0	0	27887956	
671	1	E	9	N	2500	2	1	227	153	33	17	29	0	0	0	0	0	0	0	0	0	0	0	0	27888705	
672	1	E	9	N	2500	6	40	294	162	37	18	32	0	0	0	0	0	0	0	0	0	0	0	0	27888830	
673	1	E	9	N	2500	0	1	192	168	39	20	32	0	0	0	0	0	0	0	0	0	0	0	0	27889142	
674	1	E	9	N	2500	0	40	413	188	50	23	37	0	0	0	0	0	0	0	0	0	0	0	0	27889267	
675	1	F	9	N	2500	2	1	277	124	28	14	28	0	0	0	0	0	0	0	0	0	0	0	0	27898377	
676	1	F	9	N	2500	2	1	170	156	37	19	32	0	0	0	0	0	0	0	0	0	0	0	0	27898502	
677	1	F	9	N	2500	6	40	380	165	36	16	33	0	0	0	0	0	0	0	0	0	0	0	0	27899438	
678	1	F	9	N	2500	6	40	256	170	43	20	34	0	0	0	0	0	0	0	0	0	0	0	0	27899610	
679	1	F	9	N	2500	2	1	263	92	18	8	18	0	0	0	0	0	0	0	0	0	0	0	0	27899688	
680	1	F	9	N	2500	2	1	233	146	39	19	32	0	0	0	0	0	0	0	0	0	0	0	0	27899953	
681	1	F	9	N	2500	6	40	297	179	41	21	38	0	0	0	0	0	0	0	0	0	0	0	0	27900000	
682	1	F	9	N	2500	0	1	240	83	17	8	20	0	0	0	0	0	0	0	0	0	0	0	0	27900203	
683	1	F	9	N	2500	0	1	281	148	33	18	29	0	0	0	0	0	0	0	0	0	0	0	0	27900374	
684	1	F	9	N	2500	0	2	296	146	34	16	28	0	0	0	0	0	0	0	0	0	0	0	0	27901466	
685	1	F	9	N	2500	0	1	257	135	27	13	23	0	0	0	0	0	0	0	0	0	0	0	0	27901482	
686	1	F	9	N	2500	0	40	472	204	43	21	37	0	0	0	0	0	0	0	0	0	0	0	0	27901716	
687	1	F	9	N	2500	0	1	214	154	44	19	32	0	0	0	0	0	0	0	0	0	0	0	0	27901934	
688	1	F	9	N	2500	0	1	178	147	34	17	25	0	0	0	0	0	0	0	0	0	0	0	0	27902168	
689	1	F	9	N	2500	0	1	214	64	12	5	8	0	0	0	0	0	0	0	0	0	0	0	0	27902309	
690	1	F	9	N	2500	0	1	305	131	27	14	26	0	0	0	0	0	0	0	0	0	0	0	0	27902496	
691	1	F	9	N	2500	0	1	139	87	26	13	19	0	0	0	0	0	0	0	0	0	0	0	0	27902792	
692	1	F	9	N	2500	0	1	230	156	38	19	32	0	0	0	0	0	0	0	0	0	0	0	0	27903588	
693	1	G	9	N	2500	2	1	242	143	38	17	33	0	0	0	0	0	0	0	0	0	0	0	0	27910639	
694	1	G	9	N	2500	2	2	329	143	32	17	27	0	0	0	0	0	0	0	0	0	0	0	0	27912183	
695	1	G	9	N	2500	2	1	279	103	20	10	17	0	0	0	0	0	0	0	0	0	0	0	0	27912589	
696	1	G	9	N	2500	2	1	213	154	33	15	25	0	0	0	0	0	0	0	0	0	0	0	0	27913260	
697	1	G	9	N	2500	2	1	224	156	34	19	35	0	0	0	0	0	0	0	0	0	0	0	0	27913307	
698	1	G	9	N	2500	2	1	234	125	33	16	23	0	0	0	0	0	0	0	0	0	0	0	0	27914336	
699	1	G	9	N	2500	2	2	354	151	31	16	32	0	0	0	0	0	0	0	0	0	0	0	0	27914461	
700	1	G	9	N	2500	2	1	103	24	4	2	4	0	0	0	0	0	0	0	0	0	0	0	0	27914711	
701	1	G	9	N	2500	6	40	297	186	51	23	44	0	0	0	0	0	0	0	0	0	0	0	0	27914851	
702	1	G	9	N	2500	6	40	400	201	51	25	43	0	0	0	0	0	0	0	0	0	0	0	0	27915038	
703	1	G	9	N	2500	6	40	372	160	39	19	27	0	0	0	0	0	0	0	0	0	0	0	0	27915085	
704	1	G	9	N	2500	0	40	310	180	41	23	40	0	0	0	0	0	0	0	0	0	0	0	0	27915491	
705	1	G	9	N	2500	0	1	296	131	26	13	25	0	0	0	0	0	0	0	0	0	0	0	0	27915693	
706	1	G	9	N	2500	0	2	324	136	28	14	26	0	0	0	0	0	0	0	0	0	0	0	0	27915709	
707	1	G	9	N	2500	0	2	334	161	35	17	26	0	0	0	0	0	0	0	0	0	0	0	0	27916130	
708	1	G	9	N	2500	0	40	291	160	42	20	31	0	0	0	0	0	0	0	0	0	0	0	0	27916957	
709	1	G	9	N	2500	0	40	314	173	52	24	40	0	0	0	0	0	0	0	0	0	0	0	0	27917378	
710	1	G	9	N	2500	0	1	226	114	30	16	26	0	0	0	0	0	0	0	0	0	0	0	0	27917768	
711	1	A	10	N	2500	6	40	327	169	44	18	36	0	0	0	0	0	0	0	0	0	0	0	0	27942354	
712	1	A	10	N	2500	2	1	315	136	29	14	26	0	0	0	0	0	0	0	0	0	0	0	0	27944491	
713	1	A	10	N	2500	2	1	75	16	5	3	8	0	0	0	0	0	0	0	0	0	0	0	0	27945396	
714	1	A	10	N	2500	33	1	233	49	21	18	43	0	0	0	0	0	0	0	0	0	0	0	0	27945396	
715	1	A	10	N	2500	2	1	237	114	20	11	20	0	0	0	0	0	0	0	0	0	0	0	0	27945957	
716	1	A	10	N	2500	2	2	312	141	31	16	28	0	0	0	0	0	0	0	0	0	0	0	0	27946535	
717	1	B	10	N	2500	2	1	314	128	29	13	26	0	0	0	0	0	0	0	0	0	0	0	0	27956160	
718	1	B	10	N	2500	2	1	70	12	2	0	2	0	0	0	0	0	0	0	0	0	0	0	0	27956222	
719	1	B	10	N	2500	2	1	103	93	30	16	43	0	0	0	0	0	0	0	0	0	0	0	0	27956503	
720	1	B	10	N	2500	2	1	269	94	18	11	20	0	0	0	0	0	0	0	0	0	0	0	0	27956721	
721	1	B	10	N	2500	2	1	187	167	45	23	40	0	0	0	0	0	0	0	0	0	0	0	0	27957189	
722	1	B	10	N	2500	2	1	262	94	18	10	19	0	0	0	0	0	0	0	0	0	0	0	0	27958500	
723	1	B	10	N	2500	2	2	342	151	31	16	26	0	0	0	0	0	0	0	0	0	0	0	0	27961495	
724	1	C	10	N	2500	2	1	273	118	25	11	24	0	0	0	0	0	0	0	0	0	0	0	0	27971105	
725	1	C	10	N	2500	2	1	131	88	23	9	16	0	0	0	0	0	0	0	0	0	0	0	0	27974630	
726	1	C	10	N	2500	2	1	148	112	21	11	20	0	0	0	0	0	0	0	0	0	0	0	0	27975363	
727	1	C	10	N	2500	6	40	260	162	38	21	31	0	0	0	0	0	0	0	0	0	0	0	0	27975660	
728	1	C	10	N	2500	2	1	263	153	40	17	30	0	0	0	0	0	0	0	0	0	0	0	0	27975675	
729	1	C	10	N	2500	6	40	358	159	38	17	28	0	0	0	0	0	0	0	0	0	0	0	0	27975738	
730	1	C	10	N	2500	2	1	252	145	33	16	28	0	0	0	0	0	0	0	0	0	0	0	0	27976050	
731	1	D	10	N	2500	2	1	145	103	24	14	24	0	0	0	0	0	0	0	0	0	0	0	0	27984786	
732	1	D	10	N	2500	2	1	293	118	23	12	20	0	0	0	0	0	0	0	0	0	0	0	0	27986096	
733	1	D	10	N	2500	2	1	223	160	39	19	29	0	0	0	0	0	0	0	0	0	0	0	0	27986330	
734	1	D	10	N	2500	2	2	361	154	34	18	34	0	0	0	0	0	0	0	0	0	0	0	0	27986439	
735	1	D	10	N	2500	6	40	321	156	38	19	36	0	0	0	0	0	0	0	0	0	0	0	0	27987048	
736	1	D	10	N	2500	2	1	254	124	30	13	21	0	0	0	0	0	0	0	0	0	0	0	0	27987422	
737	1	D	10	N	2500	2	1	242	138	28	15	25	0	0	0	0	0	0	0	0	0	0	0	0	27987968	
738	1	D	10	N	2500	2	1	249	140	30	17	28	0	0	0	0	0	0	0	0	0	0	0	0	27988077	
739	1	D	10	N	2500	2	1	275	108	21	11	20	0	0	0	0	0	0	0	0	0	0	0	0	27989201	
740	1	D	10	N	2500	2	2	266	174	36	18	27	0	0	0	0	0	0	0	0	0	0	0	0	27989341	
741	1	D	10	N	2500	2	1	219	167	42	20	32	0	0	0	0	0	0	0	0	0	0	0	0	27989435	
742	1	D	10	N	2500	6	40	335	153	44	18	33	0	0	0	0	0	0	0	0	0	0	0	0	27989466	
743	1	D	10	N	2500	6	40	334	159	39	19	28	0	0	0	0	0	0	0	0	0	0	0	0	27991041	
744	1	E	10	N	2500	2	1	130	130	26	15	22	0	0	0	0	0	0	0	0	0	0	0	0	27999637	
745	1	E	10	N	2500	2	1	433	152	43	15	30	0	0	0	0	0	0	0	0	0	0	0	0	27999918	
746	1	E	10	N	2500	6	40	402	187	42	19	37	0	0	0	0	0	0	0	0	0	0	0	0	28000339	
747	1	E	10	N	2500	2	1	275	100	19	10	20	0	0	0	0	0	0	0	0	0	0	0	0	28001103	
748	1	E	10	N	2500	2	2	319	151	30	17	27	0	0	0	0	0	0	0	0	0	0	0	0	28001291	
749	1	E	10	N	2500	6	40	374	173	40	22	40	0	0	0	0	0	0	0	0	0	0	0	0	28003116	
750	1	E	10	N	2500	2	1	231	130	33	14	24	0	0	0	0	0	0	0	0	0	0	0	0	28003849	
751	1	E	10	N	2500	2	2	315	143	30	15	22	0	0	0	0	0	0	0	0	0	0	0	0	28004411	
752	1	F	10	N	2500	2	1	231	158	36	18	29	0	0	0	0	0	0	0	0	0	0	0	0	28013162	
753	1	F	10	N	2500	2	1	252	89	15	9	16	0	0	0	0	0	0	0	0	0	0	0	0	28014036	
754	1	F	10	N	2500	2	1	222	133	28	14	26	0	0	0	0	0	0	0	0	0	0	0	0	28014629	
755	1	F	10	N	2500	6	40	349	165	39	20	33	0	0	0	0	0	0	0	0	0	0	0	0	28015456	
756	1	F	10	N	2500	2	1	438	156	37	17	31	0	0	0	0	0	0	0	0	0	0	0	0	28016594	
757	1	F	10	N	2500	4	40	256	171	38	20	30	0	0	0	0	0	0	0	0	0	0	0	0	28017062	
758	1	F	10	N	2500	2	1	170	130	34	14	25	0	0	0	0	0	0	0	0	0	0	0	0	28017062	
759	1	F	10	N	2500	2	1	168	85	17	10	19	0	0	0	0	0	0	0	0	0	0	0	0	28017437	
760	1	F	10	N	2500	2	1	311	133	26	13	24	0	0	0	0	0	0	0	0	0	0	0	0	28018092	
761	1	F	10	N	2500	6	40	420	178	40	20	29	0	0	0	0	0	0	0	0	0	0	0	0	28018716	
762	1	F	10	N	2500	6	40	281	166	43	21	34	0	0	0	0	0	0	0	0	0	0	0	0	28019215	
763	1	F	10	N	2500	0	1	270	113	24	13	22	0	0	0	0	0	0	0	0	0	0	0	0	28019683	
764	1	F	10	N	2500	0	2	300	162	31	17	27	0	0	0	0	0	0	0	0	0	0	0	0	28020463	
765	1	F	10	N	2500	0	1	311	127	25	12	24	0	0	0	0	0	0	0	0	0	0	0	0	28020510	
766	1	G	10	N	2500	2	1	295	122	23	12	24	0	0	0	0	0	0	0	0	0	0	0	0	28028981	
767	1	G	10	N	2500	2	2	285	150	32	17	30	0	0	0	0	0	0	0	0	0	0	0	0	28030416	
768	1	G	10	N	2500	2	1	321	133	24	12	21	0	0	0	0	0	0	0	0	0	0	0	0	28031726	
769	1	G	10	N	2500	2	2	310	146	33	15	26	0	0	0	0	0	0	0	0	0	0	0	0	28031851	
770	1	G	10	N	2500	6	40	355	173	41	20	35	0	0	0	0	0	0	0	0	0	0	0	0	28032647	
771	1	A	11	N	2500	6	40	465	248	60	28	49	0	0	0	0	0	0	0	0	0	0	0	0	28057685	
772	1	A	11	N	2500	6	40	349	178	42	21	36	0	0	0	0	0	0	0	0	0	0	0	0	28057872	
773	1	A	11	N	2500	2	1	226	86	16	10	19	0	0	0	0	0	0	0	0	0	0	0	0	28059104	
774	1	A	11	N	2500	2	1	283	116	22	12	20	0	0	0	0	0	0	0	0	0	0	0	0	28059588	
775	1	A	11	N	2500	2	1	276	110	18	10	20	0	0	0	0	0	0	0	0	0	0	0	0	28059931	
776	1	A	11	N	2500	2	1	58	49	60	64	76	0	0	0	0	0	0	0	0	0	0	0	0	28060181	
777	1	A	11	N	2500	6	40	343	165	47	19	33	0	0	0	0	0	0	0	0	0	0	0	0	28062396	
778	1	A	11	N	2500	0	40	390	179	42	19	34	0	0	0	0	0	0	0	0	0	0	0	0	28062895	
779	1	A	11	N	2500	0	1	301	125	24	13	25	0	0	0	0	0	0	0	0	0	0	0	0	28063691	
780	1	A	11	N	2500	0	1	282	119	22	11	18	0	0	0	0	0	0	0	0	0	0	0	0	28063925	
781	1	A	11	N	2500	0	40	345	170	45	19	30	0	0	0	0	0	0	0	0	0	0	0	0	28064564	
782	1	B	11	N	2500	2	1	86	27	23	27	55	0	0	0	0	0	0	0	0	0	0	0	0	28071725	
783	1	B	11	N	2500	2	1	55	18	5	4	9	0	0	0	0	0	0	0	0	0	0	0	0	28072099	
784	1	B	11	N	2500	6	40	327	147	37	16	29	0	0	0	0	0	0	0	0	0	0	0	0	28072661	
785	1	B	11	N	2500	2	2	311	144	35	16	27	0	0	0	0	0	0	0	0	0	0	0	0	28072957	
786	1	B	11	N	2500	2	1	82	27	6	5	13	0	0	0	0	0	0	0	0	0	0	0	0	28073332	
787	1	B	11	N	2500	6	40	371	185	43	19	39	0	0	0	0	0	0	0	0	0	0	0	0	28073550	
788	1	B	11	N	2500	2	1	211	93	16	10	18	0	0	0	0	0	0	0	0	0	0	0	0	28074798	
789	1	B	11	N	2500	2	1	213	155	39	19	32	0	0	0	0	0	0	0	0	0	0	0	0	28075172	
790	1	B	11	N	2500	2	1	81	30	6	4	9	0	0	0	0	0	0	0	0	0	0	0	0	28075594	
791	1	B	11	N	2500	6	40	324	155	37	18	26	0	0	0	0	0	0	0	0	0	0	0	0	28075968	
792	1	B	11	N	2500	0	40	328	160	36	17	27	0	0	0	0	0	0	0	0	0	0	0	0	28076342	
793	1	B	11	N	2500	0	1	189	142	39	18	29	0	0	0	0	0	0	0	0	0	0	0	0	28076623	
794	1	B	11	N	2500	0	2	331	164	34	17	34	0	0	0	0	0	0	0	0	0	0	0	0	28076670	
795	1	B	11	N	2500	0	1	235	166	47	20	34	0	0	0	0	0	0	0	0	0	0	0	0	28077434	
796	1	C	11	N	2500	2	1	189	74	18	9	21	0	0	0	0	0	0	0	0	0	0	0	0	28085921	
797	1	C	11	N	2500	2	1	256	99	16	12	22	0	0	0	0	0	0	0	0	0	0	0	0	28087730	
798	1	C	11	N	2500	2	1	208	128	28	15	26	0	0	0	0	0	0	0	0	0	0	0	0	28088042	
799	1	C	11	N	2500	2	1	217	154	42	20	34	0	0	0	0	0	0	0	0	0	0	0	0	28088261	
800	1	C	11	N	2500	6	40	357	169	36	17	29	0	0	0	0	0	0	0	0	0	0	0	0	28088760	
801	1	C	11	N	2500	2	1	285	111	21	11	22	0	0	0	0	0	0	0	0	0	0	0	0	28089025	
802	1	C	11	N	2500	6	40	352	187	45	20	38	0	0	0	0	0	0	0	0	0	0	0	0	28089961	
803	1	C	11	N	2500	2	1	165	132	37	16	29	0	0	0	0	0	0	0	0	0	0	0	0	28090507	
804	1	C	11	N	2500	6	40	362	188	55	22	40	0	0	0	0	0	0	0	0	0	0	0	0	28090694	
805	1	C	11	N	2500	0	40	330	208	45	24	37	0	0	0	0	0	0	0	0	0	0	0	0	28090757	
806	1	C	11	N	2500	0	1	184	92	16	10	18	0	0	0	0	0	0	0	0	0	0	0	0	28090819	
807	1	C	11	N	2500	0	1	121	66	12	6	14	0	0	0	0	0	0	0	0	0	0	0	0	28092364	
808	1	C	11	N	2500	0	1	51	19	4	4	8	0	0	0	0	0	0	0	0	0	0	0	0	28092660	
809	1	C	11	N	2500	0	1	154	153	38	21	31	0	0	0	0	0	0	0	0	0	0	0	0	28092941	
810	1	C	11	N	2500	0	1	187	127	31	14	26	0	0	0	0	0	0	0	0	0	0	0	0	28093003	
811	1	C	11	N	2500	0	1	242	117	28	15	21	0	0	0	0	0	0	0	0	0	0	0	0	28093315	
812	1	D	11	N	2500	2	1	214	121	22	12	24	0	0	0	0	0	0	0	0	0	0	0	0	28102847	
813	1	D	11	N	2500	2	1	299	137	32	13	25	0	0	0	0	0	0	0	0	0	0	0	0	28103455	
814	1	D	11	N	2500	2	2	358	168	34	20	32	0	0	0	0	0	0	0	0	0	0	0	0	28104282	
815	1	D	11	N	2500	2	1	311	132	26	13	24	0	0	0	0	0	0	0	0	0	0	0	0	28104875	
816	1	D	11	N	2500	2	1	61	29	6	4	11	0	0	0	0	0	0	0	0	0	0	0	0	28105358	
817	1	D	11	N	2500	2	1	288	110	23	11	22	0	0	0	0	0	0	0	0	0	0	0	0	28106045	
818	1	D	11	N	2500	2	1	266	151	30	16	28	0	0	0	0	0	0	0	0	0	0	0	0	28106185	
819	1	D	11	N	2500	6	40	438	193	47	24	39	0	0	0	0	0	0	0	0	0	0	0	0	28106388	
820	1	E	11	N	2500	6	40	322	221	51	27	44	0	0	0	0	0	0	0	0	0	0	0	0	28114984	
821	1	E	11	N	2500	2	1	95	24	5	4	11	0	0	0	0	0	0	0	0	0	0	0	0	28115467	
822	1	E	11	N	2500	6	40	326	152	37	17	30	0	0	0	0	0	0	0	0	0	0	0	0	28117090	
823	1	E	11	N	2500	2	1	241	96	21	11	22	0	0	0	0	0	0	0	0	0	0	0	0	28117152	
824	1	E	11	N	2500	6	40	377	188	45	21	36	0	0	0	0	0	0	0	0	0	0	0	0	28117464	
825	1	E	11	N	2500	0	2	324	138	25	13	24	0	0	0	0	0	0	0	0	0	0	0	0	28117651	
826	1	E	11	N	2500	0	40	348	142	36	14	25	0	0	0	0	0	0	0	0	0	0	0	0	28117682	
827	1	E	11	N	2500	0	1	286	122	23	11	20	0	0	0	0	0	0	0	0	0	0	0	0	28118556	
828	1	E	11	N	2500	0	40	348	163	36	18	34	0	0	0	0	0	0	0	0	0	0	0	0	28118852	
829	1	E	11	N	2500	0	1	241	89	15	9	15	0	0	0	0	0	0	0	0	0	0	0	0	28119118	
830	1	E	11	N	2500	0	1	69	20	6	5	10	0	0	0	0	0	0	0	0	0	0	0	0	28119445	
831	1	E	11	N	2500	0	1	196	95	24	14	20	0	0	0	0	0	0	0	0	0	0	0	0	28120225	
832	1	E	11	N	2500	0	1	154	108	24	13	23	0	0	0	0	0	0	0	0	0	0	0	0	28120319	
833	1	E	11	N	2500	0	1	198	88	13	9	17	0	0	0	0	0	0	0	0	0	0	0	0	28120444	
834	1	E	11	N	2500	0	40	383	187	43	22	38	0	0	0	0	0	0	0	0	0	0	0	0	28120490	
835	1	E	11	N	2500	0	1	267	151	35	17	31	0	0	0	0	0	0	0	0	0	0	0	0	28121036	
836	1	E	11	N	2500	0	40	418	238	74	31	49	0	0	0	0	0	0	0	0	0	0	0	0	28121707	
837	1	E	11	N	2500	0	1	220	104	27	14	23	0	0	0	0	0	0	0	0	0	0	0	0	28122004	
838	1	E	11	N	2500	0	1	268	107	18	12	20	0	0	0	0	0	0	0	0	0	0	0	0	28122035	
839	1	F	11	N	2500	6	40	309	151	38	17	29	0	0	0	0	0	0	0	0	0	0	0	0	28129726	
840	1	F	11	N	2500	2	1	305	108	19	12	20	0	0	0	0	0	0	0	0	0	0	0	0	28130085	
841	1	F	11	N	2500	6	40	431	232	69	28	46	0	0	0	0	0	0	0	0	0	0	0	0	28130178	
842	1	F	11	N	2500	2	1	279	133	28	14	24	0	0	0	0	0	0	0	0	0	0	0	0	28130303	
843	1	F	11	N	2500	2	1	154	37	6	2	7	0	0	0	0	0	0	0	0	0	0	0	0	28131208	
844	1	F	11	N	2500	2	1	241	157	318	344	370	0	0	0	0	0	0	0	0	0	0	0	0	28131879	
845	1	F	11	N	2500	2	1	50	53	58	60	69	0	0	0	0	0	0	0	0	0	0	0	0	28132035	
846	1	F	11	N	2500	2	1	149	142	41	20	32	0	0	0	0	0	0	0	0	0	0	0	0	28132315	
847	1	F	11	N	2500	2	1	555	220	56	28	47	0	0	0	0	0	0	0	0	0	0	0	0	28132487	
848	1	F	11	N	2500	2	1	159	106	23	10	20	0	0	0	0	0	0	0	0	0	0	0	0	28132581	
849	1	F	11	N	2500	6	40	378	158	43	20	34	0	0	0	0	0	0	0	0	0	0	0	0	28132674	
850	1	F	11	N	2500	0	40	330	187	47	22	38	0	0	0	0	0	0	0	0	0	0	0	0	28133189	
851	1	F	11	N	2500	0	40	384	184	44	22	35	0	0	0	0	0	0	0	0	0	0	0	0	28133251	
852	1	F	11	N	2500	0	1	245	95	19	11	20	0	0	0	0	0	0	0	0	0	0	0	0	28133517	
853	1	F	11	N	2500	0	1	221	159	37	18	25	0	0	0	0	0	0	0	0	0	0	0	0	28133719	
854	1	F	11	N	2500	0	40	456	209	46	22	36	0	0	0	0	0	0	0	0	0	0	0	0	28134328	
855	1	F	11	N	2500	0	2	314	144	31	15	27	0	0	0	0	0	0	0	0	0	0	0	0	28134375	
856	1	F	11	N	2500	0	1	205	78	18	10	19	0	0	0	0	0	0	0	0	0	0	0	0	28135045	
857	1	F	11	N	2500	0	40	271	171	37	20	31	0	0	0	0	0	0	0	0	0	0	0	0	28135217	
858	1	F	11	N	2500	0	1	313	110	20	12	22	0	0	0	0	0	0	0	0	0	0	0	0	28135981	
859	1	G	11	N	2500	6	40	387	202	49	22	38	0	0	0	0	0	0	0	0	0	0	0	0	28144951	
860	1	G	11	N	2500	2	1	211	164	41	22	34	0	0	0	0	0	0	0	0	0	0	0	0	28145482	
861	1	G	11	N	2500	6	40	262	175	44	21	32	0	0	0	0	0	0	0	0	0	0	0	0	28145513	
862	1	G	11	N	2500	2	1	90	39	7	4	8	0	0	0	0	0	0	0	0	0	0	0	0	28145591	
863	1	G	11	N	2500	33	1	53	34	5	3	5	0	0	0	0	0	0	0	0	0	0	0	0	28145591	
864	1	G	11	N	2500	2	2	391	148	33	16	26	0	0	0	0	0	0	0	0	0	0	0	0	28146340	
865	1	G	11	N	2500	2	1	259	119	32	15	23	0	0	0	0	0	0	0	0	0	0	0	0	28146808	
866	1	G	11	N	2500	2	1	232	141	31	15	29	0	0	0	0	0	0	0	0	0	0	0	0	28146933	
867	1	G	11	N	2500	2	1	231	99	23	12	23	0	0	0	0	0	0	0	0	0	0	0	0	28146948	
868	1	G	11	N	2500	2	1	242	155	40	19	26	0	0	0	0	0	0	0	0	0	0	0	0	28147619	
869	1	G	11	N	2500	2	1	211	94	20	11	17	0	0	0	0	0	0	0	0	0	0	0	0	28147806	
870	1	G	11	N	2500	6	40	263	164	47	21	39	0	0	0	0	0	0	0	0	0	0	0	0	28148040	
871	1	G	11	N	2500	0	1	226	153	30	17	26	0	0	0	0	0	0	0	0	0	0	0	0	28148430	
872	1	G	11	N	2500	0	1	264	150	312	341	391	0	0	0	0	0	0	0	0	0	0	0	0	28149475	
873	1	G	11	N	2500	0	40	344	158	40	17	31	0	0	0	0	0	0	0	0	0	0	0	0	28149772	
874	1	G	11	N	2500	0	1	220	166	51	22	36	0	0	0	0	0	0	0	0	0	0	0	0	28149881	
875	1	G	11	N	2500	0	40	374	209	52	27	46	0	0	0	0	0	0	0	0	0	0	0	0	28150380	
876	1	G	11	N	2500	0	1	153	94	18	11	15	0	0	0	0	0	0	0	0	0	0	0	0	28150770	
877	1	H	11	N	2500	2	2	318	141	31	15	27	0	0	0	0	0	0	0	0	0	0	0	0	28158601	
878	1	H	11	N	2500	2	1	214	147	29	14	26	0	0	0	0	0	0	0	0	0	0	0	0	28164763	


Threshold source: EXT,  value 50
Min TOF = 50
EXT signal gain 1.6
Green signal gain 3.0
Yellow signal gain 3.0
Red signal gain 3.0
Green PMT voltage 700
Yellow PMT voltage 700
Red PMT voltage 900
Signal multipliers: 1.0,1.0,1.0,1.0
C:\Users\unionbio\Desktop\COPAS Templates\USE for L4 dispense_columns_KSE.csv