Id	Plate	Row	Column	Clog	Scan rate	Status sort	Status sel	TOF	EXT	Green	Yellow	Red	PH Ext	PW Ext	PC Ext	PH Green	PW Green	PCGreen	PH Yellow	PW Yellow	PCYellow	PH Red	PW Red	PCRed	Time Stamp	
0	1	A	1	N	2500	2	1	222	170	38	20	33	0	0	0	0	0	0	0	0	0	0	0	0	28328018	
1	1	A	1	N	2500	2	1	257	93	15	8	13	0	0	0	0	0	0	0	0	0	0	0	0	28328158	
2	1	A	1	N	2500	6	40	316	179	47	21	35	0	0	0	0	0	0	0	0	0	0	0	0	28328408	
3	1	A	1	N	2500	6	40	333	165	39	18	34	0	0	0	0	0	0	0	0	0	0	0	0	28329437	
4	1	A	1	N	2500	2	1	227	104	20	10	18	0	0	0	0	0	0	0	0	0	0	0	0	28330170	
5	1	A	1	N	2500	6	40	342	160	38	17	29	0	0	0	0	0	0	0	0	0	0	0	0	28330576	
6	1	A	1	N	2500	0	2	332	145	29	15	27	0	0	0	0	0	0	0	0	0	0	0	0	28331091	
7	1	A	1	N	2500	0	40	369	162	36	19	29	0	0	0	0	0	0	0	0	0	0	0	0	28331122	
8	1	A	1	N	2500	0	1	131	102	25	13	19	0	0	0	0	0	0	0	0	0	0	0	0	28331200	
9	1	A	1	N	2500	0	1	193	147	29	16	26	0	0	0	0	0	0	0	0	0	0	0	0	28332620	
10	1	A	1	N	2500	0	40	395	178	37	18	30	0	0	0	0	0	0	0	0	0	0	0	0	28332885	
11	1	A	1	N	2500	0	2	350	137	26	13	23	0	0	0	0	0	0	0	0	0	0	0	0	28333961	
12	1	B	1	N	2500	6	40	292	181	41	19	35	0	0	0	0	0	0	0	0	0	0	0	0	28343243	
13	1	B	1	N	2500	6	40	370	160	39	18	30	0	0	0	0	0	0	0	0	0	0	0	0	28344554	
14	1	B	1	N	2500	2	1	252	141	28	15	27	0	0	0	0	0	0	0	0	0	0	0	0	28346004	
15	1	B	1	N	2500	2	2	341	142	27	16	24	0	0	0	0	0	0	0	0	0	0	0	0	28346348	
16	1	B	1	N	2500	2	1	220	61	11	5	10	0	0	0	0	0	0	0	0	0	0	0	0	28347143	
17	1	B	1	N	2500	2	2	339	137	28	13	23	0	0	0	0	0	0	0	0	0	0	0	0	28348001	
18	1	B	1	N	2500	2	1	177	94	28	15	29	0	0	0	0	0	0	0	0	0	0	0	0	28348750	
19	1	C	1	N	2500	2	1	202	133	46	20	31	0	0	0	0	0	0	0	0	0	0	0	0	28356722	
20	1	C	1	N	2500	6	40	323	170	46	21	39	0	0	0	0	0	0	0	0	0	0	0	0	28357923	
21	1	C	1	N	2500	2	1	212	177	37	19	28	0	0	0	0	0	0	0	0	0	0	0	0	28358984	
22	1	C	1	N	2500	6	40	369	180	44	21	36	0	0	0	0	0	0	0	0	0	0	0	0	28359389	
23	1	C	1	N	2500	2	1	199	121	32	15	27	0	0	0	0	0	0	0	0	0	0	0	0	28360232	
24	1	C	1	N	2500	2	1	214	141	37	16	26	0	0	0	0	0	0	0	0	0	0	0	0	28360731	
25	1	C	1	N	2500	6	40	392	187	47	21	38	0	0	0	0	0	0	0	0	0	0	0	0	28360778	
26	1	C	1	N	2500	0	40	453	179	43	21	33	0	0	0	0	0	0	0	0	0	0	0	0	28361979	
27	1	C	1	N	2500	0	40	301	176	44	23	38	0	0	0	0	0	0	0	0	0	0	0	0	28362182	
28	1	C	1	N	2500	0	1	287	102	16	8	14	0	0	0	0	0	0	0	0	0	0	0	0	28363414	
29	1	C	1	N	2500	0	1	229	166	42	18	31	0	0	0	0	0	0	0	0	0	0	0	0	28363430	
30	1	C	1	N	2500	0	2	276	170	35	18	29	0	0	0	0	0	0	0	0	0	0	0	0	28363664	
31	1	D	1	N	2500	2	1	212	151	37	16	27	0	0	0	0	0	0	0	0	0	0	0	0	28371854	
32	1	D	1	N	2500	2	1	215	174	41	20	32	0	0	0	0	0	0	0	0	0	0	0	0	28371932	
33	1	D	1	N	2500	6	40	271	226	58	26	41	0	0	0	0	0	0	0	0	0	0	0	0	28373367	
34	1	D	1	N	2500	2	1	68	14	1	0	2	0	0	0	0	0	0	0	0	0	0	0	0	28373882	
35	1	D	1	N	2500	6	40	399	187	46	23	43	0	0	0	0	0	0	0	0	0	0	0	0	28373960	
36	1	D	1	N	2500	2	1	270	95	19	8	17	0	0	0	0	0	0	0	0	0	0	0	0	28374209	
37	1	D	1	N	2500	6	40	267	178	55	26	42	0	0	0	0	0	0	0	0	0	0	0	0	28376128	
38	1	D	1	N	2500	0	1	148	158	37	21	34	0	0	0	0	0	0	0	0	0	0	0	0	28376206	
39	1	D	1	N	2500	0	2	267	159	35	18	29	0	0	0	0	0	0	0	0	0	0	0	0	28376362	
40	1	D	1	N	2500	0	40	292	165	36	17	30	0	0	0	0	0	0	0	0	0	0	0	0	28377298	
41	1	D	1	N	2500	0	1	220	137	31	16	24	0	0	0	0	0	0	0	0	0	0	0	0	28377829	
42	1	D	1	N	2500	0	40	453	232	61	25	40	0	0	0	0	0	0	0	0	0	0	0	0	28377891	
43	1	E	1	N	2500	2	1	275	132	26	14	24	0	0	0	0	0	0	0	0	0	0	0	0	28384849	
44	1	E	1	N	2500	6	40	328	178	41	21	37	0	0	0	0	0	0	0	0	0	0	0	0	28386970	
45	1	E	1	N	2500	6	40	363	183	42	19	33	0	0	0	0	0	0	0	0	0	0	0	0	28387001	
46	1	E	1	N	2500	6	40	312	182	55	22	35	0	0	0	0	0	0	0	0	0	0	0	0	28387672	
47	1	E	1	N	2500	0	1	176	112	23	12	22	0	0	0	0	0	0	0	0	0	0	0	0	28387703	
48	1	E	1	N	2500	0	2	355	142	32	16	29	0	0	0	0	0	0	0	0	0	0	0	0	28388561	
49	1	E	1	N	2500	0	1	228	110	31	15	24	0	0	0	0	0	0	0	0	0	0	0	0	28388639	
50	1	E	1	N	2500	0	2	326	142	30	16	27	0	0	0	0	0	0	0	0	0	0	0	0	28390153	
51	1	E	1	N	2500	0	40	384	189	50	21	36	0	0	0	0	0	0	0	0	0	0	0	0	28390589	
52	1	E	1	N	2500	0	40	307	171	37	19	35	0	0	0	0	0	0	0	0	0	0	0	0	28390917	
53	1	F	1	N	2500	2	1	209	149	47	20	33	0	0	0	0	0	0	0	0	0	0	0	0	28398998	
54	1	F	1	N	2500	2	1	192	173	45	23	38	0	0	0	0	0	0	0	0	0	0	0	0	28402508	
55	1	F	1	N	2500	6	40	503	236	77	29	42	0	0	0	0	0	0	0	0	0	0	0	0	28402617	
56	1	F	1	N	2500	6	40	275	206	58	24	43	0	0	0	0	0	0	0	0	0	0	0	0	28403881	
57	1	F	1	N	2500	6	40	299	173	42	19	36	0	0	0	0	0	0	0	0	0	0	0	0	28404286	
58	1	F	1	N	2500	0	40	465	177	54	19	38	0	0	0	0	0	0	0	0	0	0	0	0	28405378	
59	1	G	1	N	2500	6	40	316	186	55	25	46	0	0	0	0	0	0	0	0	0	0	0	0	28413069	
60	1	G	1	N	2500	6	40	309	172	51	23	39	0	0	0	0	0	0	0	0	0	0	0	0	28414723	
61	1	G	1	N	2500	6	40	283	187	45	22	32	0	0	0	0	0	0	0	0	0	0	0	0	28415315	
62	1	G	1	N	2500	0	40	286	191	52	25	42	0	0	0	0	0	0	0	0	0	0	0	0	28416704	
63	1	G	1	N	2500	0	1	74	29	25	24	53	0	0	0	0	0	0	0	0	0	0	0	0	28417468	
64	1	G	1	N	2500	0	40	360	165	44	17	29	0	0	0	0	0	0	0	0	0	0	0	0	28417640	
65	1	G	1	N	2500	0	40	398	168	43	22	34	0	0	0	0	0	0	0	0	0	0	0	0	28417765	
66	1	G	1	N	2500	0	1	97	57	11	6	11	0	0	0	0	0	0	0	0	0	0	0	0	28418638	
67	1	G	1	N	2500	0	1	134	44	10	4	8	0	0	0	0	0	0	0	0	0	0	0	0	28418638	
68	1	G	1	N	2500	0	1	208	140	27	14	23	0	0	0	0	0	0	0	0	0	0	0	0	28419340	
69	1	G	1	N	2500	0	1	207	170	49	24	37	0	0	0	0	0	0	0	0	0	0	0	0	28420619	
70	1	H	1	N	2500	2	1	98	89	54	23	63	0	0	0	0	0	0	0	0	0	0	0	0	28429153	
71	1	A	2	N	2500	2	1	55	22	10	0	3	0	0	0	0	0	0	0	0	0	0	0	0	28443161	
72	1	A	2	N	2500	6	40	329	190	42	22	38	0	0	0	0	0	0	0	0	0	0	0	0	28447093	
73	1	A	2	N	2500	6	40	369	188	44	20	38	0	0	0	0	0	0	0	0	0	0	0	0	28447514	
74	1	C	2	N	2500	2	1	296	139	37	19	35	0	0	0	0	0	0	0	0	0	0	0	0	28474128	
75	1	C	2	N	2500	2	1	174	116	31	14	24	0	0	0	0	0	0	0	0	0	0	0	0	28475953	
76	1	C	2	N	2500	2	1	220	98	28	14	21	0	0	0	0	0	0	0	0	0	0	0	0	28476218	
77	1	C	2	N	2500	6	40	390	148	37	15	26	0	0	0	0	0	0	0	0	0	0	0	0	28476514	
78	1	C	2	N	2500	2	2	292	163	34	18	33	0	0	0	0	0	0	0	0	0	0	0	0	28476670	
79	1	C	2	N	2500	2	1	257	131	28	15	28	0	0	0	0	0	0	0	0	0	0	0	0	28477762	
80	1	C	2	N	2500	2	1	313	137	29	14	27	0	0	0	0	0	0	0	0	0	0	0	0	28479619	
81	1	D	2	N	2500	2	1	98	134	39	0	2	0	0	0	0	0	0	0	0	0	0	0	0	28490118	
82	1	D	2	N	2500	6	40	397	187	49	20	38	0	0	0	0	0	0	0	0	0	0	0	0	28491818	
83	1	D	2	N	2500	2	2	326	145	34	16	28	0	0	0	0	0	0	0	0	0	0	0	0	28492395	
84	1	E	2	N	2500	6	40	245	197	56	24	37	0	0	0	0	0	0	0	0	0	0	0	0	28502738	
85	1	E	2	N	2500	6	40	334	159	44	19	31	0	0	0	0	0	0	0	0	0	0	0	0	28504984	
86	1	E	2	N	2500	2	1	278	107	19	10	18	0	0	0	0	0	0	0	0	0	0	0	0	28505390	
87	1	E	2	N	2500	2	1	224	151	33	16	26	0	0	0	0	0	0	0	0	0	0	0	0	28507512	
88	1	E	2	N	2500	2	2	297	157	34	18	28	0	0	0	0	0	0	0	0	0	0	0	0	28507543	
89	1	E	2	N	2500	2	1	304	125	33	16	25	0	0	0	0	0	0	0	0	0	0	0	0	28507605	
90	1	E	2	N	2500	6	40	413	209	49	24	39	0	0	0	0	0	0	0	0	0	0	0	0	28507980	
91	1	F	2	N	2500	6	40	320	184	40	18	32	0	0	0	0	0	0	0	0	0	0	0	0	28516950	
92	1	F	2	N	2500	6	40	305	143	37	16	26	0	0	0	0	0	0	0	0	0	0	0	0	28516981	
93	1	F	2	N	2500	2	1	290	125	31	14	26	0	0	0	0	0	0	0	0	0	0	0	0	28518135	
94	1	F	2	N	2500	6	40	306	205	49	23	44	0	0	0	0	0	0	0	0	0	0	0	0	28518385	
95	1	F	2	N	2500	0	40	353	152	36	19	33	0	0	0	0	0	0	0	0	0	0	0	0	28518650	
96	1	F	2	N	2500	0	40	350	166	38	20	33	0	0	0	0	0	0	0	0	0	0	0	0	28518822	
97	1	F	2	N	2500	0	1	298	125	24	13	23	0	0	0	0	0	0	0	0	0	0	0	0	28519555	
98	1	F	2	N	2500	0	40	374	169	41	20	30	0	0	0	0	0	0	0	0	0	0	0	0	28519570	
99	1	F	2	N	2500	0	40	351	157	37	17	30	0	0	0	0	0	0	0	0	0	0	0	0	28519758	
100	1	F	2	N	2500	0	1	291	121	28	13	23	0	0	0	0	0	0	0	0	0	0	0	0	28519820	
101	1	F	2	N	2500	0	40	227	191	53	22	34	0	0	0	0	0	0	0	0	0	0	0	0	28520038	
102	1	F	2	N	2500	0	1	260	151	41	21	30	0	0	0	0	0	0	0	0	0	0	0	0	28520350	
103	1	F	2	N	2500	0	1	220	153	43	19	32	0	0	0	0	0	0	0	0	0	0	0	0	28522831	
104	1	G	2	N	2500	6	40	327	155	37	15	27	0	0	0	0	0	0	0	0	0	0	0	0	28530584	
105	1	G	2	N	2500	6	40	245	194	54	24	40	0	0	0	0	0	0	0	0	0	0	0	0	28531270	
106	1	G	2	N	2500	2	2	335	151	35	16	27	0	0	0	0	0	0	0	0	0	0	0	0	28532924	
107	1	G	2	N	2500	2	1	214	114	23	11	20	0	0	0	0	0	0	0	0	0	0	0	0	28533408	
108	1	G	2	N	2500	6	40	355	157	36	18	28	0	0	0	0	0	0	0	0	0	0	0	0	28533673	
109	1	G	2	N	2500	0	40	351	155	43	17	31	0	0	0	0	0	0	0	0	0	0	0	0	28534796	
110	1	G	2	N	2500	0	40	384	171	41	19	41	0	0	0	0	0	0	0	0	0	0	0	0	28535576	
111	1	H	2	N	2500	2	2	385	140	14	2	8	0	0	0	0	0	0	0	0	0	0	0	0	28546496	
112	1	H	2	N	2500	2	1	882	456	51	7	21	0	0	0	0	0	0	0	0	0	0	0	0	28546496	
113	1	H	2	N	2500	2	1	154	31	2	0	3	0	0	0	0	0	0	0	0	0	0	0	0	28546496	
114	1	H	2	N	2500	2	1	139	41	7	4	9	0	0	0	0	0	0	0	0	0	0	0	0	28551628	
115	1	H	2	N	2500	2	1	171	86	19	10	16	0	0	0	0	0	0	0	0	0	0	0	0	28551628	
116	1	A	3	N	2500	6	40	316	179	42	20	35	0	0	0	0	0	0	0	0	0	0	0	0	28560879	
117	1	A	3	N	2500	6	40	231	176	49	22	37	0	0	0	0	0	0	0	0	0	0	0	0	28562065	
118	1	A	3	N	2500	2	1	183	142	38	18	29	0	0	0	0	0	0	0	0	0	0	0	0	28562455	
119	1	A	3	N	2500	2	1	244	147	30	16	25	0	0	0	0	0	0	0	0	0	0	0	0	28563297	
120	1	A	3	N	2500	2	1	158	132	28	15	22	0	0	0	0	0	0	0	0	0	0	0	0	28564826	
121	1	A	3	N	2500	2	1	279	150	30	16	30	0	0	0	0	0	0	0	0	0	0	0	0	28565684	
122	1	A	3	N	2500	2	1	206	136	34	16	26	0	0	0	0	0	0	0	0	0	0	0	0	28566105	
123	1	A	3	N	2500	2	1	535	259	60	27	41	0	0	0	0	0	0	0	0	0	0	0	0	28566246	
124	1	A	3	N	2500	2	2	325	156	33	17	28	0	0	0	0	0	0	0	0	0	0	0	0	28566948	
125	1	B	3	N	2500	2	1	223	152	34	19	30	0	0	0	0	0	0	0	0	0	0	0	0	28574529	
126	1	B	3	N	2500	6	40	410	185	47	22	39	0	0	0	0	0	0	0	0	0	0	0	0	28576963	
127	1	B	3	N	2500	2	1	368	126	26	12	22	0	0	0	0	0	0	0	0	0	0	0	0	28578304	
128	1	B	3	N	2500	6	40	234	205	44	21	33	0	0	0	0	0	0	0	0	0	0	0	0	28578991	
129	1	B	3	N	2500	2	2	335	139	31	15	22	0	0	0	0	0	0	0	0	0	0	0	0	28579474	
130	1	B	3	N	2500	6	40	331	159	40	17	28	0	0	0	0	0	0	0	0	0	0	0	0	28581300	
131	1	C	3	N	2500	2	1	215	165	40	19	33	0	0	0	0	0	0	0	0	0	0	0	0	28589724	
132	1	C	3	N	2500	6	40	334	156	38	17	32	0	0	0	0	0	0	0	0	0	0	0	0	28590457	
133	1	C	3	N	2500	2	2	338	135	27	13	21	0	0	0	0	0	0	0	0	0	0	0	0	28591065	
134	1	C	3	N	2500	6	40	371	163	38	18	30	0	0	0	0	0	0	0	0	0	0	0	0	28591143	
135	1	C	3	N	2500	6	40	254	184	52	22	36	0	0	0	0	0	0	0	0	0	0	0	0	28591721	
136	1	C	3	N	2500	0	2	285	162	34	17	32	0	0	0	0	0	0	0	0	0	0	0	0	28592391	
137	1	C	3	N	2500	0	40	273	193	51	24	34	0	0	0	0	0	0	0	0	0	0	0	0	28592501	
138	1	C	3	N	2500	0	40	278	168	49	21	32	0	0	0	0	0	0	0	0	0	0	0	0	28593515	
139	1	C	3	N	2500	0	40	276	158	57	21	34	0	0	0	0	0	0	0	0	0	0	0	0	28594279	
140	1	C	3	N	2500	0	40	251	170	39	18	29	0	0	0	0	0	0	0	0	0	0	0	0	28594341	
141	1	C	3	N	2500	0	2	366	168	34	15	24	0	0	0	0	0	0	0	0	0	0	0	0	28595168	
142	1	C	3	N	2500	0	1	160	149	34	18	30	0	0	0	0	0	0	0	0	0	0	0	0	28595324	
143	1	D	3	N	2500	6	40	468	203	46	23	45	0	0	0	0	0	0	0	0	0	0	0	0	28604091	
144	1	D	3	N	2500	2	1	256	108	25	11	20	0	0	0	0	0	0	0	0	0	0	0	0	28606291	
145	1	D	3	N	2500	6	40	387	179	44	21	34	0	0	0	0	0	0	0	0	0	0	0	0	28607757	
146	1	D	3	N	2500	2	1	229	160	36	19	29	0	0	0	0	0	0	0	0	0	0	0	0	28607820	
147	1	D	3	N	2500	2	1	218	137	29	14	28	0	0	0	0	0	0	0	0	0	0	0	0	28607835	
148	1	D	3	N	2500	2	1	295	142	31	17	25	0	0	0	0	0	0	0	0	0	0	0	0	28608101	
149	1	D	3	N	2500	6	40	320	190	53	23	34	0	0	0	0	0	0	0	0	0	0	0	0	28608631	
150	1	D	3	N	2500	0	40	401	184	41	20	36	0	0	0	0	0	0	0	0	0	0	0	0	28609801	
151	1	E	3	N	2500	2	1	65	28	39	26	45	0	0	0	0	0	0	0	0	0	0	0	0	28618662	
152	1	E	3	N	2500	2	1	266	142	28	16	26	0	0	0	0	0	0	0	0	0	0	0	0	28619957	
153	1	E	3	N	2500	8	40	377	175	42	19	33	0	0	0	0	0	0	0	0	0	0	0	0	28619972	
154	1	E	3	N	2500	6	40	296	168	44	20	35	0	0	0	0	0	0	0	0	0	0	0	0	28620050	
155	1	E	3	N	2500	6	40	302	167	40	21	31	0	0	0	0	0	0	0	0	0	0	0	0	28621189	
156	1	E	3	N	2500	6	40	279	172	41	21	34	0	0	0	0	0	0	0	0	0	0	0	0	28621361	
157	1	E	3	N	2500	0	1	221	171	45	22	33	0	0	0	0	0	0	0	0	0	0	0	0	28621423	
158	1	E	3	N	2500	0	40	353	170	45	19	32	0	0	0	0	0	0	0	0	0	0	0	0	28621548	
159	1	E	3	N	2500	0	1	212	142	42	21	35	0	0	0	0	0	0	0	0	0	0	0	0	28622063	
160	1	E	3	N	2500	0	40	497	236	65	27	46	0	0	0	0	0	0	0	0	0	0	0	0	28622109	
161	1	E	3	N	2500	0	40	219	178	52	21	38	0	0	0	0	0	0	0	0	0	0	0	0	28622250	
162	1	E	3	N	2500	0	40	434	228	63	27	47	0	0	0	0	0	0	0	0	0	0	0	0	28623061	
163	1	E	3	N	2500	0	40	232	182	47	22	38	0	0	0	0	0	0	0	0	0	0	0	0	28623061	
164	1	E	3	N	2500	0	1	182	136	29	14	20	0	0	0	0	0	0	0	0	0	0	0	0	28623357	
165	1	E	3	N	2500	0	2	425	158	32	16	28	0	0	0	0	0	0	0	0	0	0	0	0	28623435	
166	1	E	3	N	2500	0	1	198	160	41	23	36	0	0	0	0	0	0	0	0	0	0	0	0	28623451	
167	1	E	3	N	2500	0	40	368	172	37	19	35	0	0	0	0	0	0	0	0	0	0	0	0	28623935	
168	1	F	3	N	2500	2	1	203	178	42	20	32	0	0	0	0	0	0	0	0	0	0	0	0	28631641	
169	1	F	3	N	2500	2	1	215	153	41	19	32	0	0	0	0	0	0	0	0	0	0	0	0	28631766	
170	1	F	3	N	2500	6	40	231	183	48	22	40	0	0	0	0	0	0	0	0	0	0	0	0	28631828	
171	1	F	3	N	2500	2	1	200	161	56	23	37	0	0	0	0	0	0	0	0	0	0	0	0	28631922	
172	1	F	3	N	2500	2	1	51	17	3	3	7	0	0	0	0	0	0	0	0	0	0	0	0	28632312	
173	1	F	3	N	2500	6	40	226	191	57	23	41	0	0	0	0	0	0	0	0	0	0	0	0	28632749	
174	1	F	3	N	2500	6	40	254	197	50	24	43	0	0	0	0	0	0	0	0	0	0	0	0	28632951	
175	1	F	3	N	2500	0	2	330	147	32	16	27	0	0	0	0	0	0	0	0	0	0	0	0	28633731	
176	1	F	3	N	2500	0	1	263	159	39	19	35	0	0	0	0	0	0	0	0	0	0	0	0	28634449	
177	1	F	3	N	2500	0	1	153	144	33	16	26	0	0	0	0	0	0	0	0	0	0	0	0	28634870	
178	1	F	3	N	2500	0	1	267	144	29	16	27	0	0	0	0	0	0	0	0	0	0	0	0	28635541	
179	1	F	3	N	2500	0	1	325	131	26	14	21	0	0	0	0	0	0	0	0	0	0	0	0	28635588	
180	1	F	3	N	2500	0	2	335	159	33	17	26	0	0	0	0	0	0	0	0	0	0	0	0	28636009	
181	1	F	3	N	2500	0	40	270	172	45	21	35	0	0	0	0	0	0	0	0	0	0	0	0	28636056	
182	1	F	3	N	2500	0	2	292	146	31	16	25	0	0	0	0	0	0	0	0	0	0	0	0	28636274	
183	1	F	3	N	2500	0	1	284	138	30	15	28	0	0	0	0	0	0	0	0	0	0	0	0	28636820	
184	1	F	3	N	2500	0	1	218	172	51	22	33	0	0	0	0	0	0	0	0	0	0	0	0	28637475	
185	1	F	3	N	2500	0	40	342	175	49	20	34	0	0	0	0	0	0	0	0	0	0	0	0	28637725	
186	1	F	3	N	2500	0	1	66	41	18	9	20	0	0	0	0	0	0	0	0	0	0	0	0	28637928	
187	1	F	3	N	2500	0	40	377	203	58	26	48	0	0	0	0	0	0	0	0	0	0	0	0	28637975	
188	1	F	3	N	2500	0	40	345	166	37	17	32	0	0	0	0	0	0	0	0	0	0	0	0	28638209	
189	1	F	3	N	2500	0	1	208	180	48	22	33	0	0	0	0	0	0	0	0	0	0	0	0	28638661	
190	1	G	3	N	2500	6	40	298	178	44	23	36	0	0	0	0	0	0	0	0	0	0	0	0	28645619	
191	1	G	3	N	2500	2	1	214	138	33	16	23	0	0	0	0	0	0	0	0	0	0	0	0	28645931	
192	1	G	3	N	2500	2	2	336	142	30	14	28	0	0	0	0	0	0	0	0	0	0	0	0	28645946	
193	1	G	3	N	2500	6	40	398	197	46	22	38	0	0	0	0	0	0	0	0	0	0	0	0	28647631	
194	1	G	3	N	2500	2	1	235	166	37	18	28	0	0	0	0	0	0	0	0	0	0	0	0	28647693	
195	1	G	3	N	2500	2	1	286	104	20	11	18	0	0	0	0	0	0	0	0	0	0	0	0	28647927	
196	1	G	3	N	2500	6	40	333	171	45	20	31	0	0	0	0	0	0	0	0	0	0	0	0	28647959	
197	1	G	3	N	2500	0	1	241	157	35	18	31	0	0	0	0	0	0	0	0	0	0	0	0	28647974	
198	1	G	3	N	2500	0	40	343	156	37	16	27	0	0	0	0	0	0	0	0	0	0	0	0	28648817	
199	1	G	3	N	2500	0	1	247	135	31	15	24	0	0	0	0	0	0	0	0	0	0	0	0	28649160	
200	1	G	3	N	2500	0	1	233	126	28	16	22	0	0	0	0	0	0	0	0	0	0	0	0	28649316	
201	1	G	3	N	2500	0	40	372	173	44	21	37	0	0	0	0	0	0	0	0	0	0	0	0	28649425	
202	1	G	3	N	2500	0	1	173	165	53	22	37	0	0	0	0	0	0	0	0	0	0	0	0	28649768	
203	1	G	3	N	2500	0	40	301	145	38	17	28	0	0	0	0	0	0	0	0	0	0	0	0	28650205	
204	1	G	3	N	2500	0	1	189	129	37	16	27	0	0	0	0	0	0	0	0	0	0	0	0	28650845	
205	1	G	3	N	2500	0	2	368	157	35	17	30	0	0	0	0	0	0	0	0	0	0	0	0	28651157	
206	1	G	3	N	2500	0	1	197	172	55	24	35	0	0	0	0	0	0	0	0	0	0	0	0	28651219	
207	1	G	3	N	2500	0	1	274	154	39	18	27	0	0	0	0	0	0	0	0	0	0	0	0	28651235	
208	1	G	3	N	2500	0	40	344	166	40	19	34	0	0	0	0	0	0	0	0	0	0	0	0	28651250	
209	1	G	3	N	2500	0	40	233	176	51	25	38	0	0	0	0	0	0	0	0	0	0	0	0	28651313	
210	1	G	3	N	2500	0	1	214	167	48	21	32	0	0	0	0	0	0	0	0	0	0	0	0	28651593	
211	1	G	3	N	2500	0	40	294	181	44	20	36	0	0	0	0	0	0	0	0	0	0	0	0	28651718	
212	1	G	3	N	2500	0	40	363	182	49	21	34	0	0	0	0	0	0	0	0	0	0	0	0	28651999	
213	1	G	3	N	2500	0	2	339	137	31	14	26	0	0	0	0	0	0	0	0	0	0	0	0	28652093	
214	1	G	3	N	2500	0	2	341	153	35	16	27	0	0	0	0	0	0	0	0	0	0	0	0	28652233	
215	1	G	3	N	2500	0	1	175	170	47	22	32	0	0	0	0	0	0	0	0	0	0	0	0	28652420	
216	1	G	3	N	2500	0	40	472	241	61	26	44	0	0	0	0	0	0	0	0	0	0	0	0	28652545	
217	1	H	3	N	2500	6	40	337	168	44	20	35	0	0	0	0	0	0	0	0	0	0	0	0	28661577	
218	1	A	4	N	2500	2	2	316	152	32	15	29	0	0	0	0	0	0	0	0	0	0	0	0	28675836	
219	1	A	4	N	2500	6	40	385	169	38	19	32	0	0	0	0	0	0	0	0	0	0	0	0	28679205	
220	1	B	4	N	2500	2	1	197	134	28	16	26	0	0	0	0	0	0	0	0	0	0	0	0	28692075	
221	1	B	4	N	2500	2	1	293	114	20	9	19	0	0	0	0	0	0	0	0	0	0	0	0	28694696	
222	1	C	4	N	2500	2	1	82	30	10	3	7	0	0	0	0	0	0	0	0	0	0	0	0	28704883	
223	1	C	4	N	2500	2	1	182	97	25	13	22	0	0	0	0	0	0	0	0	0	0	0	0	28709548	
224	1	D	4	N	2500	2	1	220	148	40	18	34	0	0	0	0	0	0	0	0	0	0	0	0	28720624	
225	1	D	4	N	2500	2	2	361	148	31	16	29	0	0	0	0	0	0	0	0	0	0	0	0	28724212	
226	1	E	4	N	2500	2	1	150	91	22	13	21	0	0	0	0	0	0	0	0	0	0	0	0	28738860	
227	1	E	4	N	2500	2	1	84	96	15	7	16	0	0	0	0	0	0	0	0	0	0	0	0	28739858	
228	1	F	4	N	2500	2	1	213	141	35	18	30	0	0	0	0	0	0	0	0	0	0	0	0	28750966	
229	1	F	4	N	2500	6	40	258	166	42	22	34	0	0	0	0	0	0	0	0	0	0	0	0	28751496	
230	1	F	4	N	2500	2	1	50	17	4	2	5	0	0	0	0	0	0	0	0	0	0	0	0	28752541	
231	1	F	4	N	2500	6	40	374	183	47	22	38	0	0	0	0	0	0	0	0	0	0	0	0	28752557	
232	1	F	4	N	2500	6	40	354	177	44	19	33	0	0	0	0	0	0	0	0	0	0	0	0	28754554	
233	1	G	4	N	2500	2	1	207	135	32	14	26	0	0	0	0	0	0	0	0	0	0	0	0	28766425	
234	1	G	4	N	2500	2	1	54	9	2	1	4	0	0	0	0	0	0	0	0	0	0	0	0	28769966	
235	1	A	5	N	2500	2	1	62	39	13	0	1	0	0	0	0	0	0	0	0	0	0	0	0	28793148	
236	1	A	5	N	2500	2	1	216	165	41	19	29	0	0	0	0	0	0	0	0	0	0	0	0	28793226	
237	1	A	5	N	2500	6	40	441	189	49	22	36	0	0	0	0	0	0	0	0	0	0	0	0	28793834	
238	1	A	5	N	2500	6	40	403	198	53	24	42	0	0	0	0	0	0	0	0	0	0	0	0	28793834	
239	1	A	5	N	2500	2	1	323	132	29	14	26	0	0	0	0	0	0	0	0	0	0	0	0	28794256	
240	1	A	5	N	2500	6	40	302	200	57	25	39	0	0	0	0	0	0	0	0	0	0	0	0	28794880	
241	1	A	5	N	2500	0	40	251	172	42	20	37	0	0	0	0	0	0	0	0	0	0	0	0	28795738	
242	1	A	5	N	2500	0	40	361	199	65	28	49	0	0	0	0	0	0	0	0	0	0	0	0	28795878	
243	1	A	5	N	2500	0	2	320	159	34	17	27	0	0	0	0	0	0	0	0	0	0	0	0	28796190	
244	1	A	5	N	2500	0	40	339	167	41	18	36	0	0	0	0	0	0	0	0	0	0	0	0	28796533	
245	1	A	5	N	2500	0	40	374	162	37	16	27	0	0	0	0	0	0	0	0	0	0	0	0	28797017	
246	1	A	5	N	2500	0	1	202	151	45	19	30	0	0	0	0	0	0	0	0	0	0	0	0	28797188	
247	1	A	5	N	2500	0	1	311	132	30	13	27	0	0	0	0	0	0	0	0	0	0	0	0	28798358	
248	1	A	5	N	2500	0	2	382	143	30	13	24	0	0	0	0	0	0	0	0	0	0	0	0	28798468	
249	1	A	5	N	2500	0	40	353	166	39	18	33	0	0	0	0	0	0	0	0	0	0	0	0	28798858	
250	1	A	5	N	2500	0	40	349	170	39	18	34	0	0	0	0	0	0	0	0	0	0	0	0	28798951	
251	1	A	5	N	2500	0	40	362	161	36	17	28	0	0	0	0	0	0	0	0	0	0	0	0	28799591	
252	1	B	5	N	2500	2	1	295	119	21	11	23	0	0	0	0	0	0	0	0	0	0	0	0	28807328	
253	1	B	5	N	2500	2	1	199	159	42	20	31	0	0	0	0	0	0	0	0	0	0	0	0	28810058	
254	1	B	5	N	2500	2	1	264	99	16	9	18	0	0	0	0	0	0	0	0	0	0	0	0	28810449	
255	1	B	5	N	2500	2	1	223	174	45	21	32	0	0	0	0	0	0	0	0	0	0	0	0	28810449	
256	1	B	5	N	2500	2	1	74	17	3	1	3	0	0	0	0	0	0	0	0	0	0	0	0	28811104	
257	1	B	5	N	2500	33	1	257	152	42	19	33	0	0	0	0	0	0	0	0	0	0	0	0	28811104	
258	1	B	5	N	2500	2	1	272	140	31	15	28	0	0	0	0	0	0	0	0	0	0	0	0	28811291	
259	1	B	5	N	2500	2	1	212	172	39	20	35	0	0	0	0	0	0	0	0	0	0	0	0	28811775	
260	1	B	5	N	2500	2	1	344	125	26	14	22	0	0	0	0	0	0	0	0	0	0	0	0	28812586	
261	1	B	5	N	2500	2	1	150	162	40	20	30	0	0	0	0	0	0	0	0	0	0	0	0	28812664	
262	1	B	5	N	2500	2	1	250	127	34	14	24	0	0	0	0	0	0	0	0	0	0	0	0	28812679	
263	1	B	5	N	2500	6	40	401	208	77	30	48	0	0	0	0	0	0	0	0	0	0	0	0	28812742	
264	1	B	5	N	2500	6	40	383	183	44	22	35	0	0	0	0	0	0	0	0	0	0	0	0	28812945	
265	1	B	5	N	2500	2	1	176	78	14	8	17	0	0	0	0	0	0	0	0	0	0	0	0	28813225	
266	1	B	5	N	2500	6	40	359	191	45	20	34	0	0	0	0	0	0	0	0	0	0	0	0	28813959	
267	1	B	5	N	2500	0	40	361	185	45	20	37	0	0	0	0	0	0	0	0	0	0	0	0	28814083	
268	1	C	5	N	2500	6	40	338	177	46	20	35	0	0	0	0	0	0	0	0	0	0	0	0	28823225	
269	1	C	5	N	2500	6	40	273	156	39	18	28	0	0	0	0	0	0	0	0	0	0	0	0	28823428	
270	1	C	5	N	2500	2	2	355	150	33	18	29	0	0	0	0	0	0	0	0	0	0	0	0	28823490	
271	1	C	5	N	2500	2	1	212	122	41	19	29	0	0	0	0	0	0	0	0	0	0	0	0	28823568	
272	1	C	5	N	2500	6	40	378	169	36	17	31	0	0	0	0	0	0	0	0	0	0	0	0	28824395	
273	1	C	5	N	2500	0	1	220	120	29	15	25	0	0	0	0	0	0	0	0	0	0	0	0	28824411	
274	1	C	5	N	2500	0	40	291	196	49	23	39	0	0	0	0	0	0	0	0	0	0	0	0	28824769	
275	1	C	5	N	2500	0	1	205	145	30	16	28	0	0	0	0	0	0	0	0	0	0	0	0	28825237	
276	1	C	5	N	2500	0	1	230	149	35	17	30	0	0	0	0	0	0	0	0	0	0	0	0	28825331	
277	1	C	5	N	2500	0	1	261	147	34	17	28	0	0	0	0	0	0	0	0	0	0	0	0	28825471	
278	1	C	5	N	2500	0	1	182	134	34	17	26	0	0	0	0	0	0	0	0	0	0	0	0	28827141	
279	1	C	5	N	2500	0	40	389	196	49	22	38	0	0	0	0	0	0	0	0	0	0	0	0	28827359	
280	1	C	5	N	2500	0	2	386	162	31	14	24	0	0	0	0	0	0	0	0	0	0	0	0	28827780	
281	1	C	5	N	2500	0	40	493	193	60	23	41	0	0	0	0	0	0	0	0	0	0	0	0	28828045	
282	1	C	5	N	2500	0	40	362	159	38	18	29	0	0	0	0	0	0	0	0	0	0	0	0	28828201	
283	1	C	5	N	2500	0	1	319	126	29	12	22	0	0	0	0	0	0	0	0	0	0	0	0	28828248	
284	1	C	5	N	2500	0	40	314	148	44	18	29	0	0	0	0	0	0	0	0	0	0	0	0	28828669	
285	1	C	5	N	2500	0	2	345	163	35	17	31	0	0	0	0	0	0	0	0	0	0	0	0	28828716	
286	1	D	5	N	2500	6	40	365	178	43	20	33	0	0	0	0	0	0	0	0	0	0	0	0	28836859	
287	1	D	5	N	2500	2	1	187	138	30	16	26	0	0	0	0	0	0	0	0	0	0	0	0	28838513	
288	1	D	5	N	2500	6	40	438	196	53	22	39	0	0	0	0	0	0	0	0	0	0	0	0	28838825	
289	1	D	5	N	2500	2	1	176	104	19	9	18	0	0	0	0	0	0	0	0	0	0	0	0	28839028	
290	1	D	5	N	2500	2	1	300	122	26	11	19	0	0	0	0	0	0	0	0	0	0	0	0	28839028	
291	1	D	5	N	2500	6	40	405	194	48	23	34	0	0	0	0	0	0	0	0	0	0	0	0	28839262	
292	1	D	5	N	2500	0	40	467	216	45	22	38	0	0	0	0	0	0	0	0	0	0	0	0	28839995	
293	1	D	5	N	2500	0	1	313	124	23	12	19	0	0	0	0	0	0	0	0	0	0	0	0	28840042	
294	1	D	5	N	2500	0	40	346	163	36	17	29	0	0	0	0	0	0	0	0	0	0	0	0	28840120	
295	1	D	5	N	2500	0	2	350	135	29	14	24	0	0	0	0	0	0	0	0	0	0	0	0	28840213	
296	1	D	5	N	2500	0	40	443	215	68	28	48	0	0	0	0	0	0	0	0	0	0	0	0	28841103	
297	1	D	5	N	2500	0	2	309	141	31	13	25	0	0	0	0	0	0	0	0	0	0	0	0	28842273	
298	1	D	5	N	2500	0	2	365	154	29	14	26	0	0	0	0	0	0	0	0	0	0	0	0	28842631	
299	1	D	5	N	2500	0	40	373	191	44	22	36	0	0	0	0	0	0	0	0	0	0	0	0	28842709	
300	1	E	5	N	2500	6	40	396	205	49	23	40	0	0	0	0	0	0	0	0	0	0	0	0	28850775	
301	1	E	5	N	2500	6	40	372	182	46	21	36	0	0	0	0	0	0	0	0	0	0	0	0	28851586	
302	1	E	5	N	2500	2	1	204	111	26	11	18	0	0	0	0	0	0	0	0	0	0	0	0	28852179	
303	1	E	5	N	2500	6	40	410	193	48	20	37	0	0	0	0	0	0	0	0	0	0	0	0	28853536	
304	1	E	5	N	2500	0	2	336	157	34	16	29	0	0	0	0	0	0	0	0	0	0	0	0	28853614	
305	1	E	5	N	2500	0	40	369	199	69	27	48	0	0	0	0	0	0	0	0	0	0	0	0	28856359	
306	1	E	5	N	2500	0	40	284	194	49	24	37	0	0	0	0	0	0	0	0	0	0	0	0	28857389	
307	1	F	5	N	2500	6	40	450	212	54	26	42	0	0	0	0	0	0	0	0	0	0	0	0	28865064	
308	1	F	5	N	2500	2	1	200	160	50	23	36	0	0	0	0	0	0	0	0	0	0	0	0	28865220	
309	1	F	5	N	2500	6	40	271	163	48	21	31	0	0	0	0	0	0	0	0	0	0	0	0	28867217	
310	1	F	5	N	2500	6	40	197	198	49	24	37	0	0	0	0	0	0	0	0	0	0	0	0	28868044	
311	1	F	5	N	2500	0	1	228	114	34	16	25	0	0	0	0	0	0	0	0	0	0	0	0	28868215	
312	1	F	5	N	2500	0	2	287	150	32	16	27	0	0	0	0	0	0	0	0	0	0	0	0	28870477	
313	1	G	5	N	2500	6	40	234	194	48	24	36	0	0	0	0	0	0	0	0	0	0	0	0	28878948	
314	1	G	5	N	2500	2	1	225	114	36	18	25	0	0	0	0	0	0	0	0	0	0	0	0	28881117	
315	1	G	5	N	2500	6	40	248	183	37	20	33	0	0	0	0	0	0	0	0	0	0	0	0	28881881	
316	1	G	5	N	2500	2	1	207	124	21	13	22	0	0	0	0	0	0	0	0	0	0	0	0	28881959	
317	1	G	5	N	2500	2	1	177	165	50	23	35	0	0	0	0	0	0	0	0	0	0	0	0	28882318	
318	1	G	5	N	2500	6	40	281	176	41	22	38	0	0	0	0	0	0	0	0	0	0	0	0	28882583	
319	1	G	5	N	2500	0	1	238	168	50	21	36	0	0	0	0	0	0	0	0	0	0	0	0	28882739	
320	1	G	5	N	2500	0	40	379	198	46	22	33	0	0	0	0	0	0	0	0	0	0	0	0	28882755	
321	1	G	5	N	2500	0	40	342	147	41	17	21	0	0	0	0	0	0	0	0	0	0	0	0	28883628	
322	1	G	5	N	2500	0	1	223	166	43	20	30	0	0	0	0	0	0	0	0	0	0	0	0	28884736	
323	1	G	5	N	2500	0	40	461	221	58	27	46	0	0	0	0	0	0	0	0	0	0	0	0	28885063	
324	1	A	6	N	2500	2	1	329	128	23	12	19	0	0	0	0	0	0	0	0	0	0	0	0	28908401	
325	1	A	6	N	2500	6	40	360	196	53	22	41	0	0	0	0	0	0	0	0	0	0	0	0	28908900	
326	1	A	6	N	2500	2	1	191	107	26	15	23	0	0	0	0	0	0	0	0	0	0	0	0	28909150	
327	1	A	6	N	2500	6	40	347	171	41	21	37	0	0	0	0	0	0	0	0	0	0	0	0	28909212	
328	1	A	6	N	2500	6	40	262	182	50	23	31	0	0	0	0	0	0	0	0	0	0	0	0	28909477	
329	1	A	6	N	2500	0	40	385	192	45	20	32	0	0	0	0	0	0	0	0	0	0	0	0	28909633	
330	1	A	6	N	2500	0	40	342	160	38	18	32	0	0	0	0	0	0	0	0	0	0	0	0	28909805	
331	1	A	6	N	2500	0	1	220	161	39	17	30	0	0	0	0	0	0	0	0	0	0	0	0	28910616	
332	1	A	6	N	2500	0	40	237	174	40	20	34	0	0	0	0	0	0	0	0	0	0	0	0	28910679	
333	1	A	6	N	2500	0	2	323	142	29	14	26	0	0	0	0	0	0	0	0	0	0	0	0	28910694	
334	1	A	6	N	2500	0	2	345	158	33	16	29	0	0	0	0	0	0	0	0	0	0	0	0	28910835	
335	1	A	6	N	2500	0	40	355	173	40	20	35	0	0	0	0	0	0	0	0	0	0	0	0	28911069	
336	1	A	6	N	2500	0	40	433	207	47	23	40	0	0	0	0	0	0	0	0	0	0	0	0	28911318	
337	1	A	6	N	2500	0	1	157	100	19	10	17	0	0	0	0	0	0	0	0	0	0	0	0	28911459	
338	1	A	6	N	2500	0	40	343	155	36	17	28	0	0	0	0	0	0	0	0	0	0	0	0	28911505	
339	1	A	6	N	2500	0	40	235	182	51	26	40	0	0	0	0	0	0	0	0	0	0	0	0	28911693	
340	1	A	6	N	2500	0	40	386	205	52	24	42	0	0	0	0	0	0	0	0	0	0	0	0	28912192	
341	1	A	6	N	2500	0	40	369	192	47	22	39	0	0	0	0	0	0	0	0	0	0	0	0	28912285	
342	1	A	6	N	2500	0	1	243	117	34	16	25	0	0	0	0	0	0	0	0	0	0	0	0	28912894	
343	1	A	6	N	2500	0	40	264	205	60	26	44	0	0	0	0	0	0	0	0	0	0	0	0	28913159	
344	1	A	6	N	2500	0	1	214	167	45	22	35	0	0	0	0	0	0	0	0	0	0	0	0	28913315	
345	1	A	6	N	2500	0	40	271	186	48	24	42	0	0	0	0	0	0	0	0	0	0	0	0	28914220	
346	1	A	6	N	2500	0	40	236	172	49	23	44	0	0	0	0	0	0	0	0	0	0	0	0	28914251	
347	1	A	6	N	2500	0	1	193	110	21	15	29	0	0	0	0	0	0	0	0	0	0	0	0	28914423	
348	1	A	6	N	2500	0	1	451	129	44	17	30	0	0	0	0	0	0	0	0	0	0	0	0	28914423	
349	1	A	6	N	2500	0	40	447	214	51	24	39	0	0	0	0	0	0	0	0	0	0	0	0	28914454	
350	1	A	6	N	2500	0	40	270	169	40	21	35	0	0	0	0	0	0	0	0	0	0	0	0	28914937	
351	1	A	6	N	2500	0	40	343	168	45	18	33	0	0	0	0	0	0	0	0	0	0	0	0	28915156	
352	1	A	6	N	2500	0	40	345	194	46	25	39	0	0	0	0	0	0	0	0	0	0	0	0	28915218	
353	1	A	6	N	2500	0	40	404	183	40	20	31	0	0	0	0	0	0	0	0	0	0	0	0	28915437	
354	1	B	6	N	2500	2	1	50	11	2	2	6	0	0	0	0	0	0	0	0	0	0	0	0	28922566	
355	1	B	6	N	2500	2	1	292	117	26	13	24	0	0	0	0	0	0	0	0	0	0	0	0	28923502	
356	1	B	6	N	2500	6	40	333	161	38	17	28	0	0	0	0	0	0	0	0	0	0	0	0	28924048	
357	1	B	6	N	2500	6	40	248	190	46	23	36	0	0	0	0	0	0	0	0	0	0	0	0	28924344	
358	1	B	6	N	2500	2	2	356	151	34	17	27	0	0	0	0	0	0	0	0	0	0	0	0	28924906	
359	1	B	6	N	2500	2	1	191	68	18	12	29	0	0	0	0	0	0	0	0	0	0	0	0	28925218	
360	1	B	6	N	2500	2	1	227	142	26	13	23	0	0	0	0	0	0	0	0	0	0	0	0	28925374	
361	1	B	6	N	2500	6	40	347	180	41	20	34	0	0	0	0	0	0	0	0	0	0	0	0	28925483	
362	1	B	6	N	2500	0	40	243	169	45	21	35	0	0	0	0	0	0	0	0	0	0	0	0	28926310	
363	1	B	6	N	2500	0	40	345	193	50	24	39	0	0	0	0	0	0	0	0	0	0	0	0	28926950	
364	1	B	6	N	2500	0	40	348	157	36	18	27	0	0	0	0	0	0	0	0	0	0	0	0	28927121	
365	1	B	6	N	2500	0	40	412	175	39	18	30	0	0	0	0	0	0	0	0	0	0	0	0	28927152	
366	1	B	6	N	2500	0	40	297	163	37	19	35	0	0	0	0	0	0	0	0	0	0	0	0	28927246	
367	1	B	6	N	2500	0	40	253	169	42	21	35	0	0	0	0	0	0	0	0	0	0	0	0	28927652	
368	1	B	6	N	2500	0	40	338	162	37	18	30	0	0	0	0	0	0	0	0	0	0	0	0	28928478	
369	1	B	6	N	2500	0	40	384	194	48	21	37	0	0	0	0	0	0	0	0	0	0	0	0	28928588	
370	1	B	6	N	2500	0	40	345	211	57	29	50	0	0	0	0	0	0	0	0	0	0	0	0	28928619	
371	1	B	6	N	2500	0	40	310	172	37	19	32	0	0	0	0	0	0	0	0	0	0	0	0	28928666	
372	1	B	6	N	2500	0	40	376	191	45	22	37	0	0	0	0	0	0	0	0	0	0	0	0	28928728	
373	1	B	6	N	2500	0	1	164	104	24	13	21	0	0	0	0	0	0	0	0	0	0	0	0	28928822	
374	1	C	6	N	2500	2	1	136	83	23	12	20	0	0	0	0	0	0	0	0	0	0	0	0	28937027	
375	1	C	6	N	2500	2	1	219	170	41	23	35	0	0	0	0	0	0	0	0	0	0	0	0	28937402	
376	1	C	6	N	2500	2	1	68	13	4	4	10	0	0	0	0	0	0	0	0	0	0	0	0	28937651	
377	1	C	6	N	2500	8	40	463	220	58	24	43	0	0	0	0	0	0	0	0	0	0	0	0	28937651	
378	1	C	6	N	2500	6	40	349	173	48	20	39	0	0	0	0	0	0	0	0	0	0	0	0	28938618	
379	1	C	6	N	2500	2	2	309	146	27	16	23	0	0	0	0	0	0	0	0	0	0	0	0	28938634	
380	1	C	6	N	2500	6	40	265	193	47	24	39	0	0	0	0	0	0	0	0	0	0	0	0	28938993	
381	1	C	6	N	2500	2	1	273	128	31	15	30	0	0	0	0	0	0	0	0	0	0	0	0	28940007	
382	1	C	6	N	2500	2	1	284	136	32	15	27	0	0	0	0	0	0	0	0	0	0	0	0	28940116	
383	1	C	6	N	2500	6	40	373	188	50	22	38	0	0	0	0	0	0	0	0	0	0	0	0	28940319	
384	1	C	6	N	2500	0	1	167	157	50	27	42	0	0	0	0	0	0	0	0	0	0	0	0	28940334	
385	1	C	6	N	2500	0	1	216	167	48	21	33	0	0	0	0	0	0	0	0	0	0	0	0	28940490	
386	1	C	6	N	2500	0	1	163	164	38	22	31	0	0	0	0	0	0	0	0	0	0	0	0	28940506	
387	1	C	6	N	2500	0	40	372	174	39	20	32	0	0	0	0	0	0	0	0	0	0	0	0	28940709	
388	1	C	6	N	2500	0	40	380	173	42	18	32	0	0	0	0	0	0	0	0	0	0	0	0	28940880	
389	1	C	6	N	2500	0	40	455	198	39	20	29	0	0	0	0	0	0	0	0	0	0	0	0	28940974	
390	1	C	6	N	2500	0	40	385	178	57	23	36	0	0	0	0	0	0	0	0	0	0	0	0	28941146	
391	1	C	6	N	2500	0	2	340	150	31	15	25	0	0	0	0	0	0	0	0	0	0	0	0	28941395	
392	1	C	6	N	2500	0	40	361	176	40	20	33	0	0	0	0	0	0	0	0	0	0	0	0	28941816	
393	1	C	6	N	2500	0	1	121	45	9	5	7	0	0	0	0	0	0	0	0	0	0	0	0	28942596	
394	1	C	6	N	2500	0	1	132	74	20	9	15	0	0	0	0	0	0	0	0	0	0	0	0	28942596	
395	1	C	6	N	2500	0	1	230	123	26	12	23	0	0	0	0	0	0	0	0	0	0	0	0	28942596	
396	1	C	6	N	2500	0	40	408	198	50	22	43	0	0	0	0	0	0	0	0	0	0	0	0	28943595	
397	1	C	6	N	2500	0	1	186	120	23	11	19	0	0	0	0	0	0	0	0	0	0	0	0	28943657	
398	1	C	6	N	2500	0	40	292	210	51	26	44	0	0	0	0	0	0	0	0	0	0	0	0	28943751	
399	1	D	6	N	2500	6	40	398	215	49	23	37	0	0	0	0	0	0	0	0	0	0	0	0	28950708	
400	1	D	6	N	2500	6	40	224	183	54	25	38	0	0	0	0	0	0	0	0	0	0	0	0	28950974	
401	1	D	6	N	2500	2	1	205	167	40	22	36	0	0	0	0	0	0	0	0	0	0	0	0	28951566	
402	1	D	6	N	2500	6	40	392	184	43	21	41	0	0	0	0	0	0	0	0	0	0	0	0	28952456	
403	1	D	6	N	2500	0	40	365	191	45	24	42	0	0	0	0	0	0	0	0	0	0	0	0	28952721	
404	1	D	6	N	2500	0	1	301	142	30	14	28	0	0	0	0	0	0	0	0	0	0	0	0	28953189	
405	1	D	6	N	2500	0	40	238	186	51	25	41	0	0	0	0	0	0	0	0	0	0	0	0	28953314	
406	1	D	6	N	2500	0	40	344	158	36	19	32	0	0	0	0	0	0	0	0	0	0	0	0	28953485	
407	1	D	6	N	2500	0	40	385	190	45	20	35	0	0	0	0	0	0	0	0	0	0	0	0	28954125	
408	1	D	6	N	2500	0	1	179	103	17	11	15	0	0	0	0	0	0	0	0	0	0	0	0	28954172	
409	1	D	6	N	2500	0	1	233	162	43	22	41	0	0	0	0	0	0	0	0	0	0	0	0	28954437	
410	1	D	6	N	2500	0	40	321	212	64	27	46	0	0	0	0	0	0	0	0	0	0	0	0	28955576	
411	1	D	6	N	2500	0	40	308	183	43	21	31	0	0	0	0	0	0	0	0	0	0	0	0	28955872	
412	1	D	6	N	2500	0	1	290	123	26	14	26	0	0	0	0	0	0	0	0	0	0	0	0	28957307	
413	1	D	6	N	2500	0	1	248	125	37	16	29	0	0	0	0	0	0	0	0	0	0	0	0	28957416	
414	1	E	6	N	2500	6	40	436	178	53	21	42	0	0	0	0	0	0	0	0	0	0	0	0	28965216	
415	1	E	6	N	2500	6	40	395	210	53	26	42	0	0	0	0	0	0	0	0	0	0	0	0	28965294	
416	1	E	6	N	2500	6	40	355	175	42	20	34	0	0	0	0	0	0	0	0	0	0	0	0	28965809	
417	1	E	6	N	2500	0	40	340	153	36	16	31	0	0	0	0	0	0	0	0	0	0	0	0	28965840	
418	1	E	6	N	2500	0	40	341	196	46	24	43	0	0	0	0	0	0	0	0	0	0	0	0	28966090	
419	1	E	6	N	2500	0	1	206	161	34	16	28	0	0	0	0	0	0	0	0	0	0	0	0	28966574	
420	1	E	6	N	2500	0	40	240	184	50	25	38	0	0	0	0	0	0	0	0	0	0	0	0	28966620	
421	1	E	6	N	2500	0	40	356	169	42	20	32	0	0	0	0	0	0	0	0	0	0	0	0	28966792	
422	1	E	6	N	2500	0	40	374	204	52	24	37	0	0	0	0	0	0	0	0	0	0	0	0	28966854	
423	1	E	6	N	2500	0	40	219	181	43	22	39	0	0	0	0	0	0	0	0	0	0	0	0	28967900	
424	1	E	6	N	2500	0	40	352	166	41	20	33	0	0	0	0	0	0	0	0	0	0	0	0	28968212	
425	1	E	6	N	2500	0	40	380	192	47	24	40	0	0	0	0	0	0	0	0	0	0	0	0	28968446	
426	1	E	6	N	2500	0	2	352	139	27	13	23	0	0	0	0	0	0	0	0	0	0	0	0	28968477	
427	1	E	6	N	2500	0	40	321	198	61	26	44	0	0	0	0	0	0	0	0	0	0	0	0	28968570	
428	1	E	6	N	2500	0	40	410	178	42	19	33	0	0	0	0	0	0	0	0	0	0	0	0	28968804	
429	1	E	6	N	2500	0	40	250	179	49	24	36	0	0	0	0	0	0	0	0	0	0	0	0	28969304	
430	1	E	6	N	2500	0	40	348	166	45	20	33	0	0	0	0	0	0	0	0	0	0	0	0	28969382	
431	1	E	6	N	2500	0	40	435	223	53	25	47	0	0	0	0	0	0	0	0	0	0	0	0	28969475	
432	1	E	6	N	2500	0	40	365	219	62	28	45	0	0	0	0	0	0	0	0	0	0	0	0	28969928	
433	1	E	6	N	2500	0	2	281	163	36	19	31	0	0	0	0	0	0	0	0	0	0	0	0	28970177	
434	1	E	6	N	2500	0	40	312	205	57	26	45	0	0	0	0	0	0	0	0	0	0	0	0	28970676	
435	1	E	6	N	2500	0	1	306	127	27	12	20	0	0	0	0	0	0	0	0	0	0	0	0	28970770	
436	1	E	6	N	2500	0	40	436	181	42	24	49	0	0	0	0	0	0	0	0	0	0	0	0	28970786	
437	1	E	6	N	2500	0	1	317	135	28	14	27	0	0	0	0	0	0	0	0	0	0	0	0	28971612	
438	1	F	6	N	2500	6	40	236	174	41	22	38	0	0	0	0	0	0	0	0	0	0	0	0	28979132	
439	1	F	6	N	2500	2	1	182	112	25	14	26	0	0	0	0	0	0	0	0	0	0	0	0	28979709	
440	1	F	6	N	2500	6	40	483	217	48	25	46	0	0	0	0	0	0	0	0	0	0	0	0	28979990	
441	1	F	6	N	2500	6	40	355	180	44	22	33	0	0	0	0	0	0	0	0	0	0	0	0	28980177	
442	1	F	6	N	2500	0	40	276	159	43	19	33	0	0	0	0	0	0	0	0	0	0	0	0	28980442	
443	1	F	6	N	2500	0	40	367	201	64	28	46	0	0	0	0	0	0	0	0	0	0	0	0	28980816	
444	1	F	6	N	2500	0	1	219	150	34	19	27	0	0	0	0	0	0	0	0	0	0	0	0	28981300	
445	1	F	6	N	2500	0	40	385	185	49	21	38	0	0	0	0	0	0	0	0	0	0	0	0	28982345	
446	1	F	6	N	2500	0	1	327	121	25	12	22	0	0	0	0	0	0	0	0	0	0	0	0	28983110	
447	1	F	6	N	2500	0	1	241	153	43	19	37	0	0	0	0	0	0	0	0	0	0	0	0	28983562	
448	1	F	6	N	2500	0	1	231	132	30	15	24	0	0	0	0	0	0	0	0	0	0	0	0	28983609	
449	1	F	6	N	2500	0	40	481	229	56	25	42	0	0	0	0	0	0	0	0	0	0	0	0	28984311	
450	1	F	6	N	2500	0	2	352	161	33	17	32	0	0	0	0	0	0	0	0	0	0	0	0	28984451	
451	1	F	6	N	2500	0	1	216	167	37	18	26	0	0	0	0	0	0	0	0	0	0	0	0	28984467	
452	1	F	6	N	2500	0	40	265	215	52	28	44	0	0	0	0	0	0	0	0	0	0	0	0	28984498	
453	1	F	6	N	2500	0	40	244	168	37	22	36	0	0	0	0	0	0	0	0	0	0	0	0	28984638	
454	1	F	6	N	2500	0	2	336	149	30	16	29	0	0	0	0	0	0	0	0	0	0	0	0	28984670	
455	1	F	6	N	2500	0	40	258	190	45	24	44	0	0	0	0	0	0	0	0	0	0	0	0	28984732	
456	1	F	6	N	2500	0	1	225	153	46	19	25	0	0	0	0	0	0	0	0	0	0	0	0	28985153	
457	1	F	6	N	2500	0	40	382	222	55	29	49	0	0	0	0	0	0	0	0	0	0	0	0	28985200	
458	1	F	6	N	2500	0	1	297	122	23	11	22	0	0	0	0	0	0	0	0	0	0	0	0	28985512	
459	1	F	6	N	2500	0	40	431	225	61	25	40	0	0	0	0	0	0	0	0	0	0	0	0	28986635	
460	1	G	6	N	2500	6	40	384	185	44	22	35	0	0	0	0	0	0	0	0	0	0	0	0	28994373	
461	1	G	6	N	2500	2	1	73	16	5	1	3	0	0	0	0	0	0	0	0	0	0	0	0	28994700	
462	1	G	6	N	2500	6	40	373	197	45	22	43	0	0	0	0	0	0	0	0	0	0	0	0	28994810	
463	1	G	6	N	2500	2	1	294	121	28	13	25	0	0	0	0	0	0	0	0	0	0	0	0	28995714	
464	1	G	6	N	2500	6	40	318	171	43	22	35	0	0	0	0	0	0	0	0	0	0	0	0	28996011	
465	1	G	6	N	2500	0	40	394	186	39	19	35	0	0	0	0	0	0	0	0	0	0	0	0	28996104	
466	1	G	6	N	2500	0	40	374	179	43	20	36	0	0	0	0	0	0	0	0	0	0	0	0	28996182	
467	1	G	6	N	2500	0	40	378	196	55	22	36	0	0	0	0	0	0	0	0	0	0	0	0	28996541	
468	1	G	6	N	2500	0	40	346	168	42	20	32	0	0	0	0	0	0	0	0	0	0	0	0	28996760	
469	1	G	6	N	2500	0	1	170	120	22	13	22	0	0	0	0	0	0	0	0	0	0	0	0	28997415	
470	1	G	6	N	2500	0	40	426	246	63	30	58	0	0	0	0	0	0	0	0	0	0	0	0	28997555	
471	1	G	6	N	2500	0	40	358	176	36	19	32	0	0	0	0	0	0	0	0	0	0	0	0	28997805	
472	1	G	6	N	2500	0	40	345	158	42	18	27	0	0	0	0	0	0	0	0	0	0	0	0	28998413	
473	1	G	6	N	2500	0	40	306	182	49	22	40	0	0	0	0	0	0	0	0	0	0	0	0	28998710	
474	1	G	6	N	2500	0	40	189	191	56	25	42	0	0	0	0	0	0	0	0	0	0	0	0	28998866	
475	1	G	6	N	2500	0	2	319	140	30	14	23	0	0	0	0	0	0	0	0	0	0	0	0	28999646	
476	1	G	6	N	2500	0	40	418	206	43	22	35	0	0	0	0	0	0	0	0	0	0	0	0	28999958	
477	1	G	6	N	2500	0	40	381	202	51	24	39	0	0	0	0	0	0	0	0	0	0	0	0	29000036	
478	1	G	6	N	2500	0	40	356	222	59	28	49	0	0	0	0	0	0	0	0	0	0	0	0	29000192	
479	1	A	7	N	2500	2	1	244	165	41	22	38	0	0	0	0	0	0	0	0	0	0	0	0	29024138	
480	1	A	7	N	2500	6	40	304	163	37	18	33	0	0	0	0	0	0	0	0	0	0	0	0	29024309	
481	1	A	7	N	2500	2	1	62	12	1	0	3	0	0	0	0	0	0	0	0	0	0	0	0	29025651	
482	1	A	7	N	2500	33	1	95	83	16	9	15	0	0	0	0	0	0	0	0	0	0	0	0	29025651	
483	1	A	7	N	2500	2	1	208	144	33	15	26	0	0	0	0	0	0	0	0	0	0	0	0	29025994	
484	1	A	7	N	2500	6	40	311	181	41	21	34	0	0	0	0	0	0	0	0	0	0	0	0	29026056	
485	1	A	7	N	2500	2	1	177	156	36	19	34	0	0	0	0	0	0	0	0	0	0	0	0	29027320	
486	1	A	7	N	2500	2	1	242	137	30	14	23	0	0	0	0	0	0	0	0	0	0	0	0	29027429	
487	1	A	7	N	2500	2	1	211	161	36	20	31	0	0	0	0	0	0	0	0	0	0	0	0	29027772	
488	1	A	7	N	2500	6	40	246	171	42	21	35	0	0	0	0	0	0	0	0	0	0	0	0	29028053	
489	1	A	7	N	2500	0	1	221	134	30	15	26	0	0	0	0	0	0	0	0	0	0	0	0	29029005	
490	1	B	7	N	2500	2	2	370	142	31	14	29	0	0	0	0	0	0	0	0	0	0	0	0	29041048	
491	1	B	7	N	2500	6	40	452	206	47	22	41	0	0	0	0	0	0	0	0	0	0	0	0	29041360	
492	1	B	7	N	2500	2	1	247	156	38	18	29	0	0	0	0	0	0	0	0	0	0	0	0	29043014	
493	1	C	7	N	2500	6	40	218	192	52	24	37	0	0	0	0	0	0	0	0	0	0	0	0	29052077	
494	1	C	7	N	2500	6	40	387	177	49	21	39	0	0	0	0	0	0	0	0	0	0	0	0	29052795	
495	1	C	7	N	2500	6	40	252	174	47	24	38	0	0	0	0	0	0	0	0	0	0	0	0	29053091	
496	1	C	7	N	2500	0	40	279	192	54	23	42	0	0	0	0	0	0	0	0	0	0	0	0	29053637	
497	1	C	7	N	2500	0	40	366	178	49	21	34	0	0	0	0	0	0	0	0	0	0	0	0	29054807	
498	1	C	7	N	2500	0	40	378	179	50	21	33	0	0	0	0	0	0	0	0	0	0	0	0	29056196	
499	1	C	7	N	2500	0	40	297	239	61	29	48	0	0	0	0	0	0	0	0	0	0	0	0	29057225	
500	1	C	7	N	2500	0	40	236	177	50	25	43	0	0	0	0	0	0	0	0	0	0	0	0	29057881	
501	1	C	7	N	2500	0	1	295	129	24	12	25	0	0	0	0	0	0	0	0	0	0	0	0	29057881	
502	1	C	7	N	2500	0	40	303	184	50	23	36	0	0	0	0	0	0	0	0	0	0	0	0	29059019	
503	1	C	7	N	2500	0	40	340	173	45	19	32	0	0	0	0	0	0	0	0	0	0	0	0	29059160	
504	1	D	7	N	2500	2	1	255	143	42	21	35	0	0	0	0	0	0	0	0	0	0	0	0	29067475	
505	1	D	7	N	2500	6	40	358	160	38	16	31	0	0	0	0	0	0	0	0	0	0	0	0	29067755	
506	1	D	7	N	2500	2	1	317	127	29	13	22	0	0	0	0	0	0	0	0	0	0	0	0	29069066	
507	1	D	7	N	2500	6	40	296	186	48	23	35	0	0	0	0	0	0	0	0	0	0	0	0	29069097	
508	1	D	7	N	2500	6	40	295	167	37	18	32	0	0	0	0	0	0	0	0	0	0	0	0	29069409	
509	1	D	7	N	2500	0	1	213	131	35	16	24	0	0	0	0	0	0	0	0	0	0	0	0	29069581	
510	1	D	7	N	2500	0	1	231	163	44	21	35	0	0	0	0	0	0	0	0	0	0	0	0	29070532	
511	1	D	7	N	2500	0	40	443	222	65	26	45	0	0	0	0	0	0	0	0	0	0	0	0	29070641	
512	1	D	7	N	2500	0	1	527	246	56	24	49	0	0	0	0	0	0	0	0	0	0	0	0	29071343	
513	1	D	7	N	2500	0	1	221	148	42	22	33	0	0	0	0	0	0	0	0	0	0	0	0	29071359	
514	1	D	7	N	2500	0	40	337	154	36	17	31	0	0	0	0	0	0	0	0	0	0	0	0	29071484	
515	1	D	7	N	2500	0	1	236	146	29	16	27	0	0	0	0	0	0	0	0	0	0	0	0	29071889	
516	1	D	7	N	2500	0	40	367	182	45	21	33	0	0	0	0	0	0	0	0	0	0	0	0	29072092	
517	1	D	7	N	2500	0	1	182	105	23	12	18	0	0	0	0	0	0	0	0	0	0	0	0	29073184	
518	1	E	7	N	2500	6	40	372	207	52	28	43	0	0	0	0	0	0	0	0	0	0	0	0	29081749	
519	1	E	7	N	2500	2	1	253	153	36	19	28	0	0	0	0	0	0	0	0	0	0	0	0	29083262	
520	1	E	7	N	2500	2	1	248	135	31	16	27	0	0	0	0	0	0	0	0	0	0	0	0	29083277	
521	1	E	7	N	2500	2	1	221	126	29	14	23	0	0	0	0	0	0	0	0	0	0	0	0	29083995	
522	1	E	7	N	2500	6	40	350	160	38	17	27	0	0	0	0	0	0	0	0	0	0	0	0	29084167	
523	1	E	7	N	2500	2	1	213	121	26	14	22	0	0	0	0	0	0	0	0	0	0	0	0	29084447	
524	1	E	7	N	2500	6	40	302	158	39	16	28	0	0	0	0	0	0	0	0	0	0	0	0	29084775	
525	1	E	7	N	2500	0	40	308	171	42	21	35	0	0	0	0	0	0	0	0	0	0	0	0	29085243	
526	1	E	7	N	2500	0	2	356	156	32	17	27	0	0	0	0	0	0	0	0	0	0	0	0	29085695	
527	1	E	7	N	2500	0	40	346	166	40	17	28	0	0	0	0	0	0	0	0	0	0	0	0	29085836	
528	1	E	7	N	2500	0	40	332	181	41	21	37	0	0	0	0	0	0	0	0	0	0	0	0	29086522	
529	1	E	7	N	2500	0	40	281	222	65	28	45	0	0	0	0	0	0	0	0	0	0	0	0	29086538	
530	1	E	7	N	2500	0	40	350	170	40	19	33	0	0	0	0	0	0	0	0	0	0	0	0	29086912	
531	1	E	7	N	2500	0	2	268	166	36	19	30	0	0	0	0	0	0	0	0	0	0	0	0	29087053	
532	1	E	7	N	2500	0	1	65	34	18	9	36	0	0	0	0	0	0	0	0	0	0	0	0	29087271	
533	1	F	7	N	2500	6	40	262	165	52	24	38	0	0	0	0	0	0	0	0	0	0	0	0	29094728	
534	1	F	7	N	2500	2	1	328	127	26	12	19	0	0	0	0	0	0	0	0	0	0	0	0	29094962	
535	1	F	7	N	2500	6	40	387	160	36	18	32	0	0	0	0	0	0	0	0	0	0	0	0	29095180	
536	1	F	7	N	2500	6	40	344	154	38	17	28	0	0	0	0	0	0	0	0	0	0	0	0	29095305	
537	1	F	7	N	2500	0	1	207	160	42	17	31	0	0	0	0	0	0	0	0	0	0	0	0	29095383	
538	1	F	7	N	2500	0	1	201	164	51	23	33	0	0	0	0	0	0	0	0	0	0	0	0	29095789	
539	1	F	7	N	2500	0	40	263	174	42	21	35	0	0	0	0	0	0	0	0	0	0	0	0	29095960	
540	1	F	7	N	2500	0	40	303	148	41	20	32	0	0	0	0	0	0	0	0	0	0	0	0	29095976	
541	1	F	7	N	2500	0	1	213	134	31	15	23	0	0	0	0	0	0	0	0	0	0	0	0	29096631	
542	1	F	7	N	2500	0	1	202	158	36	18	30	0	0	0	0	0	0	0	0	0	0	0	0	29097723	
543	1	F	7	N	2500	0	1	254	140	28	15	24	0	0	0	0	0	0	0	0	0	0	0	0	29097926	
544	1	F	7	N	2500	0	1	178	111	23	11	19	0	0	0	0	0	0	0	0	0	0	0	0	29098238	
545	1	F	7	N	2500	0	1	286	119	23	11	23	0	0	0	0	0	0	0	0	0	0	0	0	29098378	
546	1	F	7	N	2500	0	1	584	285	64	30	47	0	0	0	0	0	0	0	0	0	0	0	0	29098472	
547	1	F	7	N	2500	0	40	237	175	39	19	30	0	0	0	0	0	0	0	0	0	0	0	0	29098628	
548	1	F	7	N	2500	0	2	286	156	30	15	21	0	0	0	0	0	0	0	0	0	0	0	0	29098955	
549	1	F	7	N	2500	0	2	343	144	31	15	25	0	0	0	0	0	0	0	0	0	0	0	0	29099377	
550	1	F	7	N	2500	0	40	249	190	53	23	38	0	0	0	0	0	0	0	0	0	0	0	0	29099611	
551	1	F	7	N	2500	0	40	335	163	37	17	28	0	0	0	0	0	0	0	0	0	0	0	0	29099611	
552	1	F	7	N	2500	0	40	333	164	39	17	31	0	0	0	0	0	0	0	0	0	0	0	0	29099626	
553	1	F	7	N	2500	0	40	381	173	39	16	31	0	0	0	0	0	0	0	0	0	0	0	0	29099798	
554	1	F	7	N	2500	0	40	390	206	53	24	42	0	0	0	0	0	0	0	0	0	0	0	0	29101592	
555	1	F	7	N	2500	0	1	214	148	33	16	26	0	0	0	0	0	0	0	0	0	0	0	0	29101654	
556	1	F	7	N	2500	0	1	282	143	35	18	27	0	0	0	0	0	0	0	0	0	0	0	0	29101826	
557	1	G	7	N	2500	2	1	190	169	46	26	39	0	0	0	0	0	0	0	0	0	0	0	0	29109579	
558	1	G	7	N	2500	2	1	207	148	36	18	32	0	0	0	0	0	0	0	0	0	0	0	0	29109641	
559	1	G	7	N	2500	6	40	255	177	49	24	40	0	0	0	0	0	0	0	0	0	0	0	0	29109766	
560	1	G	7	N	2500	6	40	305	173	44	21	34	0	0	0	0	0	0	0	0	0	0	0	0	29109860	
561	1	G	7	N	2500	2	1	232	156	39	20	35	0	0	0	0	0	0	0	0	0	0	0	0	29110858	
562	1	G	7	N	2500	2	1	188	158	34	20	33	0	0	0	0	0	0	0	0	0	0	0	0	29111186	
563	1	G	7	N	2500	2	2	334	158	35	17	30	0	0	0	0	0	0	0	0	0	0	0	0	29111404	
564	1	G	7	N	2500	6	40	462	185	36	19	36	0	0	0	0	0	0	0	0	0	0	0	0	29111903	
565	1	G	7	N	2500	0	1	205	151	35	16	26	0	0	0	0	0	0	0	0	0	0	0	0	29112044	
566	1	G	7	N	2500	0	1	240	167	40	22	37	0	0	0	0	0	0	0	0	0	0	0	0	29112215	
567	1	G	7	N	2500	0	40	394	221	65	29	49	0	0	0	0	0	0	0	0	0	0	0	0	29112496	
568	1	G	7	N	2500	0	40	309	195	49	26	40	0	0	0	0	0	0	0	0	0	0	0	0	29112637	
569	1	G	7	N	2500	0	1	163	54	11	6	12	0	0	0	0	0	0	0	0	0	0	0	0	29112808	
570	1	G	7	N	2500	0	1	257	129	34	17	30	0	0	0	0	0	0	0	0	0	0	0	0	29112902	
571	1	G	7	N	2500	0	40	255	179	42	23	35	0	0	0	0	0	0	0	0	0	0	0	0	29113011	
572	1	G	7	N	2500	0	2	322	154	35	17	33	0	0	0	0	0	0	0	0	0	0	0	0	29113151	
573	1	G	7	N	2500	0	40	427	197	49	23	35	0	0	0	0	0	0	0	0	0	0	0	0	29113573	
574	1	G	7	N	2500	0	1	312	129	25	12	20	0	0	0	0	0	0	0	0	0	0	0	0	29113604	
575	1	G	7	N	2500	0	40	333	166	48	19	32	0	0	0	0	0	0	0	0	0	0	0	0	29113682	
576	1	G	7	N	2500	0	2	324	137	30	13	26	0	0	0	0	0	0	0	0	0	0	0	0	29113713	
577	1	G	7	N	2500	0	40	502	216	68	23	43	0	0	0	0	0	0	0	0	0	0	0	0	29113853	
578	1	G	7	N	2500	0	1	165	190	55	26	42	0	0	0	0	0	0	0	0	0	0	0	0	29114025	
579	1	G	7	N	2500	0	40	350	169	42	19	30	0	0	0	0	0	0	0	0	0	0	0	0	29114041	
580	1	G	7	N	2500	0	40	301	212	56	27	43	0	0	0	0	0	0	0	0	0	0	0	0	29114165	
581	1	G	7	N	2500	0	40	234	178	48	26	45	0	0	0	0	0	0	0	0	0	0	0	0	29115320	
582	1	G	7	N	2500	0	1	221	157	41	21	29	0	0	0	0	0	0	0	0	0	0	0	0	29115601	
583	1	G	7	N	2500	0	1	219	123	24	14	20	0	0	0	0	0	0	0	0	0	0	0	0	29115772	
584	1	G	7	N	2500	0	1	310	133	29	16	34	0	0	0	0	0	0	0	0	0	0	0	0	29115819	
585	1	G	7	N	2500	0	40	396	188	48	22	36	0	0	0	0	0	0	0	0	0	0	0	0	29115975	
586	1	H	7	N	2500	2	1	238	169	39	20	34	0	0	0	0	0	0	0	0	0	0	0	0	29129297	
587	1	H	7	N	2500	6	40	323	145	37	14	24	0	0	0	0	0	0	0	0	0	0	0	0	29130187	
588	1	A	8	N	2500	2	1	314	137	29	16	31	0	0	0	0	0	0	0	0	0	0	0	0	29138689	
589	1	A	8	N	2500	2	1	310	135	33	15	23	0	0	0	0	0	0	0	0	0	0	0	0	29139890	
590	1	A	8	N	2500	6	40	333	155	46	20	28	0	0	0	0	0	0	0	0	0	0	0	0	29140670	
591	1	A	8	N	2500	2	2	323	147	29	14	25	0	0	0	0	0	0	0	0	0	0	0	0	29141325	
592	1	A	8	N	2500	2	1	252	143	34	18	30	0	0	0	0	0	0	0	0	0	0	0	0	29141965	
593	1	A	8	N	2500	6	40	332	156	37	16	31	0	0	0	0	0	0	0	0	0	0	0	0	29143275	
594	1	A	8	N	2500	6	40	345	162	40	18	29	0	0	0	0	0	0	0	0	0	0	0	0	29143696	
595	1	A	8	N	2500	0	40	288	167	47	21	36	0	0	0	0	0	0	0	0	0	0	0	0	29145256	
596	1	A	8	N	2500	0	40	240	168	40	19	32	0	0	0	0	0	0	0	0	0	0	0	0	29145537	
597	1	B	8	N	2500	2	1	67	13	1	0	3	0	0	0	0	0	0	0	0	0	0	0	0	29155318	
598	1	B	8	N	2500	2	1	245	130	26	15	24	0	0	0	0	0	0	0	0	0	0	0	0	29155318	
599	1	B	8	N	2500	2	2	368	158	33	18	34	0	0	0	0	0	0	0	0	0	0	0	0	29155677	
600	1	B	8	N	2500	6	40	392	195	53	26	45	0	0	0	0	0	0	0	0	0	0	0	0	29156785	
601	1	B	8	N	2500	2	1	193	134	29	14	21	0	0	0	0	0	0	0	0	0	0	0	0	29156832	
602	1	B	8	N	2500	6	40	233	174	41	22	36	0	0	0	0	0	0	0	0	0	0	0	0	29158563	
603	1	C	8	N	2500	2	1	265	147	33	16	27	0	0	0	0	0	0	0	0	0	0	0	0	29170591	
604	1	C	8	N	2500	2	1	299	142	32	16	27	0	0	0	0	0	0	0	0	0	0	0	0	29171028	
605	1	C	8	N	2500	6	40	335	169	38	18	30	0	0	0	0	0	0	0	0	0	0	0	0	29173430	
606	1	D	8	N	2500	2	2	323	147	31	14	24	0	0	0	0	0	0	0	0	0	0	0	0	29183726	
607	1	D	8	N	2500	2	1	211	107	32	16	23	0	0	0	0	0	0	0	0	0	0	0	0	29186144	
608	1	D	8	N	2500	6	40	315	175	39	19	31	0	0	0	0	0	0	0	0	0	0	0	0	29186284	
609	1	E	8	N	2500	6	40	249	167	54	24	39	0	0	0	0	0	0	0	0	0	0	0	0	29200434	
610	1	E	8	N	2500	2	2	328	145	29	16	28	0	0	0	0	0	0	0	0	0	0	0	0	29202633	
611	1	F	8	N	2500	6	40	378	181	43	20	33	0	0	0	0	0	0	0	0	0	0	0	0	29215254	
612	1	G	8	N	2500	2	1	188	133	31	16	20	0	0	0	0	0	0	0	0	0	0	0	0	29227702	
613	1	G	8	N	2500	2	1	235	166	50	22	31	0	0	0	0	0	0	0	0	0	0	0	0	29229418	
614	1	G	8	N	2500	2	1	218	117	32	15	25	0	0	0	0	0	0	0	0	0	0	0	0	29229434	
615	1	G	8	N	2500	2	1	217	135	32	16	31	0	0	0	0	0	0	0	0	0	0	0	0	29229574	
616	1	G	8	N	2500	6	40	360	183	46	23	37	0	0	0	0	0	0	0	0	0	0	0	0	29230011	
617	1	G	8	N	2500	6	40	374	178	49	20	35	0	0	0	0	0	0	0	0	0	0	0	0	29230323	
618	1	A	9	N	2500	6	40	311	149	39	18	33	0	0	0	0	0	0	0	0	0	0	0	0	29256609	
619	1	A	9	N	2500	6	40	334	175	41	20	32	0	0	0	0	0	0	0	0	0	0	0	0	29257296	
620	1	A	9	N	2500	2	1	260	154	29	15	24	0	0	0	0	0	0	0	0	0	0	0	0	29258356	
621	1	A	9	N	2500	2	1	195	120	29	13	23	0	0	0	0	0	0	0	0	0	0	0	0	29259667	
622	1	A	9	N	2500	6	40	265	170	53	23	37	0	0	0	0	0	0	0	0	0	0	0	0	29260540	
623	1	A	9	N	2500	0	1	400	137	29	13	24	0	0	0	0	0	0	0	0	0	0	0	0	29262272	
624	1	B	9	N	2500	2	2	369	143	30	14	28	0	0	0	0	0	0	0	0	0	0	0	0	29271414	
625	1	B	9	N	2500	2	1	220	164	41	19	34	0	0	0	0	0	0	0	0	0	0	0	0	29273489	
626	1	B	9	N	2500	6	40	305	184	49	24	40	0	0	0	0	0	0	0	0	0	0	0	0	29273988	
627	1	B	9	N	2500	6	40	385	167	41	20	34	0	0	0	0	0	0	0	0	0	0	0	0	29274066	
628	1	B	9	N	2500	2	1	213	122	32	15	21	0	0	0	0	0	0	0	0	0	0	0	0	29274986	
629	1	B	9	N	2500	2	1	172	124	28	14	24	0	0	0	0	0	0	0	0	0	0	0	0	29275532	
630	1	B	9	N	2500	6	40	320	195	53	23	40	0	0	0	0	0	0	0	0	0	0	0	0	29276765	
631	1	B	9	N	2500	0	40	391	190	42	22	38	0	0	0	0	0	0	0	0	0	0	0	0	29277903	
632	1	C	9	N	2500	2	1	156	100	21	12	18	0	0	0	0	0	0	0	0	0	0	0	0	29286218	
633	1	C	9	N	2500	2	2	325	136	27	14	23	0	0	0	0	0	0	0	0	0	0	0	0	29286655	
634	1	C	9	N	2500	2	1	223	144	37	19	33	0	0	0	0	0	0	0	0	0	0	0	0	29286671	
635	1	C	9	N	2500	6	40	376	177	41	22	32	0	0	0	0	0	0	0	0	0	0	0	0	29286717	
636	1	C	9	N	2500	6	40	250	173	42	21	33	0	0	0	0	0	0	0	0	0	0	0	0	29287591	
637	1	C	9	N	2500	6	40	359	188	53	23	37	0	0	0	0	0	0	0	0	0	0	0	0	29287856	
638	1	C	9	N	2500	0	1	217	135	34	16	24	0	0	0	0	0	0	0	0	0	0	0	0	29288730	
639	1	C	9	N	2500	0	40	384	197	58	25	43	0	0	0	0	0	0	0	0	0	0	0	0	29289572	
640	1	C	9	N	2500	0	2	336	145	33	14	23	0	0	0	0	0	0	0	0	0	0	0	0	29289728	
641	1	C	9	N	2500	0	40	313	160	49	20	34	0	0	0	0	0	0	0	0	0	0	0	0	29290118	
642	1	C	9	N	2500	0	1	187	130	32	18	27	0	0	0	0	0	0	0	0	0	0	0	0	29290415	
643	1	C	9	N	2500	0	2	337	151	33	16	25	0	0	0	0	0	0	0	0	0	0	0	0	29290992	
644	1	D	9	N	2500	2	1	179	162	43	21	33	0	0	0	0	0	0	0	0	0	0	0	0	29303409	
645	1	D	9	N	2500	2	1	322	133	32	13	25	0	0	0	0	0	0	0	0	0	0	0	0	29303456	
646	1	D	9	N	2500	6	40	251	174	42	20	33	0	0	0	0	0	0	0	0	0	0	0	0	29304314	
647	1	D	9	N	2500	2	1	162	121	27	14	23	0	0	0	0	0	0	0	0	0	0	0	0	29304673	
648	1	D	9	N	2500	6	40	378	185	42	21	35	0	0	0	0	0	0	0	0	0	0	0	0	29305313	
649	1	D	9	N	2500	2	2	314	139	33	16	25	0	0	0	0	0	0	0	0	0	0	0	0	29305921	
650	1	E	9	N	2500	6	40	264	162	52	22	37	0	0	0	0	0	0	0	0	0	0	0	0	29313737	
651	1	E	9	N	2500	6	40	338	148	37	15	24	0	0	0	0	0	0	0	0	0	0	0	0	29315000	
652	1	E	9	N	2500	2	1	184	99	22	11	20	0	0	0	0	0	0	0	0	0	0	0	0	29315234	
653	1	E	9	N	2500	2	1	216	152	44	20	29	0	0	0	0	0	0	0	0	0	0	0	0	29315952	
654	1	E	9	N	2500	2	1	180	104	29	16	26	0	0	0	0	0	0	0	0	0	0	0	0	29315952	
655	1	E	9	N	2500	6	40	264	165	48	21	33	0	0	0	0	0	0	0	0	0	0	0	0	29316872	
656	1	E	9	N	2500	0	1	180	124	35	17	32	0	0	0	0	0	0	0	0	0	0	0	0	29317481	
657	1	E	9	N	2500	0	1	215	126	31	13	21	0	0	0	0	0	0	0	0	0	0	0	0	29318276	
658	1	E	9	N	2500	0	1	229	115	26	14	21	0	0	0	0	0	0	0	0	0	0	0	0	29318292	
659	1	E	9	N	2500	0	1	174	180	51	23	40	0	0	0	0	0	0	0	0	0	0	0	0	29318479	
660	1	E	9	N	2500	0	40	223	179	46	23	33	0	0	0	0	0	0	0	0	0	0	0	0	29318495	
661	1	E	9	N	2500	0	40	354	171	49	19	33	0	0	0	0	0	0	0	0	0	0	0	0	29318604	
662	1	E	9	N	2500	0	1	62	33	4	0	1	0	0	0	0	0	0	0	0	0	0	0	0	29319805	
663	1	E	9	N	2500	0	1	62	38	7	3	5	0	0	0	0	0	0	0	0	0	0	0	0	29320148	
664	1	E	9	N	2500	0	1	179	147	38	18	28	0	0	0	0	0	0	0	0	0	0	0	0	29320445	
665	1	F	9	N	2500	6	40	270	157	39	20	38	0	0	0	0	0	0	0	0	0	0	0	0	29328229	
666	1	F	9	N	2500	2	1	196	55	9	4	9	0	0	0	0	0	0	0	0	0	0	0	0	29329649	
667	1	F	9	N	2500	6	40	227	181	49	23	39	0	0	0	0	0	0	0	0	0	0	0	0	29330569	
668	1	F	9	N	2500	2	1	107	57	78	92	149	0	0	0	0	0	0	0	0	0	0	0	0	29331505	
669	1	F	9	N	2500	6	40	355	196	48	24	38	0	0	0	0	0	0	0	0	0	0	0	0	29332098	
670	1	F	9	N	2500	0	40	440	190	51	25	43	0	0	0	0	0	0	0	0	0	0	0	0	29332784	
671	1	F	9	N	2500	0	1	207	153	40	20	30	0	0	0	0	0	0	0	0	0	0	0	0	29332800	
672	1	F	9	N	2500	0	1	218	159	45	19	33	0	0	0	0	0	0	0	0	0	0	0	0	29334173	
673	1	F	9	N	2500	0	2	333	151	33	16	27	0	0	0	0	0	0	0	0	0	0	0	0	29335031	
674	1	G	9	N	2500	6	40	373	172	39	18	28	0	0	0	0	0	0	0	0	0	0	0	0	29342550	
675	1	G	9	N	2500	6	40	360	167	39	18	28	0	0	0	0	0	0	0	0	0	0	0	0	29342550	
676	1	G	9	N	2500	6	40	354	155	43	17	31	0	0	0	0	0	0	0	0	0	0	0	0	29343751	
677	1	G	9	N	2500	0	1	202	128	25	13	22	0	0	0	0	0	0	0	0	0	0	0	0	29344235	
678	1	G	9	N	2500	0	1	269	101	20	8	19	0	0	0	0	0	0	0	0	0	0	0	0	29345046	
679	1	G	9	N	2500	0	40	344	165	37	17	27	0	0	0	0	0	0	0	0	0	0	0	0	29345280	
680	1	G	9	N	2500	0	2	344	149	31	14	26	0	0	0	0	0	0	0	0	0	0	0	0	29345358	
681	1	G	9	N	2500	0	40	201	196	51	24	41	0	0	0	0	0	0	0	0	0	0	0	0	29345514	
682	1	G	9	N	2500	0	1	311	138	27	15	29	0	0	0	0	0	0	0	0	0	0	0	0	29345545	
683	1	G	9	N	2500	0	40	358	189	44	22	34	0	0	0	0	0	0	0	0	0	0	0	0	29346247	
684	1	G	9	N	2500	0	40	266	171	39	20	30	0	0	0	0	0	0	0	0	0	0	0	0	29346684	
685	1	G	9	N	2500	0	1	212	137	30	15	25	0	0	0	0	0	0	0	0	0	0	0	0	29346777	
686	1	G	9	N	2500	0	40	283	153	41	21	32	0	0	0	0	0	0	0	0	0	0	0	0	29347105	
687	1	G	9	N	2500	0	1	254	156	40	18	31	0	0	0	0	0	0	0	0	0	0	0	0	29347635	
688	1	G	9	N	2500	0	40	238	171	43	21	31	0	0	0	0	0	0	0	0	0	0	0	0	29348462	
689	1	G	9	N	2500	0	40	375	176	41	18	32	0	0	0	0	0	0	0	0	0	0	0	0	29348946	
690	1	G	9	N	2500	0	1	326	122	26	13	25	0	0	0	0	0	0	0	0	0	0	0	0	29349008	
691	1	G	9	N	2500	0	2	345	134	28	14	25	0	0	0	0	0	0	0	0	0	0	0	0	29349164	
692	1	H	9	N	2500	6	40	365	201	49	23	43	0	0	0	0	0	0	0	0	0	0	0	0	29357619	
693	1	A	10	N	2500	2	2	359	158	35	18	31	0	0	0	0	0	0	0	0	0	0	0	0	29372970	
694	1	A	10	N	2500	2	1	140	85	19	10	16	0	0	0	0	0	0	0	0	0	0	0	0	29373032	
695	1	A	10	N	2500	6	40	364	170	57	23	40	0	0	0	0	0	0	0	0	0	0	0	0	29374124	
696	1	A	10	N	2500	2	1	256	113	23	12	20	0	0	0	0	0	0	0	0	0	0	0	0	29375123	
697	1	A	10	N	2500	2	1	240	163	50	22	36	0	0	0	0	0	0	0	0	0	0	0	0	29376823	
698	1	A	10	N	2500	2	1	109	33	5	3	7	0	0	0	0	0	0	0	0	0	0	0	0	29377166	
699	1	A	10	N	2500	6	40	297	162	48	21	35	0	0	0	0	0	0	0	0	0	0	0	0	29377385	
700	1	A	10	N	2500	2	1	281	106	19	12	22	0	0	0	0	0	0	0	0	0	0	0	0	29378165	
701	1	B	10	N	2500	2	1	161	99	20	11	20	0	0	0	0	0	0	0	0	0	0	0	0	29389100	
702	1	B	10	N	2500	2	1	50	16	6	0	0	0	0	0	0	0	0	0	0	0	0	0	0	29389194	
703	1	B	10	N	2500	2	1	279	104	20	13	25	0	0	0	0	0	0	0	0	0	0	0	0	29391191	
704	1	B	10	N	2500	2	1	161	125	31	14	25	0	0	0	0	0	0	0	0	0	0	0	0	29391316	
705	1	B	10	N	2500	2	1	303	117	24	11	22	0	0	0	0	0	0	0	0	0	0	0	0	29391550	
706	1	B	10	N	2500	2	1	314	126	23	15	25	0	0	0	0	0	0	0	0	0	0	0	0	29391706	
707	1	B	10	N	2500	6	40	368	168	49	19	32	0	0	0	0	0	0	0	0	0	0	0	0	29392236	
708	1	C	10	N	2500	6	40	280	167	45	23	38	0	0	0	0	0	0	0	0	0	0	0	0	29403499	
709	1	C	10	N	2500	2	2	334	142	29	14	24	0	0	0	0	0	0	0	0	0	0	0	0	29404591	
710	1	C	10	N	2500	2	1	308	116	21	11	21	0	0	0	0	0	0	0	0	0	0	0	0	29406588	
711	1	D	10	N	2500	2	1	208	132	45	18	28	0	0	0	0	0	0	0	0	0	0	0	0	29416790	
712	1	D	10	N	2500	2	1	236	112	31	15	25	0	0	0	0	0	0	0	0	0	0	0	0	29417617	
713	1	D	10	N	2500	2	1	192	85	22	12	23	0	0	0	0	0	0	0	0	0	0	0	0	29417664	
714	1	D	10	N	2500	6	40	325	161	50	22	32	0	0	0	0	0	0	0	0	0	0	0	0	29417851	
715	1	D	10	N	2500	2	1	311	129	28	13	21	0	0	0	0	0	0	0	0	0	0	0	0	29418538	
716	1	D	10	N	2500	2	1	325	124	26	13	18	0	0	0	0	0	0	0	0	0	0	0	0	29419099	
717	1	D	10	N	2500	6	40	374	160	41	18	30	0	0	0	0	0	0	0	0	0	0	0	0	29421018	
718	1	D	10	N	2500	6	40	368	178	49	26	41	0	0	0	0	0	0	0	0	0	0	0	0	29421689	
719	1	D	10	N	2500	0	1	62	17	4	1	3	0	0	0	0	0	0	0	0	0	0	0	0	29421845	
720	1	D	10	N	2500	0	2	303	161	35	17	30	0	0	0	0	0	0	0	0	0	0	0	0	29421938	
721	1	D	10	N	2500	0	2	327	137	32	15	26	0	0	0	0	0	0	0	0	0	0	0	0	29422048	
722	1	D	10	N	2500	0	1	535	242	55	24	37	0	0	0	0	0	0	0	0	0	0	0	0	29422391	
723	1	E	10	N	2500	2	1	219	126	29	15	26	0	0	0	0	0	0	0	0	0	0	0	0	29429738	
724	1	E	10	N	2500	2	2	325	151	34	16	25	0	0	0	0	0	0	0	0	0	0	0	0	29433108	
725	1	E	10	N	2500	6	40	260	168	40	22	34	0	0	0	0	0	0	0	0	0	0	0	0	29434715	
726	1	E	10	N	2500	2	1	236	157	46	19	33	0	0	0	0	0	0	0	0	0	0	0	0	29434808	
727	1	E	10	N	2500	2	1	205	142	39	18	30	0	0	0	0	0	0	0	0	0	0	0	0	29435588	
728	1	F	10	N	2500	2	1	280	106	17	9	15	0	0	0	0	0	0	0	0	0	0	0	0	29445307	
729	1	F	10	N	2500	2	1	270	141	41	17	29	0	0	0	0	0	0	0	0	0	0	0	0	29446602	
730	1	F	10	N	2500	2	1	200	140	45	18	31	0	0	0	0	0	0	0	0	0	0	0	0	29446914	
731	1	F	10	N	2500	6	40	367	180	48	21	34	0	0	0	0	0	0	0	0	0	0	0	0	29447242	
732	1	F	10	N	2500	2	2	316	143	31	15	24	0	0	0	0	0	0	0	0	0	0	0	0	29447585	
733	1	F	10	N	2500	2	1	317	135	28	14	20	0	0	0	0	0	0	0	0	0	0	0	0	29447834	
734	1	F	10	N	2500	2	1	258	87	16	8	17	0	0	0	0	0	0	0	0	0	0	0	0	29447944	
735	1	F	10	N	2500	2	1	187	113	25	14	23	0	0	0	0	0	0	0	0	0	0	0	0	29448443	
736	1	F	10	N	2500	2	1	165	114	38	16	23	0	0	0	0	0	0	0	0	0	0	0	0	29448677	
737	1	F	10	N	2500	33	1	176	47	17	6	11	0	0	0	0	0	0	0	0	0	0	0	0	29448677	
738	1	F	10	N	2500	2	1	319	120	28	14	25	0	0	0	0	0	0	0	0	0	0	0	0	29448973	
739	1	F	10	N	2500	2	1	176	154	46	21	29	0	0	0	0	0	0	0	0	0	0	0	0	29449987	
740	1	F	10	N	2500	6	40	327	163	40	19	32	0	0	0	0	0	0	0	0	0	0	0	0	29450050	
741	1	F	10	N	2500	2	1	194	127	30	13	23	0	0	0	0	0	0	0	0	0	0	0	0	29450720	
742	1	F	10	N	2500	6	40	355	171	42	19	33	0	0	0	0	0	0	0	0	0	0	0	0	29451438	
743	1	G	10	N	2500	2	1	50	16	10	0	1	0	0	0	0	0	0	0	0	0	0	0	0	29458848	
744	1	G	10	N	2500	2	1	154	101	20	12	20	0	0	0	0	0	0	0	0	0	0	0	0	29459550	
745	1	G	10	N	2500	2	1	239	160	45	21	37	0	0	0	0	0	0	0	0	0	0	0	0	29461266	
746	1	G	10	N	2500	6	40	472	271	63	31	51	0	0	0	0	0	0	0	0	0	0	0	0	29461968	
747	1	G	10	N	2500	2	1	219	165	54	23	37	0	0	0	0	0	0	0	0	0	0	0	0	29462327	
748	1	G	10	N	2500	6	40	354	169	46	21	33	0	0	0	0	0	0	0	0	0	0	0	0	29462436	
749	1	G	10	N	2500	2	1	259	107	20	10	14	0	0	0	0	0	0	0	0	0	0	0	0	29462530	
750	1	G	10	N	2500	6	40	312	166	42	20	29	0	0	0	0	0	0	0	0	0	0	0	0	29463247	
751	1	G	10	N	2500	0	1	174	115	27	16	28	0	0	0	0	0	0	0	0	0	0	0	0	29464090	
752	1	G	10	N	2500	0	40	340	173	41	20	35	0	0	0	0	0	0	0	0	0	0	0	0	29465946	
753	1	H	10	N	2500	2	1	202	150	36	18	29	0	0	0	0	0	0	0	0	0	0	0	0	29480002	
754	1	A	11	N	2500	2	1	212	155	39	21	31	0	0	0	0	0	0	0	0	0	0	0	0	29488925	
755	1	A	11	N	2500	2	2	325	136	24	15	31	0	0	0	0	0	0	0	0	0	0	0	0	29489096	
756	1	A	11	N	2500	2	1	310	128	30	14	25	0	0	0	0	0	0	0	0	0	0	0	0	29489658	
757	1	A	11	N	2500	2	1	200	164	42	22	32	0	0	0	0	0	0	0	0	0	0	0	0	29489752	
758	1	A	11	N	2500	6	40	344	152	37	17	31	0	0	0	0	0	0	0	0	0	0	0	0	29490142	
759	1	A	11	N	2500	6	40	354	173	41	20	33	0	0	0	0	0	0	0	0	0	0	0	0	29490407	
760	1	A	11	N	2500	2	1	193	146	36	19	31	0	0	0	0	0	0	0	0	0	0	0	0	29491046	
761	1	A	11	N	2500	4	40	369	208	50	23	41	0	0	0	0	0	0	0	0	0	0	0	0	29491639	
762	1	A	11	N	2500	2	1	51	16	3	2	8	0	0	0	0	0	0	0	0	0	0	0	0	29491639	
763	1	A	11	N	2500	6	40	261	175	47	24	36	0	0	0	0	0	0	0	0	0	0	0	0	29491858	
764	1	A	11	N	2500	0	1	253	106	24	12	19	0	0	0	0	0	0	0	0	0	0	0	0	29492450	
765	1	A	11	N	2500	0	1	281	113	20	10	21	0	0	0	0	0	0	0	0	0	0	0	0	29492653	
766	1	A	11	N	2500	0	40	397	223	61	27	45	0	0	0	0	0	0	0	0	0	0	0	0	29493152	
767	1	A	11	N	2500	0	1	195	141	34	17	28	0	0	0	0	0	0	0	0	0	0	0	0	29493683	
768	1	A	11	N	2500	0	1	89	29	22	23	52	0	0	0	0	0	0	0	0	0	0	0	0	29494401	
769	1	A	11	N	2500	0	40	266	193	44	21	34	0	0	0	0	0	0	0	0	0	0	0	0	29494525	
770	1	A	11	N	2500	0	1	212	154	37	19	33	0	0	0	0	0	0	0	0	0	0	0	0	29494759	
771	1	A	11	N	2500	0	40	333	179	39	21	33	0	0	0	0	0	0	0	0	0	0	0	0	29494837	
772	1	A	11	N	2500	0	40	323	181	55	24	39	0	0	0	0	0	0	0	0	0	0	0	0	29494900	
773	1	A	11	N	2500	0	40	439	184	52	21	38	0	0	0	0	0	0	0	0	0	0	0	0	29495103	
774	1	B	11	N	2500	2	1	213	147	35	16	25	0	0	0	0	0	0	0	0	0	0	0	0	29502762	
775	1	B	11	N	2500	6	40	334	163	36	18	31	0	0	0	0	0	0	0	0	0	0	0	0	29504057	
776	1	B	11	N	2500	2	1	204	126	27	16	23	0	0	0	0	0	0	0	0	0	0	0	0	29505227	
777	1	B	11	N	2500	2	1	199	138	33	18	33	0	0	0	0	0	0	0	0	0	0	0	0	29505367	
778	1	B	11	N	2500	2	1	176	141	38	18	32	0	0	0	0	0	0	0	0	0	0	0	0	29505477	
779	1	B	11	N	2500	8	40	384	190	43	20	35	0	0	0	0	0	0	0	0	0	0	0	0	29505477	
780	1	B	11	N	2500	6	40	392	221	65	32	51	0	0	0	0	0	0	0	0	0	0	0	0	29506693	
781	1	B	11	N	2500	6	40	354	168	38	19	33	0	0	0	0	0	0	0	0	0	0	0	0	29507037	
782	1	B	11	N	2500	0	40	359	195	54	25	41	0	0	0	0	0	0	0	0	0	0	0	0	29507068	
783	1	B	11	N	2500	0	40	382	204	47	21	41	0	0	0	0	0	0	0	0	0	0	0	0	29507473	
784	1	B	11	N	2500	0	40	454	238	56	25	47	0	0	0	0	0	0	0	0	0	0	0	0	29507505	
785	1	B	11	N	2500	0	1	285	136	28	15	25	0	0	0	0	0	0	0	0	0	0	0	0	29507614	
786	1	B	11	N	2500	0	2	342	145	29	17	33	0	0	0	0	0	0	0	0	0	0	0	0	29508004	
787	1	B	11	N	2500	0	40	362	184	48	24	39	0	0	0	0	0	0	0	0	0	0	0	0	29508565	
788	1	B	11	N	2500	0	40	367	187	51	23	36	0	0	0	0	0	0	0	0	0	0	0	0	29508581	
789	1	B	11	N	2500	0	2	300	153	34	17	26	0	0	0	0	0	0	0	0	0	0	0	0	29508690	
790	1	B	11	N	2500	0	40	378	210	55	22	39	0	0	0	0	0	0	0	0	0	0	0	0	29508706	
791	1	C	11	N	2500	2	1	288	121	26	12	19	0	0	0	0	0	0	0	0	0	0	0	0	29517457	
792	1	C	11	N	2500	6	40	382	201	45	21	33	0	0	0	0	0	0	0	0	0	0	0	0	29517676	
793	1	C	11	N	2500	2	1	214	167	50	23	35	0	0	0	0	0	0	0	0	0	0	0	0	29518066	
794	1	C	11	N	2500	6	40	317	163	36	20	32	0	0	0	0	0	0	0	0	0	0	0	0	29518159	
795	1	C	11	N	2500	2	2	289	148	34	17	32	0	0	0	0	0	0	0	0	0	0	0	0	29518393	
796	1	C	11	N	2500	6	40	430	244	60	28	47	0	0	0	0	0	0	0	0	0	0	0	0	29518549	
797	1	C	11	N	2500	0	40	269	162	49	22	33	0	0	0	0	0	0	0	0	0	0	0	0	29518908	
798	1	C	11	N	2500	0	1	84	23	5	3	7	0	0	0	0	0	0	0	0	0	0	0	0	29520000	
799	1	C	11	N	2500	0	40	293	176	44	21	35	0	0	0	0	0	0	0	0	0	0	0	0	29520000	
800	1	C	11	N	2500	0	40	417	220	59	24	35	0	0	0	0	0	0	0	0	0	0	0	0	29520047	
801	1	C	11	N	2500	0	1	302	115	25	12	20	0	0	0	0	0	0	0	0	0	0	0	0	29520078	
802	1	C	11	N	2500	0	1	146	84	16	8	14	0	0	0	0	0	0	0	0	0	0	0	0	29520265	
803	1	C	11	N	2500	0	1	257	132	28	15	25	0	0	0	0	0	0	0	0	0	0	0	0	29520765	
804	1	C	11	N	2500	0	1	195	135	27	14	25	0	0	0	0	0	0	0	0	0	0	0	0	29521030	
805	1	C	11	N	2500	0	40	339	191	51	23	39	0	0	0	0	0	0	0	0	0	0	0	0	29521903	
806	1	C	11	N	2500	0	1	191	110	193	217	281	0	0	0	0	0	0	0	0	0	0	0	0	29522153	
807	1	C	11	N	2500	0	40	239	178	40	20	32	0	0	0	0	0	0	0	0	0	0	0	0	29522231	
808	1	C	11	N	2500	0	40	465	243	59	26	47	0	0	0	0	0	0	0	0	0	0	0	0	29522231	
809	1	C	11	N	2500	0	1	251	136	31	15	27	0	0	0	0	0	0	0	0	0	0	0	0	29522496	
810	1	C	11	N	2500	0	2	339	152	35	16	31	0	0	0	0	0	0	0	0	0	0	0	0	29523167	
811	1	C	11	N	2500	0	40	418	256	68	34	54	0	0	0	0	0	0	0	0	0	0	0	0	29523307	
812	1	C	11	N	2500	0	1	245	137	32	16	28	0	0	0	0	0	0	0	0	0	0	0	0	29523354	
813	1	C	11	N	2500	0	40	330	157	38	16	31	0	0	0	0	0	0	0	0	0	0	0	0	29523448	
814	1	C	11	N	2500	0	1	320	132	25	12	21	0	0	0	0	0	0	0	0	0	0	0	0	29523775	
815	1	D	11	N	2500	6	40	247	179	44	21	38	0	0	0	0	0	0	0	0	0	0	0	0	29532527	
816	1	D	11	N	2500	2	1	51	45	17	0	0	0	0	0	0	0	0	0	0	0	0	0	0	29534227	
817	1	D	11	N	2500	6	40	354	174	38	19	30	0	0	0	0	0	0	0	0	0	0	0	0	29535101	
818	1	D	11	N	2500	2	2	354	159	32	16	26	0	0	0	0	0	0	0	0	0	0	0	0	29536895	
819	1	D	11	N	2500	6	40	379	187	46	21	36	0	0	0	0	0	0	0	0	0	0	0	0	29536957	
820	1	D	11	N	2500	0	2	342	149	29	15	28	0	0	0	0	0	0	0	0	0	0	0	0	29537223	
821	1	E	11	N	2500	2	1	206	138	35	16	25	0	0	0	0	0	0	0	0	0	0	0	0	29546941	
822	1	E	11	N	2500	2	1	248	149	42	22	36	0	0	0	0	0	0	0	0	0	0	0	0	29547893	
823	1	E	11	N	2500	6	40	284	173	43	23	35	0	0	0	0	0	0	0	0	0	0	0	0	29548533	
824	1	E	11	N	2500	2	1	158	170	47	21	36	0	0	0	0	0	0	0	0	0	0	0	0	29548673	
825	1	E	11	N	2500	2	2	351	134	28	12	22	0	0	0	0	0	0	0	0	0	0	0	0	29549125	
826	1	E	11	N	2500	2	1	123	33	44	54	131	0	0	0	0	0	0	0	0	0	0	0	0	29549235	
827	1	E	11	N	2500	2	1	239	150	47	21	34	0	0	0	0	0	0	0	0	0	0	0	0	29549656	
828	1	E	11	N	2500	6	40	372	191	46	23	38	0	0	0	0	0	0	0	0	0	0	0	0	29550171	
829	1	E	11	N	2500	2	1	220	114	34	15	23	0	0	0	0	0	0	0	0	0	0	0	0	29551075	
830	1	E	11	N	2500	6	40	277	165	38	20	33	0	0	0	0	0	0	0	0	0	0	0	0	29551996	
831	1	E	11	N	2500	0	2	322	141	25	13	24	0	0	0	0	0	0	0	0	0	0	0	0	29552230	
832	1	E	11	N	2500	0	1	201	136	28	14	21	0	0	0	0	0	0	0	0	0	0	0	0	29552308	
833	1	E	11	N	2500	0	1	269	95	13	7	13	0	0	0	0	0	0	0	0	0	0	0	0	29552464	
834	1	F	11	N	2500	2	1	307	119	22	12	22	0	0	0	0	0	0	0	0	0	0	0	0	29561683	
835	1	F	11	N	2500	6	40	394	176	46	20	34	0	0	0	0	0	0	0	0	0	0	0	0	29561917	
836	1	F	11	N	2500	2	1	228	125	40	21	30	0	0	0	0	0	0	0	0	0	0	0	0	29562136	
837	1	F	11	N	2500	6	40	222	204	55	27	42	0	0	0	0	0	0	0	0	0	0	0	0	29562261	
838	1	F	11	N	2500	2	1	225	154	36	18	30	0	0	0	0	0	0	0	0	0	0	0	0	29562729	
839	1	F	11	N	2500	2	2	338	166	35	17	31	0	0	0	0	0	0	0	0	0	0	0	0	29563493	
840	1	F	11	N	2500	2	1	53	23	5	4	8	0	0	0	0	0	0	0	0	0	0	0	0	29563977	
841	1	F	11	N	2500	2	1	217	113	22	15	23	0	0	0	0	0	0	0	0	0	0	0	0	29564008	
842	1	F	11	N	2500	2	1	269	115	22	12	21	0	0	0	0	0	0	0	0	0	0	0	0	29564101	
843	1	F	11	N	2500	6	40	346	169	43	20	34	0	0	0	0	0	0	0	0	0	0	0	0	29564164	
844	1	F	11	N	2500	0	1	118	30	4	3	8	0	0	0	0	0	0	0	0	0	0	0	0	29564242	
845	1	F	11	N	2500	0	1	134	43	8	5	11	0	0	0	0	0	0	0	0	0	0	0	0	29564367	
846	1	F	11	N	2500	0	1	175	124	35	18	30	0	0	0	0	0	0	0	0	0	0	0	0	29564460	
847	1	F	11	N	2500	0	1	97	71	20	9	13	0	0	0	0	0	0	0	0	0	0	0	0	29564460	
848	1	F	11	N	2500	0	2	337	150	33	17	31	0	0	0	0	0	0	0	0	0	0	0	0	29564710	
849	1	F	11	N	2500	0	40	425	204	47	23	36	0	0	0	0	0	0	0	0	0	0	0	0	29565178	
850	1	F	11	N	2500	0	40	396	197	52	22	38	0	0	0	0	0	0	0	0	0	0	0	0	29565334	
851	1	F	11	N	2500	0	2	314	140	28	14	26	0	0	0	0	0	0	0	0	0	0	0	0	29565864	
852	1	F	11	N	2500	0	40	369	200	50	24	40	0	0	0	0	0	0	0	0	0	0	0	0	29566566	
853	1	G	11	N	2500	2	1	56	18	5	4	10	0	0	0	0	0	0	0	0	0	0	0	0	29574039	
854	1	G	11	N	2500	6	40	337	168	37	20	34	0	0	0	0	0	0	0	0	0	0	0	0	29574179	
855	1	G	11	N	2500	6	40	289	183	46	25	44	0	0	0	0	0	0	0	0	0	0	0	0	29574366	
856	1	G	11	N	2500	2	1	175	106	20	11	18	0	0	0	0	0	0	0	0	0	0	0	0	29574647	
857	1	G	11	N	2500	2	1	227	124	31	15	27	0	0	0	0	0	0	0	0	0	0	0	0	29575318	
858	1	G	11	N	2500	6	40	354	174	53	22	42	0	0	0	0	0	0	0	0	0	0	0	0	29575739	
859	1	G	11	N	2500	0	40	320	149	36	15	28	0	0	0	0	0	0	0	0	0	0	0	0	29575833	
860	1	G	11	N	2500	0	40	271	187	55	27	41	0	0	0	0	0	0	0	0	0	0	0	0	29576628	
861	1	G	11	N	2500	0	40	281	230	55	29	48	0	0	0	0	0	0	0	0	0	0	0	0	29577190	
862	1	G	11	N	2500	0	40	371	183	49	22	39	0	0	0	0	0	0	0	0	0	0	0	0	29577393	
863	1	G	11	N	2500	0	1	162	156	39	18	30	0	0	0	0	0	0	0	0	0	0	0	0	29578656	
864	1	G	11	N	2500	0	40	414	195	43	22	40	0	0	0	0	0	0	0	0	0	0	0	0	29579405	
865	1	G	11	N	2500	0	1	181	123	27	14	20	0	0	0	0	0	0	0	0	0	0	0	0	29579748	
866	1	G	11	N	2500	0	2	334	156	34	16	29	0	0	0	0	0	0	0	0	0	0	0	0	29580045	
867	1	G	11	N	2500	0	40	333	152	38	16	29	0	0	0	0	0	0	0	0	0	0	0	0	29580341	
868	1	G	11	N	2500	0	1	245	164	39	19	31	0	0	0	0	0	0	0	0	0	0	0	0	29580591	
