Id	Plate	Row	Column	Clog	Scan rate	Status sort	Status sel	TOF	EXT	Green	Yellow	Red	PH Ext	PW Ext	PC Ext	PH Green	PW Green	PCGreen	PH Yellow	PW Yellow	PCYellow	PH Red	PW Red	PCRed	Time Stamp	
0	1	A	1	N	2500	0	40	271	1283	81	0	0	0	0	0	0	0	0	0	0	0	0	0	0	11104637	
1	1	A	1	N	2500	0	40	230	973	62	30	24	0	0	0	0	0	0	0	0	0	0	0	0	11104967	
2	1	A	1	N	2500	0	40	234	758	47	25	18	0	0	0	0	0	0	0	0	0	0	0	0	11105829	
3	1	A	1	N	2500	0	40	335	1098	73	32	26	0	0	0	0	0	0	0	0	0	0	0	0	11106048	
4	1	A	1	N	2500	0	40	242	1081	65	34	23	0	0	0	0	0	0	0	0	0	0	0	0	11106344	
5	1	A	1	N	2500	0	40	215	1054	79	38	28	0	0	0	0	0	0	0	0	0	0	0	0	11106375	
6	1	A	1	N	2500	0	40	160	778	40	22	15	0	0	0	0	0	0	0	0	0	0	0	0	11106500	
7	1	A	1	N	2500	0	40	199	917	59	30	20	0	0	0	0	0	0	0	0	0	0	0	0	11107031	
8	1	A	1	N	2500	0	40	274	983	54	29	23	0	0	0	0	0	0	0	0	0	0	0	0	11107405	
9	1	A	1	N	2500	0	40	269	521	37	15	48	0	0	0	0	0	0	0	0	0	0	0	0	11107514	
10	1	A	1	N	2500	0	40	283	843	49	25	16	0	0	0	0	0	0	0	0	0	0	0	0	11108310	
11	1	A	1	N	2500	0	40	242	1081	66	33	24	0	0	0	0	0	0	0	0	0	0	0	0	11108715	
12	1	A	1	N	2500	0	40	30	54	9	8	7	0	0	0	0	0	0	0	0	0	0	0	0	11109105	
13	1	A	1	N	2500	0	40	265	1027	66	34	25	0	0	0	0	0	0	0	0	0	0	0	0	11109246	
14	1	A	1	N	2500	0	40	228	813	60	31	22	0	0	0	0	0	0	0	0	0	0	0	0	11109464	
15	1	A	1	N	2500	0	40	209	824	53	24	18	0	0	0	0	0	0	0	0	0	0	0	0	11109870	
16	1	A	1	N	2500	0	40	25	20	0	1	0	0	0	0	0	0	0	0	0	0	0	0	0	11110088	
17	1	A	1	N	2500	0	40	307	924	51	25	18	0	0	0	0	0	0	0	0	0	0	0	0	11110572	
18	1	A	1	N	2500	0	40	22	28	2	2	4	0	0	0	0	0	0	0	0	0	0	0	0	11111414	
19	1	A	1	N	2500	0	40	243	1172	88	43	33	0	0	0	0	0	0	0	0	0	0	0	0	11111461	
20	1	A	1	N	2500	0	40	248	1057	61	28	25	0	0	0	0	0	0	0	0	0	0	0	0	11111851	
21	1	A	1	N	2500	0	40	191	601	32	16	10	0	0	0	0	0	0	0	0	0	0	0	0	11112038	
22	1	B	1	N	2500	0	40	110	475	33	17	12	0	0	0	0	0	0	0	0	0	0	0	0	11119323	
23	1	B	1	N	2500	0	40	195	944	62	33	23	0	0	0	0	0	0	0	0	0	0	0	0	11119355	
24	1	B	1	N	2500	0	40	305	965	63	32	22	0	0	0	0	0	0	0	0	0	0	0	0	11119557	
25	1	B	1	N	2500	0	40	262	868	51	26	20	0	0	0	0	0	0	0	0	0	0	0	0	11119729	
26	1	B	1	N	2500	0	40	219	814	50	26	23	0	0	0	0	0	0	0	0	0	0	0	0	11119791	
27	1	B	1	N	2500	0	40	183	778	46	23	18	0	0	0	0	0	0	0	0	0	0	0	0	11120743	
28	1	B	1	N	2500	0	40	151	525	26	13	8	0	0	0	0	0	0	0	0	0	0	0	0	11120743	
29	1	B	1	N	2500	0	40	269	1081	69	34	25	0	0	0	0	0	0	0	0	0	0	0	0	11121102	
30	1	B	1	N	2500	0	40	205	733	42	21	15	0	0	0	0	0	0	0	0	0	0	0	0	11121398	
31	1	B	1	N	2500	0	40	196	464	20	10	6	0	0	0	0	0	0	0	0	0	0	0	0	11121554	
32	1	B	1	N	2500	0	40	142	819	58	30	21	0	0	0	0	0	0	0	0	0	0	0	0	11121897	
33	1	B	1	N	2500	0	40	161	660	50	21	17	0	0	0	0	0	0	0	0	0	0	0	0	11121913	
34	1	B	1	N	2500	0	40	202	618	41	22	17	0	0	0	0	0	0	0	0	0	0	0	0	11122069	
35	1	B	1	N	2500	0	40	292	784	66	25	18	0	0	0	0	0	0	0	0	0	0	0	0	11122178	
36	1	B	1	N	2500	0	40	194	633	33	16	14	0	0	0	0	0	0	0	0	0	0	0	0	11122256	
37	1	B	1	N	2500	0	40	34	63	3	2	2	0	0	0	0	0	0	0	0	0	0	0	0	11122350	
38	1	B	1	N	2500	0	40	168	694	43	22	14	0	0	0	0	0	0	0	0	0	0	0	0	11122490	
39	1	B	1	N	2500	0	40	192	720	42	23	15	0	0	0	0	0	0	0	0	0	0	0	0	11122724	
40	1	B	1	N	2500	0	40	20	33	3	1	2	0	0	0	0	0	0	0	0	0	0	0	0	11122927	
41	1	B	1	N	2500	0	40	22	37	3	2	2	0	0	0	0	0	0	0	0	0	0	0	0	11123177	
42	1	B	1	N	2500	0	40	27	50	4	4	4	0	0	0	0	0	0	0	0	0	0	0	0	11123208	
43	1	B	1	N	2500	0	40	244	1042	61	38	30	0	0	0	0	0	0	0	0	0	0	0	0	11123270	
44	1	B	1	N	2500	0	40	288	1055	69	32	23	0	0	0	0	0	0	0	0	0	0	0	0	11123489	
45	1	B	1	N	2500	0	40	224	832	59	26	22	0	0	0	0	0	0	0	0	0	0	0	0	11123629	
46	1	B	1	N	2500	0	40	61	67	2	1	1	0	0	0	0	0	0	0	0	0	0	0	0	11123645	
47	1	B	1	N	2500	0	40	136	298	12	7	5	0	0	0	0	0	0	0	0	0	0	0	0	11123707	
48	1	B	1	N	2500	0	40	26	48	9	8	8	0	0	0	0	0	0	0	0	0	0	0	0	11124159	
49	1	B	1	N	2500	0	40	30	37	1	1	1	0	0	0	0	0	0	0	0	0	0	0	0	11124518	
50	1	B	1	N	2500	0	40	169	669	41	22	17	0	0	0	0	0	0	0	0	0	0	0	0	11124924	
51	1	B	1	N	2500	0	40	166	619	36	18	13	0	0	0	0	0	0	0	0	0	0	0	0	11125423	
52	1	B	1	N	2500	0	40	357	1166	79	36	32	0	0	0	0	0	0	0	0	0	0	0	0	11125766	
53	1	B	1	N	2500	0	40	26	56	5	5	5	0	0	0	0	0	0	0	0	0	0	0	0	11125766	
54	1	B	1	N	2500	0	40	232	739	42	21	12	0	0	0	0	0	0	0	0	0	0	0	0	11125860	
55	1	B	1	N	2500	0	40	232	755	39	21	16	0	0	0	0	0	0	0	0	0	0	0	0	11126125	
56	1	C	1	N	2500	0	40	185	512	25	14	11	0	0	0	0	0	0	0	0	0	0	0	0	11134799	
57	1	C	1	N	2500	0	40	173	493	22	12	8	0	0	0	0	0	0	0	0	0	0	0	0	11134970	
58	1	C	1	N	2500	0	40	25	33	3	0	1	0	0	0	0	0	0	0	0	0	0	0	0	11135220	
59	1	C	1	N	2500	0	40	36	38	1	1	2	0	0	0	0	0	0	0	0	0	0	0	0	11135391	
60	1	C	1	N	2500	0	40	23	39	7	6	7	0	0	0	0	0	0	0	0	0	0	0	0	11135501	
61	1	C	1	N	2500	0	40	252	709	42	21	15	0	0	0	0	0	0	0	0	0	0	0	0	11135625	
62	1	C	1	N	2500	0	40	210	715	43	21	12	0	0	0	0	0	0	0	0	0	0	0	0	11135781	
63	1	C	1	N	2500	0	40	193	393	11	7	7	0	0	0	0	0	0	0	0	0	0	0	0	11135984	
64	1	C	1	N	2500	0	40	97	371	21	11	8	0	0	0	0	0	0	0	0	0	0	0	0	11136452	
65	1	C	1	N	2500	0	40	142	601	30	15	13	0	0	0	0	0	0	0	0	0	0	0	0	11136468	
66	1	C	1	N	2500	0	40	137	624	37	20	19	0	0	0	0	0	0	0	0	0	0	0	0	11136671	
67	1	C	1	N	2500	0	40	285	594	30	14	13	0	0	0	0	0	0	0	0	0	0	0	0	11136873	
68	1	C	1	N	2500	0	40	33	47	2	2	2	0	0	0	0	0	0	0	0	0	0	0	0	11137373	
69	1	C	1	N	2500	0	40	35	69	2	1	2	0	0	0	0	0	0	0	0	0	0	0	0	11137388	
70	1	C	1	N	2500	0	40	270	769	43	20	18	0	0	0	0	0	0	0	0	0	0	0	0	11137404	
71	1	C	1	N	2500	0	40	24	29	1	0	1	0	0	0	0	0	0	0	0	0	0	0	0	11137544	
72	1	C	1	N	2500	0	40	169	550	29	15	10	0	0	0	0	0	0	0	0	0	0	0	0	11137544	
73	1	C	1	N	2500	0	40	23	19	0	1	0	0	0	0	0	0	0	0	0	0	0	0	0	11137653	
74	1	C	1	N	2500	0	40	193	636	42	23	19	0	0	0	0	0	0	0	0	0	0	0	0	11137778	
75	1	C	1	N	2500	0	40	180	565	26	13	15	0	0	0	0	0	0	0	0	0	0	0	0	11137809	
76	1	C	1	N	2500	0	40	259	858	68	27	22	0	0	0	0	0	0	0	0	0	0	0	0	11137934	
77	1	C	1	N	2500	0	40	134	588	29	18	18	0	0	0	0	0	0	0	0	0	0	0	0	11138106	
78	1	C	1	N	2500	0	40	34	33	1	0	0	0	0	0	0	0	0	0	0	0	0	0	0	11138121	
79	1	C	1	N	2500	0	40	184	465	22	11	9	0	0	0	0	0	0	0	0	0	0	0	0	11138215	
80	1	C	1	N	2500	0	40	96	431	22	13	10	0	0	0	0	0	0	0	0	0	0	0	0	11138324	
81	1	C	1	N	2500	0	40	112	511	32	17	12	0	0	0	0	0	0	0	0	0	0	0	0	11138558	
82	1	C	1	N	2500	0	40	230	556	35	16	13	0	0	0	0	0	0	0	0	0	0	0	0	11138714	
83	1	C	1	N	2500	0	40	169	702	47	21	16	0	0	0	0	0	0	0	0	0	0	0	0	11138823	
84	1	C	1	N	2500	0	40	165	487	28	14	9	0	0	0	0	0	0	0	0	0	0	0	0	11139557	
85	1	C	1	N	2500	0	40	50	52	15	15	18	0	0	0	0	0	0	0	0	0	0	0	0	11139759	
86	1	C	1	N	2500	0	40	173	554	33	15	13	0	0	0	0	0	0	0	0	0	0	0	0	11139853	
87	1	C	1	N	2500	0	40	232	562	22	12	10	0	0	0	0	0	0	0	0	0	0	0	0	11139962	
88	1	C	1	N	2500	0	40	83	314	11	6	5	0	0	0	0	0	0	0	0	0	0	0	0	11140071	
89	1	C	1	N	2500	0	40	23	46	9	7	7	0	0	0	0	0	0	0	0	0	0	0	0	11140586	
90	1	C	1	N	2500	0	40	230	652	34	17	16	0	0	0	0	0	0	0	0	0	0	0	0	11140664	
91	1	C	1	N	2500	0	40	215	641	40	19	15	0	0	0	0	0	0	0	0	0	0	0	0	11141507	
92	1	D	1	N	2500	0	40	178	535	25	12	10	0	0	0	0	0	0	0	0	0	0	0	0	11149431	
93	1	D	1	N	2500	0	40	223	546	27	13	13	0	0	0	0	0	0	0	0	0	0	0	0	11149494	
94	1	D	1	N	2500	0	40	240	682	33	17	13	0	0	0	0	0	0	0	0	0	0	0	0	11149884	
95	1	D	1	N	2500	0	40	35	44	2	2	2	0	0	0	0	0	0	0	0	0	0	0	0	11149977	
96	1	D	1	N	2500	0	40	182	502	19	13	10	0	0	0	0	0	0	0	0	0	0	0	0	11150367	
97	1	D	1	N	2500	0	40	50	62	3	1	1	0	0	0	0	0	0	0	0	0	0	0	0	11150726	
98	1	D	1	N	2500	0	40	79	326	25	11	9	0	0	0	0	0	0	0	0	0	0	0	0	11150726	
99	1	D	1	N	2500	0	40	167	451	22	11	11	0	0	0	0	0	0	0	0	0	0	0	0	11150851	
100	1	D	1	N	2500	0	40	21	19	1	0	0	0	0	0	0	0	0	0	0	0	0	0	0	11150976	
101	1	D	1	N	2500	0	40	38	40	2	1	2	0	0	0	0	0	0	0	0	0	0	0	0	11150976	
102	1	D	1	N	2500	0	40	90	353	24	11	8	0	0	0	0	0	0	0	0	0	0	0	0	11151725	
103	1	D	1	N	2500	0	40	292	614	28	14	11	0	0	0	0	0	0	0	0	0	0	0	0	11151771	
104	1	D	1	N	2500	0	40	138	393	18	9	6	0	0	0	0	0	0	0	0	0	0	0	0	11152161	
105	1	D	1	N	2500	0	40	248	538	24	13	11	0	0	0	0	0	0	0	0	0	0	0	0	11152754	
106	1	D	1	N	2500	0	40	107	461	23	12	10	0	0	0	0	0	0	0	0	0	0	0	0	11152817	
107	1	D	1	N	2500	0	40	229	551	25	12	8	0	0	0	0	0	0	0	0	0	0	0	0	11153004	
108	1	D	1	N	2500	0	40	130	354	16	8	8	0	0	0	0	0	0	0	0	0	0	0	0	11154049	
109	1	D	1	N	2500	0	40	119	464	22	11	11	0	0	0	0	0	0	0	0	0	0	0	0	11154080	
110	1	D	1	N	2500	0	40	233	821	45	21	14	0	0	0	0	0	0	0	0	0	0	0	0	11154720	
111	1	D	1	N	2500	0	40	238	607	27	12	12	0	0	0	0	0	0	0	0	0	0	0	0	11155001	
112	1	D	1	N	2500	0	40	196	483	19	10	9	0	0	0	0	0	0	0	0	0	0	0	0	11155796	
113	1	D	1	N	2500	0	40	44	48	4	3	4	0	0	0	0	0	0	0	0	0	0	0	0	11156061	
114	1	E	1	N	2500	0	40	168	341	14	7	7	0	0	0	0	0	0	0	0	0	0	0	0	11163503	
115	1	E	1	N	2500	0	40	47	70	3	1	1	0	0	0	0	0	0	0	0	0	0	0	0	11163612	
116	1	E	1	N	2500	0	40	70	226	7	5	5	0	0	0	0	0	0	0	0	0	0	0	0	11164127	
117	1	E	1	N	2500	0	40	105	330	17	9	7	0	0	0	0	0	0	0	0	0	0	0	0	11164798	
118	1	E	1	N	2500	0	40	174	348	15	8	8	0	0	0	0	0	0	0	0	0	0	0	0	11165110	
119	1	E	1	N	2500	0	40	148	235	11	5	3	0	0	0	0	0	0	0	0	0	0	0	0	11165188	
120	1	E	1	N	2500	0	40	159	270	9	6	7	0	0	0	0	0	0	0	0	0	0	0	0	11165297	
121	1	E	1	N	2500	0	40	32	71	4	3	3	0	0	0	0	0	0	0	0	0	0	0	0	11165328	
122	1	E	1	N	2500	0	40	38	63	2	1	1	0	0	0	0	0	0	0	0	0	0	0	0	11165718	
123	1	E	1	N	2500	0	40	127	222	8	4	5	0	0	0	0	0	0	0	0	0	0	0	0	11165874	
124	1	E	1	N	2500	0	40	40	69	2	1	1	0	0	0	0	0	0	0	0	0	0	0	0	11166014	
125	1	E	1	N	2500	0	40	131	256	9	6	7	0	0	0	0	0	0	0	0	0	0	0	0	11166155	
126	1	E	1	N	2500	0	40	147	245	12	5	5	0	0	0	0	0	0	0	0	0	0	0	0	11166576	
127	1	E	1	N	2500	0	40	20	17	0	0	0	0	0	0	0	0	0	0	0	0	0	0	0	11166607	
128	1	E	1	N	2500	0	40	181	350	15	7	8	0	0	0	0	0	0	0	0	0	0	0	0	11166997	
129	1	E	1	N	2500	0	40	28	43	1	1	1	0	0	0	0	0	0	0	0	0	0	0	0	11167138	
130	1	E	1	N	2500	0	40	99	199	9	4	5	0	0	0	0	0	0	0	0	0	0	0	0	11167216	
131	1	E	1	N	2500	0	40	166	325	13	6	5	0	0	0	0	0	0	0	0	0	0	0	0	11167496	
132	1	E	1	N	2500	0	40	122	261	12	7	5	0	0	0	0	0	0	0	0	0	0	0	0	11167652	
133	1	E	1	N	2500	0	40	115	298	12	7	7	0	0	0	0	0	0	0	0	0	0	0	0	11167652	
134	1	E	1	N	2500	0	40	114	212	8	4	5	0	0	0	0	0	0	0	0	0	0	0	0	11167715	
135	1	E	1	N	2500	0	40	116	213	7	6	6	0	0	0	0	0	0	0	0	0	0	0	0	11168588	
136	1	E	1	N	2500	0	40	167	316	13	8	7	0	0	0	0	0	0	0	0	0	0	0	0	11168869	
137	1	E	1	N	2500	0	40	111	257	9	7	6	0	0	0	0	0	0	0	0	0	0	0	0	11168900	
138	1	E	1	N	2500	0	40	142	261	11	6	7	0	0	0	0	0	0	0	0	0	0	0	0	11169088	
139	1	E	1	N	2500	0	40	157	321	16	8	6	0	0	0	0	0	0	0	0	0	0	0	0	11169946	
140	1	E	1	N	2500	0	40	154	307	13	6	6	0	0	0	0	0	0	0	0	0	0	0	0	11170117	
141	1	E	1	N	2500	0	40	154	331	12	9	9	0	0	0	0	0	0	0	0	0	0	0	0	11170336	
142	1	E	1	N	2500	0	40	78	193	10	6	4	0	0	0	0	0	0	0	0	0	0	0	0	11170882	
143	1	E	1	N	2500	0	40	20	19	0	0	0	0	0	0	0	0	0	0	0	0	0	0	0	11171006	
144	1	F	1	N	2500	0	40	141	292	8	7	4	0	0	0	0	0	0	0	0	0	0	0	0	11178136	
145	1	F	1	N	2500	0	40	163	268	10	7	7	0	0	0	0	0	0	0	0	0	0	0	0	11178479	
146	1	F	1	N	2500	0	40	164	265	10	6	4	0	0	0	0	0	0	0	0	0	0	0	0	11180070	
147	1	F	1	N	2500	0	40	148	273	12	8	8	0	0	0	0	0	0	0	0	0	0	0	0	11180117	
148	1	F	1	N	2500	0	40	141	243	10	6	5	0	0	0	0	0	0	0	0	0	0	0	0	11180226	
149	1	F	1	N	2500	0	40	33	38	3	1	1	0	0	0	0	0	0	0	0	0	0	0	0	11180335	
150	1	F	1	N	2500	0	40	32	50	8	9	9	0	0	0	0	0	0	0	0	0	0	0	0	11180444	
151	1	F	1	N	2500	0	40	133	202	8	5	5	0	0	0	0	0	0	0	0	0	0	0	0	11181100	
152	1	F	1	N	2500	0	40	153	238	11	5	4	0	0	0	0	0	0	0	0	0	0	0	0	11181287	
153	1	F	1	N	2500	0	40	144	266	11	7	6	0	0	0	0	0	0	0	0	0	0	0	0	11181646	
154	1	F	1	N	2500	0	40	50	54	2	1	2	0	0	0	0	0	0	0	0	0	0	0	0	11181911	
155	1	F	1	N	2500	0	40	90	312	9	6	6	0	0	0	0	0	0	0	0	0	0	0	0	11182238	
156	1	F	1	N	2500	0	40	90	173	5	4	4	0	0	0	0	0	0	0	0	0	0	0	0	11182519	
157	1	F	1	N	2500	0	40	29	47	1	0	0	0	0	0	0	0	0	0	0	0	0	0	0	11182753	
158	1	F	1	N	2500	0	40	119	189	6	3	2	0	0	0	0	0	0	0	0	0	0	0	0	11182987	
159	1	F	1	N	2500	0	40	143	243	10	5	4	0	0	0	0	0	0	0	0	0	0	0	0	11183330	
160	1	F	1	N	2500	0	40	130	207	6	6	3	0	0	0	0	0	0	0	0	0	0	0	0	11183736	
161	1	F	1	N	2500	0	40	123	176	7	4	4	0	0	0	0	0	0	0	0	0	0	0	0	11184001	
162	1	F	1	N	2500	0	40	128	235	8	6	6	0	0	0	0	0	0	0	0	0	0	0	0	11184142	
163	1	F	1	N	2500	0	40	157	336	13	8	6	0	0	0	0	0	0	0	0	0	0	0	0	11185358	
164	1	F	1	N	2500	0	40	157	291	10	6	6	0	0	0	0	0	0	0	0	0	0	0	0	11185405	
165	1	G	1	N	2500	0	40	28	29	0	0	0	0	0	0	0	0	0	0	0	0	0	0	0	11193002	
166	1	G	1	N	2500	0	40	28	59	2	0	0	0	0	0	0	0	0	0	0	0	0	0	0	11193751	
167	1	G	1	N	2500	0	40	23	27	2	0	0	0	0	0	0	0	0	0	0	0	0	0	0	11193767	
168	1	G	1	N	2500	0	40	55	77	2	2	2	0	0	0	0	0	0	0	0	0	0	0	0	11193876	
169	1	G	1	N	2500	0	40	43	90	2	1	1	0	0	0	0	0	0	0	0	0	0	0	0	11193954	
170	1	G	1	N	2500	0	40	48	71	2	2	1	0	0	0	0	0	0	0	0	0	0	0	0	11194157	
171	1	G	1	N	2500	0	40	62	79	2	1	1	0	0	0	0	0	0	0	0	0	0	0	0	11194750	
172	1	G	1	N	2500	0	40	56	75	2	2	0	0	0	0	0	0	0	0	0	0	0	0	0	11195015	
173	1	G	1	N	2500	0	40	61	95	2	2	2	0	0	0	0	0	0	0	0	0	0	0	0	11195140	
174	1	G	1	N	2500	0	40	37	78	2	1	1	0	0	0	0	0	0	0	0	0	0	0	0	11195327	
175	1	G	1	N	2500	0	40	71	101	2	1	1	0	0	0	0	0	0	0	0	0	0	0	0	11195654	
176	1	G	1	N	2500	0	40	43	68	2	1	1	0	0	0	0	0	0	0	0	0	0	0	0	11195795	
177	1	G	1	N	2500	0	40	40	63	3	1	1	0	0	0	0	0	0	0	0	0	0	0	0	11195826	
178	1	G	1	N	2500	0	40	43	84	2	1	1	0	0	0	0	0	0	0	0	0	0	0	0	11195873	
179	1	G	1	N	2500	0	40	52	77	2	1	1	0	0	0	0	0	0	0	0	0	0	0	0	11195935	
180	1	G	1	N	2500	0	40	52	54	2	1	2	0	0	0	0	0	0	0	0	0	0	0	0	11196980	
181	1	G	1	N	2500	0	40	34	41	1	0	1	0	0	0	0	0	0	0	0	0	0	0	0	11197246	
182	1	G	1	N	2500	0	40	57	108	2	1	2	0	0	0	0	0	0	0	0	0	0	0	0	11197370	
183	1	G	1	N	2500	0	40	59	98	2	1	2	0	0	0	0	0	0	0	0	0	0	0	0	11197636	
184	1	G	1	N	2500	0	40	45	74	2	1	1	0	0	0	0	0	0	0	0	0	0	0	0	11198213	
185	1	G	1	N	2500	0	40	44	45	2	0	1	0	0	0	0	0	0	0	0	0	0	0	0	11198416	
186	1	G	1	N	2500	0	40	47	89	2	2	1	0	0	0	0	0	0	0	0	0	0	0	0	11198743	
187	1	G	1	N	2500	0	40	43	96	2	1	1	0	0	0	0	0	0	0	0	0	0	0	0	11198868	
188	1	G	1	N	2500	0	40	39	42	2	1	1	0	0	0	0	0	0	0	0	0	0	0	0	11198915	
189	1	G	1	N	2500	0	40	54	71	2	2	2	0	0	0	0	0	0	0	0	0	0	0	0	11199227	
190	1	G	1	N	2500	0	40	55	76	3	3	2	0	0	0	0	0	0	0	0	0	0	0	0	11199336	
191	1	G	1	N	2500	0	40	53	91	2	2	2	0	0	0	0	0	0	0	0	0	0	0	0	11200163	
192	1	G	1	N	2500	0	40	20	26	5	6	6	0	0	0	0	0	0	0	0	0	0	0	0	11200490	
193	1	A	2	N	2500	0	40	29	61	11	10	17	0	0	0	0	0	0	0	0	0	0	0	0	11208228	
194	1	A	2	N	2500	0	40	253	597	27	14	10	0	0	0	0	0	0	0	0	0	0	0	0	11211722	
195	1	A	2	N	2500	0	40	53	90	1	1	1	0	0	0	0	0	0	0	0	0	0	0	0	11213813	
196	1	A	2	N	2500	0	40	74	89	2	1	1	0	0	0	0	0	0	0	0	0	0	0	0	11215170	
197	1	A	2	N	2500	0	40	55	88	3	1	0	0	0	0	0	0	0	0	0	0	0	0	0	11215498	
198	1	B	2	N	2500	0	40	167	739	38	19	15	0	0	0	0	0	0	0	0	0	0	0	0	11222954	
199	1	B	2	N	2500	0	40	146	593	35	17	10	0	0	0	0	0	0	0	0	0	0	0	0	11223391	
200	1	B	2	N	2500	0	40	296	1032	54	28	18	0	0	0	0	0	0	0	0	0	0	0	0	11223828	
201	1	B	2	N	2500	0	40	45	54	5	3	3	0	0	0	0	0	0	0	0	0	0	0	0	11224124	
202	1	B	2	N	2500	0	40	25	22	2	1	1	0	0	0	0	0	0	0	0	0	0	0	0	11225138	
203	1	B	2	N	2500	0	40	252	1002	69	33	20	0	0	0	0	0	0	0	0	0	0	0	0	11227276	
204	1	B	2	N	2500	0	40	21	22	0	0	0	0	0	0	0	0	0	0	0	0	0	0	0	11227541	
205	1	B	2	N	2500	0	40	116	250	13	8	10	0	0	0	0	0	0	0	0	0	0	0	0	11228165	
206	1	C	2	N	2500	0	40	244	818	47	24	19	0	0	0	0	0	0	0	0	0	0	0	0	11239740	
207	1	C	2	N	2500	0	40	58	89	10	6	3	0	0	0	0	0	0	0	0	0	0	0	0	11243156	
208	1	C	2	N	2500	0	40	24	34	3	2	1	0	0	0	0	0	0	0	0	0	0	0	0	11243156	
209	1	C	2	N	2500	0	40	38	38	4	2	1	0	0	0	0	0	0	0	0	0	0	0	0	11243156	
210	1	C	2	N	2500	0	40	53	54	6	3	2	0	0	0	0	0	0	0	0	0	0	0	0	11243156	
211	1	C	2	N	2500	0	40	33	60	7	3	2	0	0	0	0	0	0	0	0	0	0	0	0	11243328	
212	1	C	2	N	2500	0	40	24	28	0	0	0	0	0	0	0	0	0	0	0	0	0	0	0	11244170	
213	1	C	2	N	2500	0	40	22	21	0	0	0	0	0	0	0	0	0	0	0	0	0	0	0	11244389	
214	1	D	2	N	2500	0	40	167	655	43	19	14	0	0	0	0	0	0	0	0	0	0	0	0	11253874	
215	1	E	2	N	2500	0	40	248	657	33	16	14	0	0	0	0	0	0	0	0	0	0	0	0	11271002	
216	1	E	2	N	2500	0	40	136	323	14	8	5	0	0	0	0	0	0	0	0	0	0	0	0	11273062	
217	1	F	2	N	2500	0	40	92	112	3	1	1	0	0	0	0	0	0	0	0	0	0	0	0	11282141	
218	1	F	2	N	2500	0	40	41	118	15	10	10	0	0	0	0	0	0	0	0	0	0	0	0	11283233	
219	1	F	2	N	2500	0	40	144	245	7	6	7	0	0	0	0	0	0	0	0	0	0	0	0	11283249	
220	1	F	2	N	2500	0	40	169	400	21	10	6	0	0	0	0	0	0	0	0	0	0	0	0	11284185	
221	1	F	2	N	2500	0	40	125	350	14	8	5	0	0	0	0	0	0	0	0	0	0	0	0	11284200	
222	1	F	2	N	2500	0	40	20	23	2	0	0	0	0	0	0	0	0	0	0	0	0	0	0	11284637	
223	1	F	2	N	2500	0	40	80	247	13	6	4	0	0	0	0	0	0	0	0	0	0	0	0	11284996	
224	1	F	2	N	2500	0	40	29	29	1	1	0	0	0	0	0	0	0	0	0	0	0	0	0	11288615	
225	1	F	2	N	2500	0	40	61	89	5	3	2	0	0	0	0	0	0	0	0	0	0	0	0	11288927	
226	1	G	2	N	2500	0	40	150	412	21	11	8	0	0	0	0	0	0	0	0	0	0	0	0	11303809	
227	1	A	3	N	2500	0	40	210	857	65	30	21	0	0	0	0	0	0	0	0	0	0	0	0	11311875	
228	1	A	3	N	2500	0	40	266	1175	80	38	27	0	0	0	0	0	0	0	0	0	0	0	0	11312577	
229	1	A	3	N	2500	0	40	191	946	82	43	33	0	0	0	0	0	0	0	0	0	0	0	0	11312701	
230	1	A	3	N	2500	0	40	236	957	67	33	26	0	0	0	0	0	0	0	0	0	0	0	0	11312998	
231	1	A	3	N	2500	0	40	212	1036	90	40	30	0	0	0	0	0	0	0	0	0	0	0	0	11314246	
232	1	A	3	N	2500	0	40	241	1021	70	36	27	0	0	0	0	0	0	0	0	0	0	0	0	11314651	
233	1	A	3	N	2500	0	40	21	40	3	3	4	0	0	0	0	0	0	0	0	0	0	0	0	11314683	
234	1	A	3	N	2500	0	40	208	656	38	19	15	0	0	0	0	0	0	0	0	0	0	0	0	11315151	
235	1	A	3	N	2500	0	40	175	533	28	15	12	0	0	0	0	0	0	0	0	0	0	0	0	11315213	
236	1	A	3	N	2500	0	40	291	1267	98	43	29	0	0	0	0	0	0	0	0	0	0	0	0	11315229	
237	1	A	3	N	2500	0	40	231	683	40	22	15	0	0	0	0	0	0	0	0	0	0	0	0	11315728	
238	1	A	3	N	2500	0	40	72	119	16	7	5	0	0	0	0	0	0	0	0	0	0	0	0	11316009	
239	1	A	3	N	2500	0	40	286	1007	78	36	24	0	0	0	0	0	0	0	0	0	0	0	0	11316102	
240	1	A	3	N	2500	0	40	130	699	55	30	22	0	0	0	0	0	0	0	0	0	0	0	0	11316133	
241	1	A	3	N	2500	0	40	24	27	0	0	0	0	0	0	0	0	0	0	0	0	0	0	0	11316165	
242	1	A	3	N	2500	0	40	271	1000	68	33	24	0	0	0	0	0	0	0	0	0	0	0	0	11316211	
243	1	A	3	N	2500	0	40	304	1079	80	37	29	0	0	0	0	0	0	0	0	0	0	0	0	11316258	
244	1	A	3	N	2500	0	40	237	692	37	21	17	0	0	0	0	0	0	0	0	0	0	0	0	11316336	
245	1	A	3	N	2500	0	40	216	871	51	27	16	0	0	0	0	0	0	0	0	0	0	0	0	11316835	
246	1	A	3	N	2500	0	40	216	1082	73	36	27	0	0	0	0	0	0	0	0	0	0	0	0	11317459	
247	1	A	3	N	2500	0	40	228	760	58	29	20	0	0	0	0	0	0	0	0	0	0	0	0	11317834	
248	1	A	3	N	2500	0	40	220	1002	58	31	24	0	0	0	0	0	0	0	0	0	0	0	0	11318037	
249	1	A	3	N	2500	0	40	157	698	53	27	20	0	0	0	0	0	0	0	0	0	0	0	0	11318130	
250	1	A	3	N	2500	0	40	253	899	59	28	21	0	0	0	0	0	0	0	0	0	0	0	0	11318661	
251	1	A	3	N	2500	0	40	195	664	42	20	16	0	0	0	0	0	0	0	0	0	0	0	0	11318895	
252	1	A	3	N	2500	0	40	240	1078	69	31	23	0	0	0	0	0	0	0	0	0	0	0	0	11319066	
253	1	B	3	N	2500	0	40	71	95	2	0	1	0	0	0	0	0	0	0	0	0	0	0	0	11326601	
254	1	B	3	N	2500	0	40	39	38	0	0	0	0	0	0	0	0	0	0	0	0	0	0	0	11326601	
255	1	B	3	N	2500	0	40	51	130	13	10	11	0	0	0	0	0	0	0	0	0	0	0	0	11326788	
256	1	B	3	N	2500	0	40	152	642	31	17	11	0	0	0	0	0	0	0	0	0	0	0	0	11326991	
257	1	B	3	N	2500	0	40	346	993	67	35	25	0	0	0	0	0	0	0	0	0	0	0	0	11327085	
258	1	B	3	N	2500	0	40	32	50	1	1	0	0	0	0	0	0	0	0	0	0	0	0	0	11327880	
259	1	B	3	N	2500	0	40	31	30	1	0	1	0	0	0	0	0	0	0	0	0	0	0	0	11328036	
260	1	B	3	N	2500	0	40	141	893	65	33	23	0	0	0	0	0	0	0	0	0	0	0	0	11328489	
261	1	B	3	N	2500	0	40	194	709	58	28	21	0	0	0	0	0	0	0	0	0	0	0	0	11328489	
262	1	B	3	N	2500	0	40	47	187	88	104	206	0	0	0	0	0	0	0	0	0	0	0	0	11328676	
263	1	B	3	N	2500	0	40	141	956	86	40	29	0	0	0	0	0	0	0	0	0	0	0	0	11328879	
264	1	B	3	N	2500	0	40	214	977	68	33	20	0	0	0	0	0	0	0	0	0	0	0	0	11329955	
265	1	B	3	N	2500	0	40	237	1011	62	29	20	0	0	0	0	0	0	0	0	0	0	0	0	11330111	
266	1	B	3	N	2500	0	40	260	1127	75	36	24	0	0	0	0	0	0	0	0	0	0	0	0	11330953	
267	1	B	3	N	2500	0	40	233	871	69	32	25	0	0	0	0	0	0	0	0	0	0	0	0	11331047	
268	1	B	3	N	2500	0	40	31	37	1	1	1	0	0	0	0	0	0	0	0	0	0	0	0	11331811	
269	1	B	3	N	2500	0	40	66	72	2	1	1	0	0	0	0	0	0	0	0	0	0	0	0	11331827	
270	1	B	3	N	2500	0	40	235	768	59	32	26	0	0	0	0	0	0	0	0	0	0	0	0	11331936	
271	1	B	3	N	2500	0	40	199	664	41	23	14	0	0	0	0	0	0	0	0	0	0	0	0	11332311	
272	1	C	3	N	2500	0	40	196	910	61	27	18	0	0	0	0	0	0	0	0	0	0	0	0	11342451	
273	1	C	3	N	2500	0	40	199	402	16	8	7	0	0	0	0	0	0	0	0	0	0	0	0	11342731	
274	1	C	3	N	2500	0	40	195	687	54	24	19	0	0	0	0	0	0	0	0	0	0	0	0	11343012	
275	1	C	3	N	2500	0	40	22	22	0	1	1	0	0	0	0	0	0	0	0	0	0	0	0	11343387	
276	1	C	3	N	2500	0	40	211	678	34	18	15	0	0	0	0	0	0	0	0	0	0	0	0	11343667	
277	1	C	3	N	2500	0	40	207	725	36	21	13	0	0	0	0	0	0	0	0	0	0	0	0	11344229	
278	1	C	3	N	2500	0	40	158	589	31	17	13	0	0	0	0	0	0	0	0	0	0	0	0	11344666	
279	1	C	3	N	2500	0	40	235	697	40	21	14	0	0	0	0	0	0	0	0	0	0	0	0	11345103	
280	1	C	3	N	2500	0	40	46	142	15	15	17	0	0	0	0	0	0	0	0	0	0	0	0	11345493	
281	1	C	3	N	2500	0	40	135	783	61	30	24	0	0	0	0	0	0	0	0	0	0	0	0	11346257	
282	1	C	3	N	2500	0	40	223	568	29	14	10	0	0	0	0	0	0	0	0	0	0	0	0	11346475	
283	1	C	3	N	2500	0	40	188	933	60	28	18	0	0	0	0	0	0	0	0	0	0	0	0	11346507	
284	1	C	3	N	2500	0	40	51	82	7	5	6	0	0	0	0	0	0	0	0	0	0	0	0	11346522	
285	1	C	3	N	2500	0	40	240	1069	62	32	25	0	0	0	0	0	0	0	0	0	0	0	0	11347349	
286	1	C	3	N	2500	0	40	113	621	56	30	22	0	0	0	0	0	0	0	0	0	0	0	0	11347411	
287	1	C	3	N	2500	0	40	188	615	43	22	14	0	0	0	0	0	0	0	0	0	0	0	0	11347411	
288	1	C	3	N	2500	0	40	261	810	56	27	19	0	0	0	0	0	0	0	0	0	0	0	0	11348067	
289	1	C	3	N	2500	0	40	29	56	4	4	4	0	0	0	0	0	0	0	0	0	0	0	0	11348737	
290	1	D	3	N	2500	0	40	222	600	33	14	10	0	0	0	0	0	0	0	0	0	0	0	0	11356101	
291	1	D	3	N	2500	0	40	249	594	36	18	14	0	0	0	0	0	0	0	0	0	0	0	0	11356600	
292	1	D	3	N	2500	0	40	27	30	3	2	2	0	0	0	0	0	0	0	0	0	0	0	0	11356896	
293	1	D	3	N	2500	0	40	175	647	35	22	18	0	0	0	0	0	0	0	0	0	0	0	0	11357021	
294	1	D	3	N	2500	0	40	90	248	14	10	14	0	0	0	0	0	0	0	0	0	0	0	0	11357255	
295	1	D	3	N	2500	0	40	20	24	1	0	0	0	0	0	0	0	0	0	0	0	0	0	0	11357255	
296	1	D	3	N	2500	0	40	39	39	1	1	2	0	0	0	0	0	0	0	0	0	0	0	0	11357380	
297	1	D	3	N	2500	0	40	55	89	7	2	3	0	0	0	0	0	0	0	0	0	0	0	0	11357536	
298	1	D	3	N	2500	0	40	44	75	2	0	1	0	0	0	0	0	0	0	0	0	0	0	0	11358487	
299	1	D	3	N	2500	0	40	42	53	5	5	5	0	0	0	0	0	0	0	0	0	0	0	0	11358581	
300	1	D	3	N	2500	0	40	203	582	36	18	12	0	0	0	0	0	0	0	0	0	0	0	0	11359501	
301	1	D	3	N	2500	0	40	230	657	35	18	14	0	0	0	0	0	0	0	0	0	0	0	0	11359860	
302	1	D	3	N	2500	0	40	331	743	51	18	13	0	0	0	0	0	0	0	0	0	0	0	0	11360125	
303	1	D	3	N	2500	0	40	67	132	6	3	1	0	0	0	0	0	0	0	0	0	0	0	0	11360297	
304	1	D	3	N	2500	0	40	132	420	23	12	9	0	0	0	0	0	0	0	0	0	0	0	0	11360297	
305	1	D	3	N	2500	0	40	166	519	26	17	11	0	0	0	0	0	0	0	0	0	0	0	0	11360344	
306	1	D	3	N	2500	0	40	203	758	44	22	18	0	0	0	0	0	0	0	0	0	0	0	0	11360656	
307	1	D	3	N	2500	0	40	159	203	5	2	3	0	0	0	0	0	0	0	0	0	0	0	0	11360687	
308	1	D	3	N	2500	0	40	199	540	27	13	8	0	0	0	0	0	0	0	0	0	0	0	0	11361077	
309	1	D	3	N	2500	0	40	171	515	23	12	10	0	0	0	0	0	0	0	0	0	0	0	0	11361233	
310	1	D	3	N	2500	0	40	169	918	53	28	19	0	0	0	0	0	0	0	0	0	0	0	0	11361841	
311	1	D	3	N	2500	0	40	26	51	9	6	8	0	0	0	0	0	0	0	0	0	0	0	0	11362060	
312	1	D	3	N	2500	0	40	195	548	28	17	13	0	0	0	0	0	0	0	0	0	0	0	0	11362637	
313	1	D	3	N	2500	0	40	46	54	1	0	0	0	0	0	0	0	0	0	0	0	0	0	0	11362653	
314	1	D	3	N	2500	0	40	174	598	31	16	12	0	0	0	0	0	0	0	0	0	0	0	0	11362762	
315	1	E	3	N	2500	0	40	137	316	9	7	3	0	0	0	0	0	0	0	0	0	0	0	0	11370796	
316	1	E	3	N	2500	0	40	202	542	30	15	11	0	0	0	0	0	0	0	0	0	0	0	0	11370983	
317	1	E	3	N	2500	0	40	148	391	21	9	6	0	0	0	0	0	0	0	0	0	0	0	0	11371467	
318	1	E	3	N	2500	0	40	123	399	18	11	7	0	0	0	0	0	0	0	0	0	0	0	0	11371482	
319	1	E	3	N	2500	0	40	35	43	2	1	2	0	0	0	0	0	0	0	0	0	0	0	0	11372200	
320	1	E	3	N	2500	0	40	158	369	24	11	7	0	0	0	0	0	0	0	0	0	0	0	0	11372403	
321	1	E	3	N	2500	0	40	183	478	21	12	8	0	0	0	0	0	0	0	0	0	0	0	0	11373729	
322	1	E	3	N	2500	0	40	95	397	22	9	6	0	0	0	0	0	0	0	0	0	0	0	0	11374009	
323	1	E	3	N	2500	0	40	147	379	21	11	8	0	0	0	0	0	0	0	0	0	0	0	0	11374150	
324	1	E	3	N	2500	0	40	194	493	32	13	7	0	0	0	0	0	0	0	0	0	0	0	0	11374228	
325	1	E	3	N	2500	0	40	104	396	17	10	9	0	0	0	0	0	0	0	0	0	0	0	0	11374337	
326	1	E	3	N	2500	0	40	68	70	2	1	1	0	0	0	0	0	0	0	0	0	0	0	0	11374477	
327	1	E	3	N	2500	0	40	133	375	14	8	5	0	0	0	0	0	0	0	0	0	0	0	0	11374540	
328	1	E	3	N	2500	0	40	215	431	26	10	8	0	0	0	0	0	0	0	0	0	0	0	0	11374571	
329	1	E	3	N	2500	0	40	190	394	18	8	6	0	0	0	0	0	0	0	0	0	0	0	0	11374836	
330	1	E	3	N	2500	0	40	114	321	12	6	5	0	0	0	0	0	0	0	0	0	0	0	0	11374992	
331	1	E	3	N	2500	0	40	157	377	22	10	7	0	0	0	0	0	0	0	0	0	0	0	0	11375023	
332	1	E	3	N	2500	0	40	77	307	12	6	5	0	0	0	0	0	0	0	0	0	0	0	0	11375070	
333	1	E	3	N	2500	0	40	140	249	9	4	4	0	0	0	0	0	0	0	0	0	0	0	0	11375803	
334	1	E	3	N	2500	0	40	93	325	13	7	5	0	0	0	0	0	0	0	0	0	0	0	0	11375975	
335	1	E	3	N	2500	0	40	120	394	16	9	7	0	0	0	0	0	0	0	0	0	0	0	0	11376006	
336	1	E	3	N	2500	0	40	140	385	15	9	8	0	0	0	0	0	0	0	0	0	0	0	0	11376256	
337	1	F	3	N	2500	0	40	164	306	13	7	5	0	0	0	0	0	0	0	0	0	0	0	0	11385491	
338	1	F	3	N	2500	0	40	186	286	9	5	5	0	0	0	0	0	0	0	0	0	0	0	0	11386458	
339	1	F	3	N	2500	0	40	37	42	2	1	1	0	0	0	0	0	0	0	0	0	0	0	0	11387488	
340	1	F	3	N	2500	0	40	127	250	11	6	5	0	0	0	0	0	0	0	0	0	0	0	0	11387940	
341	1	F	3	N	2500	0	40	92	254	8	5	4	0	0	0	0	0	0	0	0	0	0	0	0	11388081	
342	1	F	3	N	2500	0	40	107	233	11	7	8	0	0	0	0	0	0	0	0	0	0	0	0	11388627	
343	1	F	3	N	2500	0	40	181	377	13	7	6	0	0	0	0	0	0	0	0	0	0	0	0	11389407	
344	1	F	3	N	2500	0	40	122	273	10	5	3	0	0	0	0	0	0	0	0	0	0	0	0	11390234	
345	1	F	3	N	2500	0	40	29	29	1	0	1	0	0	0	0	0	0	0	0	0	0	0	0	11390234	
346	1	F	3	N	2500	0	40	156	303	10	6	4	0	0	0	0	0	0	0	0	0	0	0	0	11390483	
347	1	F	3	N	2500	0	40	126	292	13	7	6	0	0	0	0	0	0	0	0	0	0	0	0	11390702	
348	1	F	3	N	2500	0	40	101	258	9	4	5	0	0	0	0	0	0	0	0	0	0	0	0	11390889	
349	1	F	3	N	2500	0	40	140	281	12	6	6	0	0	0	0	0	0	0	0	0	0	0	0	11390889	
350	1	F	3	N	2500	0	40	156	282	11	6	5	0	0	0	0	0	0	0	0	0	0	0	0	11392230	
351	1	F	3	N	2500	0	40	27	31	2	1	2	0	0	0	0	0	0	0	0	0	0	0	0	11392386	
352	1	F	3	N	2500	0	40	124	419	19	10	7	0	0	0	0	0	0	0	0	0	0	0	0	11392433	
353	1	F	3	N	2500	0	40	154	402	16	9	7	0	0	0	0	0	0	0	0	0	0	0	0	11392730	
354	1	F	3	N	2500	0	40	147	317	12	6	7	0	0	0	0	0	0	0	0	0	0	0	0	11392886	
355	1	A	4	N	2500	0	40	28	53	1	1	1	0	0	0	0	0	0	0	0	0	0	0	0	11416535	
356	1	A	4	N	2500	0	40	283	1224	80	41	26	0	0	0	0	0	0	0	0	0	0	0	0	11417175	
357	1	A	4	N	2500	0	40	223	966	71	34	25	0	0	0	0	0	0	0	0	0	0	0	0	11417861	
358	1	A	4	N	2500	0	40	227	904	79	35	26	0	0	0	0	0	0	0	0	0	0	0	0	11418236	
359	1	A	4	N	2500	0	40	233	679	46	23	19	0	0	0	0	0	0	0	0	0	0	0	0	11418407	
360	1	A	4	N	2500	0	40	20	34	3	4	4	0	0	0	0	0	0	0	0	0	0	0	0	11419031	
361	1	A	4	N	2500	0	40	222	1048	74	37	25	0	0	0	0	0	0	0	0	0	0	0	0	11419437	
362	1	A	4	N	2500	0	40	42	55	1	1	1	0	0	0	0	0	0	0	0	0	0	0	0	11419562	
363	1	A	4	N	2500	0	40	220	1085	90	40	30	0	0	0	0	0	0	0	0	0	0	0	0	11419702	
364	1	A	4	N	2500	0	40	266	1035	68	35	26	0	0	0	0	0	0	0	0	0	0	0	0	11419749	
365	1	A	4	N	2500	0	40	211	766	57	29	20	0	0	0	0	0	0	0	0	0	0	0	0	11419858	
366	1	A	4	N	2500	0	40	238	867	61	31	22	0	0	0	0	0	0	0	0	0	0	0	0	11420108	
367	1	A	4	N	2500	0	40	310	983	54	29	21	0	0	0	0	0	0	0	0	0	0	0	0	11420529	
368	1	A	4	N	2500	0	40	249	916	49	26	15	0	0	0	0	0	0	0	0	0	0	0	0	11420732	
369	1	A	4	N	2500	0	40	221	1007	70	35	24	0	0	0	0	0	0	0	0	0	0	0	0	11420872	
370	1	A	4	N	2500	0	40	178	597	37	20	16	0	0	0	0	0	0	0	0	0	0	0	0	11420934	
371	1	A	4	N	2500	0	40	227	1091	75	39	28	0	0	0	0	0	0	0	0	0	0	0	0	11420966	
372	1	A	4	N	2500	0	40	242	1033	81	39	28	0	0	0	0	0	0	0	0	0	0	0	0	11421746	
373	1	A	4	N	2500	0	40	185	867	55	28	23	0	0	0	0	0	0	0	0	0	0	0	0	11422214	
374	1	B	4	N	2500	0	40	31	57	4	1	2	0	0	0	0	0	0	0	0	0	0	0	0	11430544	
375	1	B	4	N	2500	0	40	23	26	3	2	0	0	0	0	0	0	0	0	0	0	0	0	0	11431386	
376	1	B	4	N	2500	0	40	310	1145	68	34	25	0	0	0	0	0	0	0	0	0	0	0	0	11431402	
377	1	B	4	N	2500	0	40	25	25	3	1	1	0	0	0	0	0	0	0	0	0	0	0	0	11432291	
378	1	B	4	N	2500	0	40	181	506	30	14	10	0	0	0	0	0	0	0	0	0	0	0	0	11432712	
379	1	B	4	N	2500	0	40	226	1012	67	32	22	0	0	0	0	0	0	0	0	0	0	0	0	11432915	
380	1	B	4	N	2500	0	40	232	1273	91	46	38	0	0	0	0	0	0	0	0	0	0	0	0	11433305	
381	1	B	4	N	2500	0	40	258	961	70	30	21	0	0	0	0	0	0	0	0	0	0	0	0	11433648	
382	1	B	4	N	2500	0	40	150	1025	75	42	32	0	0	0	0	0	0	0	0	0	0	0	0	11434116	
383	1	B	4	N	2500	0	40	208	1093	79	35	27	0	0	0	0	0	0	0	0	0	0	0	0	11434226	
384	1	B	4	N	2500	0	40	418	1518	93	45	32	0	0	0	0	0	0	0	0	0	0	0	0	11434272	
385	1	B	4	N	2500	0	40	221	966	83	36	27	0	0	0	0	0	0	0	0	0	0	0	0	11434304	
386	1	B	4	N	2500	0	40	167	490	29	15	12	0	0	0	0	0	0	0	0	0	0	0	0	11434756	
387	1	B	4	N	2500	0	40	31	37	3	2	3	0	0	0	0	0	0	0	0	0	0	0	0	11434834	
388	1	B	4	N	2500	0	40	21	30	2	1	1	0	0	0	0	0	0	0	0	0	0	0	0	11435021	
389	1	B	4	N	2500	0	40	178	991	76	39	26	0	0	0	0	0	0	0	0	0	0	0	0	11435786	
390	1	B	4	N	2500	0	40	21	31	2	1	2	0	0	0	0	0	0	0	0	0	0	0	0	11435895	
391	1	B	4	N	2500	0	40	161	593	31	18	14	0	0	0	0	0	0	0	0	0	0	0	0	11436909	
392	1	B	4	N	2500	0	40	36	66	2	2	1	0	0	0	0	0	0	0	0	0	0	0	0	11436987	
393	1	B	4	N	2500	0	40	34	40	4	2	1	0	0	0	0	0	0	0	0	0	0	0	0	11437065	
394	1	B	4	N	2500	0	40	228	920	57	28	20	0	0	0	0	0	0	0	0	0	0	0	0	11437174	
395	1	B	4	N	2500	0	40	20	27	1	1	1	0	0	0	0	0	0	0	0	0	0	0	0	11437470	
396	1	B	4	N	2500	0	40	205	963	60	30	23	0	0	0	0	0	0	0	0	0	0	0	0	11437533	
397	1	B	4	N	2500	0	40	295	1099	76	34	21	0	0	0	0	0	0	0	0	0	0	0	0	11437595	
398	1	C	4	N	2500	0	40	235	559	26	15	13	0	0	0	0	0	0	0	0	0	0	0	0	11446799	
399	1	C	4	N	2500	0	40	183	803	49	25	17	0	0	0	0	0	0	0	0	0	0	0	0	11448406	
400	1	C	4	N	2500	0	40	215	824	68	30	20	0	0	0	0	0	0	0	0	0	0	0	0	11448749	
401	1	C	4	N	2500	0	40	95	124	7	6	7	0	0	0	0	0	0	0	0	0	0	0	0	11449217	
402	1	C	4	N	2500	0	40	224	910	66	29	20	0	0	0	0	0	0	0	0	0	0	0	0	11449264	
403	1	C	4	N	2500	0	40	212	676	42	23	16	0	0	0	0	0	0	0	0	0	0	0	0	11449482	
404	1	C	4	N	2500	0	40	218	897	52	26	20	0	0	0	0	0	0	0	0	0	0	0	0	11450309	
405	1	C	4	N	2500	0	40	203	746	44	19	15	0	0	0	0	0	0	0	0	0	0	0	0	11450559	
406	1	D	4	N	2500	0	40	211	471	27	12	11	0	0	0	0	0	0	0	0	0	0	0	0	11461104	
407	1	D	4	N	2500	0	40	172	266	29	14	11	0	0	0	0	0	0	0	0	0	0	0	0	11461323	
408	1	D	4	N	2500	0	40	63	66	6	3	2	0	0	0	0	0	0	0	0	0	0	0	0	11461323	
409	1	D	4	N	2500	0	40	190	548	32	17	13	0	0	0	0	0	0	0	0	0	0	0	0	11461401	
410	1	D	4	N	2500	0	40	179	656	37	18	14	0	0	0	0	0	0	0	0	0	0	0	0	11461900	
411	1	D	4	N	2500	0	40	32	48	2	0	0	0	0	0	0	0	0	0	0	0	0	0	0	11463569	
412	1	D	4	N	2500	0	40	23	24	1	0	1	0	0	0	0	0	0	0	0	0	0	0	0	11464458	
413	1	D	4	N	2500	0	40	94	232	12	7	7	0	0	0	0	0	0	0	0	0	0	0	0	11465098	
414	1	D	4	N	2500	0	40	159	639	33	20	13	0	0	0	0	0	0	0	0	0	0	0	0	11465160	
415	1	D	4	N	2500	0	40	159	583	32	19	14	0	0	0	0	0	0	0	0	0	0	0	0	11466954	
416	1	E	4	N	2500	0	40	46	51	4	2	2	0	0	0	0	0	0	0	0	0	0	0	0	11474286	
417	1	E	4	N	2500	0	40	34	39	4	1	1	0	0	0	0	0	0	0	0	0	0	0	0	11474286	
418	1	E	4	N	2500	0	40	50	87	9	4	3	0	0	0	0	0	0	0	0	0	0	0	0	11474286	
419	1	E	4	N	2500	0	40	180	359	17	8	6	0	0	0	0	0	0	0	0	0	0	0	0	11474567	
420	1	E	4	N	2500	0	40	38	62	2	1	1	0	0	0	0	0	0	0	0	0	0	0	0	11474567	
421	1	E	4	N	2500	0	40	26	81	1	0	0	0	0	0	0	0	0	0	0	0	0	0	0	11475846	
422	1	E	4	N	2500	0	40	180	566	29	15	11	0	0	0	0	0	0	0	0	0	0	0	0	11477578	
423	1	E	4	N	2500	0	40	84	129	6	4	3	0	0	0	0	0	0	0	0	0	0	0	0	11477984	
424	1	E	4	N	2500	0	40	80	281	16	10	4	0	0	0	0	0	0	0	0	0	0	0	0	11477984	
425	1	E	4	N	2500	0	40	34	38	2	1	1	0	0	0	0	0	0	0	0	0	0	0	0	11479684	
426	1	E	4	N	2500	0	40	115	321	14	8	6	0	0	0	0	0	0	0	0	0	0	0	0	11479902	
427	1	E	4	N	2500	0	40	238	606	28	17	12	0	0	0	0	0	0	0	0	0	0	0	0	11480511	
428	1	F	4	N	2500	0	40	76	268	15	7	5	0	0	0	0	0	0	0	0	0	0	0	0	11492414	
429	1	F	4	N	2500	0	40	91	208	8	4	4	0	0	0	0	0	0	0	0	0	0	0	0	11492882	
430	1	F	4	N	2500	0	40	61	60	4	2	2	0	0	0	0	0	0	0	0	0	0	0	0	11492960	
431	1	F	4	N	2500	0	40	103	194	6	5	5	0	0	0	0	0	0	0	0	0	0	0	0	11494052	
432	1	F	4	N	2500	0	40	25	22	1	1	0	0	0	0	0	0	0	0	0	0	0	0	0	11495627	
433	1	G	4	N	2500	0	40	78	232	8	5	3	0	0	0	0	0	0	0	0	0	0	0	0	11503817	
434	1	G	4	N	2500	0	40	38	52	6	0	0	0	0	0	0	0	0	0	0	0	0	0	0	11510510	
435	1	A	5	N	2500	0	40	125	493	37	20	12	0	0	0	0	0	0	0	0	0	0	0	0	11519729	
436	1	A	5	N	2500	0	40	209	827	57	26	19	0	0	0	0	0	0	0	0	0	0	0	0	11520494	
437	1	A	5	N	2500	0	40	61	83	6	6	7	0	0	0	0	0	0	0	0	0	0	0	0	11521445	
438	1	A	5	N	2500	0	40	330	944	61	28	21	0	0	0	0	0	0	0	0	0	0	0	0	11521523	
439	1	A	5	N	2500	0	40	206	995	66	35	24	0	0	0	0	0	0	0	0	0	0	0	0	11521991	
440	1	A	5	N	2500	0	40	114	524	30	16	10	0	0	0	0	0	0	0	0	0	0	0	0	11523161	
441	1	A	5	N	2500	0	40	169	816	45	27	23	0	0	0	0	0	0	0	0	0	0	0	0	11523551	
442	1	A	5	N	2500	0	40	238	866	60	29	20	0	0	0	0	0	0	0	0	0	0	0	0	11524160	
443	1	A	5	N	2500	0	40	188	847	63	33	22	0	0	0	0	0	0	0	0	0	0	0	0	11524347	
444	1	A	5	N	2500	0	40	102	468	25	13	9	0	0	0	0	0	0	0	0	0	0	0	0	11524409	
445	1	A	5	N	2500	0	40	255	926	68	31	21	0	0	0	0	0	0	0	0	0	0	0	0	11524643	
446	1	A	5	N	2500	0	40	126	680	50	23	17	0	0	0	0	0	0	0	0	0	0	0	0	11524831	
447	1	A	5	N	2500	0	40	210	843	46	28	19	0	0	0	0	0	0	0	0	0	0	0	0	11524940	
448	1	A	5	N	2500	0	40	21	35	13	16	18	0	0	0	0	0	0	0	0	0	0	0	0	11525205	
449	1	A	5	N	2500	0	40	222	921	62	31	23	0	0	0	0	0	0	0	0	0	0	0	0	11525236	
450	1	A	5	N	2500	0	40	234	829	41	25	20	0	0	0	0	0	0	0	0	0	0	0	0	11525267	
451	1	A	5	N	2500	0	40	202	887	59	30	20	0	0	0	0	0	0	0	0	0	0	0	0	11525486	
452	1	A	5	N	2500	0	40	160	720	43	21	17	0	0	0	0	0	0	0	0	0	0	0	0	11526453	
453	1	A	5	N	2500	0	40	250	1035	67	34	28	0	0	0	0	0	0	0	0	0	0	0	0	11526562	
454	1	B	5	N	2500	0	40	215	978	78	33	24	0	0	0	0	0	0	0	0	0	0	0	0	11534019	
455	1	B	5	N	2500	0	40	200	916	77	35	23	0	0	0	0	0	0	0	0	0	0	0	0	11535595	
456	1	B	5	N	2500	0	40	124	507	45	22	14	0	0	0	0	0	0	0	0	0	0	0	0	11536203	
457	1	B	5	N	2500	0	40	186	600	37	22	14	0	0	0	0	0	0	0	0	0	0	0	0	11536593	
458	1	B	5	N	2500	0	40	195	802	56	30	23	0	0	0	0	0	0	0	0	0	0	0	0	11536765	
459	1	B	5	N	2500	0	40	358	1554	94	48	28	0	0	0	0	0	0	0	0	0	0	0	0	11537030	
460	1	B	5	N	2500	0	40	194	838	44	23	18	0	0	0	0	0	0	0	0	0	0	0	0	11537123	
461	1	B	5	N	2500	0	40	205	734	47	21	16	0	0	0	0	0	0	0	0	0	0	0	0	11537435	
462	1	B	5	N	2500	0	40	227	874	48	26	18	0	0	0	0	0	0	0	0	0	0	0	0	11537513	
463	1	B	5	N	2500	0	40	148	635	45	18	13	0	0	0	0	0	0	0	0	0	0	0	0	11537607	
464	1	B	5	N	2500	0	40	267	996	56	29	21	0	0	0	0	0	0	0	0	0	0	0	0	11537638	
465	1	B	5	N	2500	0	40	220	723	53	28	19	0	0	0	0	0	0	0	0	0	0	0	0	11537654	
466	1	B	5	N	2500	0	40	114	477	35	19	12	0	0	0	0	0	0	0	0	0	0	0	0	11538137	
467	1	B	5	N	2500	0	40	206	725	62	30	24	0	0	0	0	0	0	0	0	0	0	0	0	11538325	
468	1	B	5	N	2500	0	40	180	600	34	17	10	0	0	0	0	0	0	0	0	0	0	0	0	11538527	
469	1	B	5	N	2500	0	40	216	402	18	10	8	0	0	0	0	0	0	0	0	0	0	0	0	11538559	
470	1	B	5	N	2500	0	40	28	48	5	4	5	0	0	0	0	0	0	0	0	0	0	0	0	11539510	
471	1	B	5	N	2500	0	40	242	867	52	26	20	0	0	0	0	0	0	0	0	0	0	0	0	11539729	
472	1	B	5	N	2500	0	40	48	113	13	9	12	0	0	0	0	0	0	0	0	0	0	0	0	11539775	
473	1	B	5	N	2500	0	40	50	73	4	3	4	0	0	0	0	0	0	0	0	0	0	0	0	11540337	
474	1	C	5	N	2500	0	40	24	42	1	1	1	0	0	0	0	0	0	0	0	0	0	0	0	11548511	
475	1	C	5	N	2500	0	40	235	812	45	23	19	0	0	0	0	0	0	0	0	0	0	0	0	11548621	
476	1	C	5	N	2500	0	40	107	374	29	17	10	0	0	0	0	0	0	0	0	0	0	0	0	11549011	
477	1	C	5	N	2500	0	40	22	25	0	0	1	0	0	0	0	0	0	0	0	0	0	0	0	11549697	
478	1	C	5	N	2500	0	40	210	574	36	20	17	0	0	0	0	0	0	0	0	0	0	0	0	11549915	
479	1	C	5	N	2500	0	40	49	84	3	0	0	0	0	0	0	0	0	0	0	0	0	0	0	11549962	
480	1	C	5	N	2500	0	40	164	533	33	17	14	0	0	0	0	0	0	0	0	0	0	0	0	11550555	
481	1	C	5	N	2500	0	40	335	628	36	15	13	0	0	0	0	0	0	0	0	0	0	0	0	11550586	
482	1	C	5	N	2500	0	40	213	674	33	23	18	0	0	0	0	0	0	0	0	0	0	0	0	11551163	
483	1	C	5	N	2500	0	40	23	47	1	0	0	0	0	0	0	0	0	0	0	0	0	0	0	11551241	
484	1	C	5	N	2500	0	40	237	596	34	17	14	0	0	0	0	0	0	0	0	0	0	0	0	11551522	
485	1	C	5	N	2500	0	40	246	716	47	24	16	0	0	0	0	0	0	0	0	0	0	0	0	11551678	
486	1	C	5	N	2500	0	40	225	667	43	19	15	0	0	0	0	0	0	0	0	0	0	0	0	11551850	
487	1	C	5	N	2500	0	40	158	528	34	17	13	0	0	0	0	0	0	0	0	0	0	0	0	11552255	
488	1	C	5	N	2500	0	40	174	546	27	16	13	0	0	0	0	0	0	0	0	0	0	0	0	11552645	
489	1	C	5	N	2500	0	40	201	752	38	21	15	0	0	0	0	0	0	0	0	0	0	0	0	11552645	
490	1	C	5	N	2500	0	40	227	633	46	20	14	0	0	0	0	0	0	0	0	0	0	0	0	11552755	
491	1	C	5	N	2500	0	40	184	575	33	22	16	0	0	0	0	0	0	0	0	0	0	0	0	11552989	
492	1	C	5	N	2500	0	40	234	754	43	21	13	0	0	0	0	0	0	0	0	0	0	0	0	11553004	
493	1	C	5	N	2500	0	40	169	800	50	22	17	0	0	0	0	0	0	0	0	0	0	0	0	11553082	
494	1	C	5	N	2500	0	40	22	37	2	1	1	0	0	0	0	0	0	0	0	0	0	0	0	11553254	
495	1	C	5	N	2500	0	40	214	839	45	27	20	0	0	0	0	0	0	0	0	0	0	0	0	11553394	
496	1	C	5	N	2500	0	40	248	737	38	20	14	0	0	0	0	0	0	0	0	0	0	0	0	11553862	
497	1	C	5	N	2500	0	40	251	691	38	22	18	0	0	0	0	0	0	0	0	0	0	0	0	11554268	
498	1	C	5	N	2500	0	40	230	824	47	24	18	0	0	0	0	0	0	0	0	0	0	0	0	11554299	
499	1	D	5	N	2500	0	40	126	293	36	23	14	0	0	0	0	0	0	0	0	0	0	0	0	11563472	
500	1	D	5	N	2500	0	40	225	636	32	17	12	0	0	0	0	0	0	0	0	0	0	0	0	11564111	
501	1	D	5	N	2500	0	40	122	377	13	8	6	0	0	0	0	0	0	0	0	0	0	0	0	11564377	
502	1	D	5	N	2500	0	40	138	540	27	14	10	0	0	0	0	0	0	0	0	0	0	0	0	11564486	
503	1	D	5	N	2500	0	40	239	642	35	19	15	0	0	0	0	0	0	0	0	0	0	0	0	11565406	
504	1	D	5	N	2500	0	40	21	22	0	0	0	0	0	0	0	0	0	0	0	0	0	0	0	11565905	
505	1	D	5	N	2500	0	40	119	478	26	13	10	0	0	0	0	0	0	0	0	0	0	0	0	11566155	
506	1	D	5	N	2500	0	40	215	629	40	19	16	0	0	0	0	0	0	0	0	0	0	0	0	11566217	
507	1	D	5	N	2500	0	40	171	562	31	15	9	0	0	0	0	0	0	0	0	0	0	0	0	11566592	
508	1	D	5	N	2500	0	40	153	478	30	16	11	0	0	0	0	0	0	0	0	0	0	0	0	11566888	
509	1	D	5	N	2500	0	40	160	549	32	14	11	0	0	0	0	0	0	0	0	0	0	0	0	11567294	
510	1	D	5	N	2500	0	40	202	869	48	24	16	0	0	0	0	0	0	0	0	0	0	0	0	11568152	
511	1	D	5	N	2500	0	40	271	617	30	16	12	0	0	0	0	0	0	0	0	0	0	0	0	11568464	
512	1	D	5	N	2500	0	40	205	724	39	21	17	0	0	0	0	0	0	0	0	0	0	0	0	11569540	
513	1	D	5	N	2500	0	40	25	45	3	2	3	0	0	0	0	0	0	0	0	0	0	0	0	11569696	
514	1	D	5	N	2500	0	40	25	49	3	3	2	0	0	0	0	0	0	0	0	0	0	0	0	11569743	
515	1	E	5	N	2500	0	40	101	343	15	7	4	0	0	0	0	0	0	0	0	0	0	0	0	11578354	
516	1	E	5	N	2500	0	40	273	905	55	25	17	0	0	0	0	0	0	0	0	0	0	0	0	11579555	
517	1	E	5	N	2500	0	40	184	338	14	6	7	0	0	0	0	0	0	0	0	0	0	0	0	11579961	
518	1	E	5	N	2500	0	40	173	309	18	7	4	0	0	0	0	0	0	0	0	0	0	0	0	11580928	
519	1	E	5	N	2500	0	40	84	257	9	5	4	0	0	0	0	0	0	0	0	0	0	0	0	11581162	
520	1	E	5	N	2500	0	40	162	336	16	9	8	0	0	0	0	0	0	0	0	0	0	0	0	11582223	
521	1	E	5	N	2500	0	40	24	37	2	2	3	0	0	0	0	0	0	0	0	0	0	0	0	11582223	
522	1	E	5	N	2500	0	40	143	353	18	8	5	0	0	0	0	0	0	0	0	0	0	0	0	11582878	
523	1	E	5	N	2500	0	40	156	225	8	4	4	0	0	0	0	0	0	0	0	0	0	0	0	11584844	
524	1	E	5	N	2500	0	40	258	716	36	20	16	0	0	0	0	0	0	0	0	0	0	0	0	11585109	
525	1	F	5	N	2500	0	40	29	48	2	1	2	0	0	0	0	0	0	0	0	0	0	0	0	11593970	
526	1	F	5	N	2500	0	40	152	280	8	5	5	0	0	0	0	0	0	0	0	0	0	0	0	11594219	
527	1	F	5	N	2500	0	40	49	91	10	0	0	0	0	0	0	0	0	0	0	0	0	0	0	11595155	
528	1	F	5	N	2500	0	40	82	255	10	5	4	0	0	0	0	0	0	0	0	0	0	0	0	11595764	
529	1	F	5	N	2500	0	40	145	294	10	5	5	0	0	0	0	0	0	0	0	0	0	0	0	11595889	
530	1	F	5	N	2500	0	40	135	234	9	4	3	0	0	0	0	0	0	0	0	0	0	0	0	11595889	
531	1	F	5	N	2500	0	40	103	225	9	4	3	0	0	0	0	0	0	0	0	0	0	0	0	11596637	
532	1	F	5	N	2500	0	40	130	278	12	7	6	0	0	0	0	0	0	0	0	0	0	0	0	11597667	
533	1	F	5	N	2500	0	40	43	73	5	4	4	0	0	0	0	0	0	0	0	0	0	0	0	11599445	
534	1	F	5	N	2500	0	40	167	262	12	6	3	0	0	0	0	0	0	0	0	0	0	0	0	11599523	
535	1	F	5	N	2500	0	40	82	303	12	7	5	0	0	0	0	0	0	0	0	0	0	0	0	11599882	
536	1	G	5	N	2500	0	40	81	328	13	7	4	0	0	0	0	0	0	0	0	0	0	0	0	11607760	
537	1	G	5	N	2500	0	40	58	64	2	2	1	0	0	0	0	0	0	0	0	0	0	0	0	11610896	
538	1	A	6	N	2500	0	40	20	16	0	0	0	0	0	0	0	0	0	0	0	0	0	0	0	11623345	
539	1	A	6	N	2500	0	40	27	23	0	0	0	0	0	0	0	0	0	0	0	0	0	0	0	11623345	
540	1	A	6	N	2500	0	40	1401	5643	88	37	35	0	0	0	0	0	0	0	0	0	0	0	0	11623345	
541	1	A	6	N	2500	0	40	225	1121	75	39	31	0	0	0	0	0	0	0	0	0	0	0	0	11624000	
542	1	A	6	N	2500	0	40	239	1054	80	38	28	0	0	0	0	0	0	0	0	0	0	0	0	11624562	
543	1	A	6	N	2500	0	40	192	739	43	23	14	0	0	0	0	0	0	0	0	0	0	0	0	11624936	
544	1	A	6	N	2500	0	40	240	836	70	30	22	0	0	0	0	0	0	0	0	0	0	0	0	11625279	
545	1	A	6	N	2500	0	40	35	35	3	2	4	0	0	0	0	0	0	0	0	0	0	0	0	11625794	
546	1	A	6	N	2500	0	40	238	813	66	33	22	0	0	0	0	0	0	0	0	0	0	0	0	11625888	
547	1	A	6	N	2500	0	40	276	1018	82	37	25	0	0	0	0	0	0	0	0	0	0	0	0	11627167	
548	1	A	6	N	2500	0	40	142	628	38	22	15	0	0	0	0	0	0	0	0	0	0	0	0	11628742	
549	1	A	6	N	2500	0	40	225	866	60	28	23	0	0	0	0	0	0	0	0	0	0	0	0	11628789	
550	1	A	6	N	2500	0	40	237	938	52	29	21	0	0	0	0	0	0	0	0	0	0	0	0	11629242	
551	1	A	6	N	2500	0	40	1066	5395	150	85	81	0	0	0	0	0	0	0	0	0	0	0	0	11629335	
552	1	A	6	N	2500	0	40	42	35	0	0	0	0	0	0	0	0	0	0	0	0	0	0	0	11629335	
553	1	B	6	N	2500	0	40	48	82	6	0	0	0	0	0	0	0	0	0	0	0	0	0	0	11637853	
554	1	B	6	N	2500	0	40	24	21	2	1	1	0	0	0	0	0	0	0	0	0	0	0	0	11637931	
555	1	B	6	N	2500	0	40	161	785	64	29	21	0	0	0	0	0	0	0	0	0	0	0	0	11637962	
556	1	B	6	N	2500	0	40	174	524	68	37	28	0	0	0	0	0	0	0	0	0	0	0	0	11638524	
557	1	B	6	N	2500	0	40	234	979	56	30	20	0	0	0	0	0	0	0	0	0	0	0	0	11639772	
558	1	B	6	N	2500	0	40	309	1006	62	29	24	0	0	0	0	0	0	0	0	0	0	0	0	11641269	
559	1	B	6	N	2500	0	40	172	845	57	29	19	0	0	0	0	0	0	0	0	0	0	0	0	11643500	
560	1	C	6	N	2500	0	40	31	44	1	1	1	0	0	0	0	0	0	0	0	0	0	0	0	11652766	
561	1	C	6	N	2500	0	40	130	579	31	17	12	0	0	0	0	0	0	0	0	0	0	0	0	11653047	
562	1	C	6	N	2500	0	40	182	738	45	22	16	0	0	0	0	0	0	0	0	0	0	0	0	11653390	
563	1	C	6	N	2500	0	40	195	640	46	24	18	0	0	0	0	0	0	0	0	0	0	0	0	11653406	
564	1	C	6	N	2500	0	40	174	762	45	25	18	0	0	0	0	0	0	0	0	0	0	0	0	11653515	
565	1	C	6	N	2500	0	40	22	26	1	1	2	0	0	0	0	0	0	0	0	0	0	0	0	11653640	
566	1	C	6	N	2500	0	40	28	46	2	1	0	0	0	0	0	0	0	0	0	0	0	0	0	11656011	
567	1	C	6	N	2500	0	40	195	731	40	20	15	0	0	0	0	0	0	0	0	0	0	0	0	11656495	
568	1	C	6	N	2500	0	40	38	51	6	0	0	0	0	0	0	0	0	0	0	0	0	0	0	11656838	
569	1	C	6	N	2500	0	40	111	471	27	13	9	0	0	0	0	0	0	0	0	0	0	0	0	11657384	
570	1	C	6	N	2500	0	40	259	849	48	25	18	0	0	0	0	0	0	0	0	0	0	0	0	11657696	
571	1	C	6	N	2500	0	40	210	952	57	29	22	0	0	0	0	0	0	0	0	0	0	0	0	11658133	
572	1	C	6	N	2500	0	40	191	909	55	28	21	0	0	0	0	0	0	0	0	0	0	0	0	11659162	
573	1	D	6	N	2500	0	40	183	417	18	11	7	0	0	0	0	0	0	0	0	0	0	0	0	11670519	
574	1	D	6	N	2500	0	40	160	566	31	15	9	0	0	0	0	0	0	0	0	0	0	0	0	11670566	
575	1	D	6	N	2500	0	40	330	584	6	4	4	0	0	0	0	0	0	0	0	0	0	0	0	11670613	
576	1	D	6	N	2500	0	40	188	495	23	13	8	0	0	0	0	0	0	0	0	0	0	0	0	11671003	
577	1	D	6	N	2500	0	40	227	585	33	18	10	0	0	0	0	0	0	0	0	0	0	0	0	11671814	
578	1	D	6	N	2500	0	40	99	347	16	9	9	0	0	0	0	0	0	0	0	0	0	0	0	11671845	
579	1	D	6	N	2500	0	40	192	557	26	17	12	0	0	0	0	0	0	0	0	0	0	0	0	11672188	
580	1	D	6	N	2500	0	40	41	69	3	4	3	0	0	0	0	0	0	0	0	0	0	0	0	11672220	
581	1	D	6	N	2500	0	40	182	495	28	15	10	0	0	0	0	0	0	0	0	0	0	0	0	11672469	
582	1	D	6	N	2500	0	40	191	423	19	10	8	0	0	0	0	0	0	0	0	0	0	0	0	11672656	
583	1	D	6	N	2500	0	40	153	555	30	15	10	0	0	0	0	0	0	0	0	0	0	0	0	11673483	
584	1	E	6	N	2500	0	40	198	558	31	16	8	0	0	0	0	0	0	0	0	0	0	0	0	11681798	
585	1	E	6	N	2500	0	40	187	413	29	15	9	0	0	0	0	0	0	0	0	0	0	0	0	11681938	
586	1	E	6	N	2500	0	40	200	497	26	14	10	0	0	0	0	0	0	0	0	0	0	0	0	11682188	
587	1	E	6	N	2500	0	40	32	37	1	1	1	0	0	0	0	0	0	0	0	0	0	0	0	11682968	
588	1	E	6	N	2500	0	40	206	494	22	13	10	0	0	0	0	0	0	0	0	0	0	0	0	11682999	
589	1	E	6	N	2500	0	40	109	449	27	13	11	0	0	0	0	0	0	0	0	0	0	0	0	11683108	
590	1	E	6	N	2500	0	40	189	472	25	12	9	0	0	0	0	0	0	0	0	0	0	0	0	11684107	
591	1	E	6	N	2500	0	40	21	25	6	4	7	0	0	0	0	0	0	0	0	0	0	0	0	11685230	
592	1	E	6	N	2500	0	40	132	428	26	12	7	0	0	0	0	0	0	0	0	0	0	0	0	11685558	
593	1	E	6	N	2500	0	40	167	525	26	14	11	0	0	0	0	0	0	0	0	0	0	0	0	11686135	
594	1	E	6	N	2500	0	40	96	275	13	7	4	0	0	0	0	0	0	0	0	0	0	0	0	11686244	
595	1	E	6	N	2500	0	40	113	307	16	10	7	0	0	0	0	0	0	0	0	0	0	0	0	11686275	
596	1	E	6	N	2500	0	40	22	22	0	0	0	0	0	0	0	0	0	0	0	0	0	0	0	11686540	
597	1	E	6	N	2500	0	40	163	423	23	11	8	0	0	0	0	0	0	0	0	0	0	0	0	11686556	
598	1	E	6	N	2500	0	40	198	536	35	15	11	0	0	0	0	0	0	0	0	0	0	0	0	11686743	
599	1	E	6	N	2500	0	40	177	370	17	9	5	0	0	0	0	0	0	0	0	0	0	0	0	11686852	
600	1	E	6	N	2500	0	40	112	387	15	8	7	0	0	0	0	0	0	0	0	0	0	0	0	11688100	
601	1	F	6	N	2500	0	40	84	257	11	7	4	0	0	0	0	0	0	0	0	0	0	0	0	11697304	
602	1	F	6	N	2500	0	40	37	34	3	0	1	0	0	0	0	0	0	0	0	0	0	0	0	11697398	
603	1	F	6	N	2500	0	40	281	382	16	11	12	0	0	0	0	0	0	0	0	0	0	0	0	11697398	
604	1	F	6	N	2500	0	40	180	346	11	6	5	0	0	0	0	0	0	0	0	0	0	0	0	11699301	
605	1	F	6	N	2500	0	40	21	33	1	0	0	0	0	0	0	0	0	0	0	0	0	0	0	11699535	
606	1	F	6	N	2500	0	40	75	80	2	1	3	0	0	0	0	0	0	0	0	0	0	0	0	11700518	
607	1	F	6	N	2500	0	40	104	378	14	7	5	0	0	0	0	0	0	0	0	0	0	0	0	11700939	
608	1	F	6	N	2500	0	40	101	356	16	8	7	0	0	0	0	0	0	0	0	0	0	0	0	11701485	
609	1	F	6	N	2500	0	40	160	393	19	10	7	0	0	0	0	0	0	0	0	0	0	0	0	11701610	
610	1	F	6	N	2500	0	40	54	118	13	0	0	0	0	0	0	0	0	0	0	0	0	0	0	11701813	
611	1	F	6	N	2500	0	40	72	259	8	5	4	0	0	0	0	0	0	0	0	0	0	0	0	11701860	
612	1	F	6	N	2500	0	40	116	409	19	10	7	0	0	0	0	0	0	0	0	0	0	0	0	11702281	
613	1	G	6	N	2500	0	40	229	373	17	9	7	0	0	0	0	0	0	0	0	0	0	0	0	11716570	
614	1	A	7	N	2500	0	40	169	752	65	31	24	0	0	0	0	0	0	0	0	0	0	0	0	11726492	
615	1	A	7	N	2500	0	40	92	162	23	9	8	0	0	0	0	0	0	0	0	0	0	0	0	11727194	
616	1	A	7	N	2500	0	40	95	218	46	9	8	0	0	0	0	0	0	0	0	0	0	0	0	11727225	
617	1	A	7	N	2500	0	40	435	1510	95	45	34	0	0	0	0	0	0	0	0	0	0	0	0	11727303	
618	1	A	7	N	2500	0	40	31	47	2	2	1	0	0	0	0	0	0	0	0	0	0	0	0	11727584	
619	1	A	7	N	2500	0	40	31	33	1	1	1	0	0	0	0	0	0	0	0	0	0	0	0	11727756	
620	1	A	7	N	2500	0	40	244	1115	85	40	30	0	0	0	0	0	0	0	0	0	0	0	0	11728114	
621	1	A	7	N	2500	0	40	269	1288	100	47	32	0	0	0	0	0	0	0	0	0	0	0	0	11729316	
622	1	A	7	N	2500	0	40	239	958	67	33	24	0	0	0	0	0	0	0	0	0	0	0	0	11729409	
623	1	A	7	N	2500	0	40	217	925	69	38	24	0	0	0	0	0	0	0	0	0	0	0	0	11730252	
624	1	A	7	N	2500	0	40	192	775	48	25	19	0	0	0	0	0	0	0	0	0	0	0	0	11730626	
625	1	A	7	N	2500	0	40	127	641	39	22	18	0	0	0	0	0	0	0	0	0	0	0	0	11730860	
626	1	A	7	N	2500	0	40	227	712	41	24	18	0	0	0	0	0	0	0	0	0	0	0	0	11731079	
627	1	A	7	N	2500	0	40	249	671	40	24	18	0	0	0	0	0	0	0	0	0	0	0	0	11731079	
628	1	A	7	N	2500	0	40	157	622	30	19	14	0	0	0	0	0	0	0	0	0	0	0	0	11731281	
629	1	A	7	N	2500	0	40	220	1171	83	43	32	0	0	0	0	0	0	0	0	0	0	0	0	11731406	
630	1	A	7	N	2500	0	40	291	979	63	33	25	0	0	0	0	0	0	0	0	0	0	0	0	11732046	
631	1	A	7	N	2500	0	40	20	20	0	0	0	0	0	0	0	0	0	0	0	0	0	0	0	11732342	
632	1	A	7	N	2500	0	40	219	940	66	34	27	0	0	0	0	0	0	0	0	0	0	0	0	11732483	
633	1	A	7	N	2500	0	40	255	1200	95	43	33	0	0	0	0	0	0	0	0	0	0	0	0	11732561	
634	1	A	7	N	2500	0	40	216	1096	77	36	28	0	0	0	0	0	0	0	0	0	0	0	0	11732732	
635	1	A	7	N	2500	0	40	341	830	46	24	20	0	0	0	0	0	0	0	0	0	0	0	0	11732763	
636	1	A	7	N	2500	0	40	316	802	48	19	17	0	0	0	0	0	0	0	0	0	0	0	0	11733715	
637	1	B	7	N	2500	0	40	124	483	40	20	16	0	0	0	0	0	0	0	0	0	0	0	0	11741156	
638	1	B	7	N	2500	0	40	186	672	63	31	25	0	0	0	0	0	0	0	0	0	0	0	0	11741531	
639	1	B	7	N	2500	0	40	74	130	15	9	5	0	0	0	0	0	0	0	0	0	0	0	0	11742217	
640	1	B	7	N	2500	0	40	150	336	49	25	17	0	0	0	0	0	0	0	0	0	0	0	0	11742217	
641	1	B	7	N	2500	0	40	21	19	2	1	1	0	0	0	0	0	0	0	0	0	0	0	0	11742342	
642	1	B	7	N	2500	0	40	128	748	50	28	20	0	0	0	0	0	0	0	0	0	0	0	0	11742638	
643	1	B	7	N	2500	0	40	20	20	0	0	0	0	0	0	0	0	0	0	0	0	0	0	0	11743418	
644	1	B	7	N	2500	0	40	225	651	45	22	17	0	0	0	0	0	0	0	0	0	0	0	0	11744229	
645	1	B	7	N	2500	0	40	142	585	48	25	18	0	0	0	0	0	0	0	0	0	0	0	0	11744432	
646	1	B	7	N	2500	0	40	159	394	19	12	8	0	0	0	0	0	0	0	0	0	0	0	0	11744541	
647	1	B	7	N	2500	0	40	174	618	49	26	21	0	0	0	0	0	0	0	0	0	0	0	0	11744682	
648	1	B	7	N	2500	0	40	109	550	35	17	14	0	0	0	0	0	0	0	0	0	0	0	0	11744697	
649	1	B	7	N	2500	0	40	167	575	56	30	20	0	0	0	0	0	0	0	0	0	0	0	0	11745259	
650	1	B	7	N	2500	0	40	148	407	25	14	11	0	0	0	0	0	0	0	0	0	0	0	0	11745821	
651	1	B	7	N	2500	0	40	133	532	29	15	13	0	0	0	0	0	0	0	0	0	0	0	0	11746382	
652	1	B	7	N	2500	0	40	21	41	12	13	19	0	0	0	0	0	0	0	0	0	0	0	0	11747069	
653	1	B	7	N	2500	0	40	259	998	67	33	26	0	0	0	0	0	0	0	0	0	0	0	0	11747303	
654	1	B	7	N	2500	0	40	328	866	65	32	25	0	0	0	0	0	0	0	0	0	0	0	0	11748083	
655	1	C	7	N	2500	0	40	31	58	11	14	17	0	0	0	0	0	0	0	0	0	0	0	0	11756210	
656	1	C	7	N	2500	0	40	171	677	38	22	15	0	0	0	0	0	0	0	0	0	0	0	0	11756709	
657	1	C	7	N	2500	0	40	170	642	43	22	15	0	0	0	0	0	0	0	0	0	0	0	0	11756959	
658	1	C	7	N	2500	0	40	20	28	1	1	1	0	0	0	0	0	0	0	0	0	0	0	0	11757068	
659	1	C	7	N	2500	0	40	102	504	27	17	12	0	0	0	0	0	0	0	0	0	0	0	0	11757427	
660	1	C	7	N	2500	0	40	265	760	52	25	20	0	0	0	0	0	0	0	0	0	0	0	0	11758191	
661	1	C	7	N	2500	0	40	118	452	23	14	9	0	0	0	0	0	0	0	0	0	0	0	0	11758238	
662	1	C	7	N	2500	0	40	176	504	30	18	14	0	0	0	0	0	0	0	0	0	0	0	0	11758316	
663	1	C	7	N	2500	0	40	162	398	24	9	6	0	0	0	0	0	0	0	0	0	0	0	0	11758628	
664	1	C	7	N	2500	0	40	241	922	68	34	24	0	0	0	0	0	0	0	0	0	0	0	0	11758753	
665	1	C	7	N	2500	0	40	124	491	37	18	12	0	0	0	0	0	0	0	0	0	0	0	0	11758925	
666	1	C	7	N	2500	0	40	154	439	28	13	8	0	0	0	0	0	0	0	0	0	0	0	0	11758925	
667	1	C	7	N	2500	0	40	247	626	33	14	11	0	0	0	0	0	0	0	0	0	0	0	0	11759736	
668	1	C	7	N	2500	0	40	198	538	34	19	14	0	0	0	0	0	0	0	0	0	0	0	0	11760500	
669	1	C	7	N	2500	0	40	161	420	29	11	8	0	0	0	0	0	0	0	0	0	0	0	0	11760547	
670	1	C	7	N	2500	0	40	166	521	28	16	14	0	0	0	0	0	0	0	0	0	0	0	0	11760578	
671	1	C	7	N	2500	0	40	149	580	34	18	14	0	0	0	0	0	0	0	0	0	0	0	0	11760578	
672	1	C	7	N	2500	0	40	243	548	34	16	12	0	0	0	0	0	0	0	0	0	0	0	0	11760687	
673	1	C	7	N	2500	0	40	157	489	31	15	13	0	0	0	0	0	0	0	0	0	0	0	0	11760906	
674	1	C	7	N	2500	0	40	172	523	34	17	13	0	0	0	0	0	0	0	0	0	0	0	0	11761249	
675	1	C	7	N	2500	0	40	109	451	28	15	9	0	0	0	0	0	0	0	0	0	0	0	0	11761296	
676	1	C	7	N	2500	0	40	177	559	32	17	13	0	0	0	0	0	0	0	0	0	0	0	0	11761608	
677	1	C	7	N	2500	0	40	266	683	37	20	15	0	0	0	0	0	0	0	0	0	0	0	0	11762107	
678	1	C	7	N	2500	0	40	121	506	33	17	12	0	0	0	0	0	0	0	0	0	0	0	0	11762169	
679	1	C	7	N	2500	0	40	147	509	31	15	11	0	0	0	0	0	0	0	0	0	0	0	0	11762216	
680	1	C	7	N	2500	0	40	185	553	33	17	14	0	0	0	0	0	0	0	0	0	0	0	0	11762325	
681	1	C	7	N	2500	0	40	196	665	46	22	18	0	0	0	0	0	0	0	0	0	0	0	0	11762357	
682	1	C	7	N	2500	0	40	185	490	31	17	12	0	0	0	0	0	0	0	0	0	0	0	0	11763137	
683	1	D	7	N	2500	0	40	43	52	4	2	3	0	0	0	0	0	0	0	0	0	0	0	0	11770874	
684	1	D	7	N	2500	0	40	55	101	11	6	5	0	0	0	0	0	0	0	0	0	0	0	0	11771405	
685	1	D	7	N	2500	0	40	257	546	39	15	10	0	0	0	0	0	0	0	0	0	0	0	0	11772372	
686	1	D	7	N	2500	0	40	102	424	23	15	11	0	0	0	0	0	0	0	0	0	0	0	0	11772809	
687	1	D	7	N	2500	0	40	182	424	24	12	10	0	0	0	0	0	0	0	0	0	0	0	0	11772949	
688	1	D	7	N	2500	0	40	185	407	18	11	7	0	0	0	0	0	0	0	0	0	0	0	0	11773027	
689	1	D	7	N	2500	0	40	155	485	26	14	9	0	0	0	0	0	0	0	0	0	0	0	0	11774041	
690	1	D	7	N	2500	0	40	151	371	24	11	10	0	0	0	0	0	0	0	0	0	0	0	0	11774166	
691	1	D	7	N	2500	0	40	156	492	32	17	14	0	0	0	0	0	0	0	0	0	0	0	0	11774275	
692	1	D	7	N	2500	0	40	196	529	36	18	15	0	0	0	0	0	0	0	0	0	0	0	0	11774369	
693	1	D	7	N	2500	0	40	133	484	27	14	11	0	0	0	0	0	0	0	0	0	0	0	0	11774883	
694	1	D	7	N	2500	0	40	133	313	14	8	7	0	0	0	0	0	0	0	0	0	0	0	0	11775960	
695	1	D	7	N	2500	0	40	260	689	43	17	14	0	0	0	0	0	0	0	0	0	0	0	0	11776319	
696	1	D	7	N	2500	0	40	21	20	1	1	0	0	0	0	0	0	0	0	0	0	0	0	0	11776771	
697	1	D	7	N	2500	0	40	204	570	32	17	12	0	0	0	0	0	0	0	0	0	0	0	0	11776787	
698	1	D	7	N	2500	0	40	88	390	21	11	9	0	0	0	0	0	0	0	0	0	0	0	0	11777067	
699	1	D	7	N	2500	0	40	226	635	40	18	12	0	0	0	0	0	0	0	0	0	0	0	0	11777208	
700	1	E	7	N	2500	0	40	145	207	12	5	6	0	0	0	0	0	0	0	0	0	0	0	0	11785803	
701	1	E	7	N	2500	0	40	85	293	12	7	7	0	0	0	0	0	0	0	0	0	0	0	0	11785850	
702	1	E	7	N	2500	0	40	48	64	2	1	2	0	0	0	0	0	0	0	0	0	0	0	0	11786069	
703	1	E	7	N	2500	0	40	139	236	10	5	6	0	0	0	0	0	0	0	0	0	0	0	0	11786381	
704	1	E	7	N	2500	0	40	42	47	1	1	1	0	0	0	0	0	0	0	0	0	0	0	0	11786412	
705	1	E	7	N	2500	0	40	20	34	2	1	2	0	0	0	0	0	0	0	0	0	0	0	0	11786615	
706	1	E	7	N	2500	0	40	31	56	13	17	21	0	0	0	0	0	0	0	0	0	0	0	0	11786802	
707	1	E	7	N	2500	0	40	170	310	18	8	5	0	0	0	0	0	0	0	0	0	0	0	0	11787067	
708	1	E	7	N	2500	0	40	84	275	10	6	8	0	0	0	0	0	0	0	0	0	0	0	0	11787098	
709	1	E	7	N	2500	0	40	84	288	11	7	5	0	0	0	0	0	0	0	0	0	0	0	0	11787114	
710	1	E	7	N	2500	0	40	137	281	14	7	7	0	0	0	0	0	0	0	0	0	0	0	0	11788299	
711	1	E	7	N	2500	0	40	158	279	13	7	6	0	0	0	0	0	0	0	0	0	0	0	0	11788627	
712	1	E	7	N	2500	0	40	127	220	9	6	6	0	0	0	0	0	0	0	0	0	0	0	0	11788689	
713	1	E	7	N	2500	0	40	112	222	9	5	6	0	0	0	0	0	0	0	0	0	0	0	0	11788861	
714	1	E	7	N	2500	0	40	118	210	11	6	5	0	0	0	0	0	0	0	0	0	0	0	0	11788877	
715	1	E	7	N	2500	0	40	147	255	10	5	5	0	0	0	0	0	0	0	0	0	0	0	0	11789157	
716	1	E	7	N	2500	0	40	90	323	16	9	8	0	0	0	0	0	0	0	0	0	0	0	0	11789594	
717	1	E	7	N	2500	0	40	42	51	2	1	1	0	0	0	0	0	0	0	0	0	0	0	0	11789610	
718	1	E	7	N	2500	0	40	145	311	12	7	5	0	0	0	0	0	0	0	0	0	0	0	0	11789625	
719	1	E	7	N	2500	0	40	165	305	15	9	10	0	0	0	0	0	0	0	0	0	0	0	0	11789922	
720	1	E	7	N	2500	0	40	84	301	13	9	6	0	0	0	0	0	0	0	0	0	0	0	0	11790047	
721	1	E	7	N	2500	0	40	201	526	26	12	11	0	0	0	0	0	0	0	0	0	0	0	0	11790187	
722	1	E	7	N	2500	0	40	153	264	9	5	6	0	0	0	0	0	0	0	0	0	0	0	0	11790327	
723	1	E	7	N	2500	0	40	128	238	9	6	5	0	0	0	0	0	0	0	0	0	0	0	0	11790452	
724	1	E	7	N	2500	0	40	78	272	12	6	5	0	0	0	0	0	0	0	0	0	0	0	0	11790546	
725	1	E	7	N	2500	0	40	138	201	8	5	6	0	0	0	0	0	0	0	0	0	0	0	0	11790577	
726	1	E	7	N	2500	0	40	134	288	11	7	4	0	0	0	0	0	0	0	0	0	0	0	0	11790608	
727	1	E	7	N	2500	0	40	27	56	7	3	2	0	0	0	0	0	0	0	0	0	0	0	0	11790920	
728	1	E	7	N	2500	0	40	174	286	11	5	3	0	0	0	0	0	0	0	0	0	0	0	0	11791404	
729	1	E	7	N	2500	0	40	148	363	17	10	6	0	0	0	0	0	0	0	0	0	0	0	0	11791497	
730	1	E	7	N	2500	0	40	55	70	2	1	1	0	0	0	0	0	0	0	0	0	0	0	0	11791513	
731	1	E	7	N	2500	0	40	126	252	12	7	7	0	0	0	0	0	0	0	0	0	0	0	0	11791560	
732	1	F	7	N	2500	0	40	183	301	14	6	5	0	0	0	0	0	0	0	0	0	0	0	0	11799875	
733	1	F	7	N	2500	0	40	171	273	10	6	7	0	0	0	0	0	0	0	0	0	0	0	0	11799984	
734	1	F	7	N	2500	0	40	138	216	10	6	4	0	0	0	0	0	0	0	0	0	0	0	0	11800904	
735	1	F	7	N	2500	0	40	90	184	8	5	3	0	0	0	0	0	0	0	0	0	0	0	0	11801029	
736	1	F	7	N	2500	0	40	123	278	14	7	5	0	0	0	0	0	0	0	0	0	0	0	0	11801060	
737	1	F	7	N	2500	0	40	132	191	8	4	4	0	0	0	0	0	0	0	0	0	0	0	0	11801279	
738	1	F	7	N	2500	0	40	165	278	9	7	6	0	0	0	0	0	0	0	0	0	0	0	0	11801481	
739	1	F	7	N	2500	0	40	188	304	12	7	5	0	0	0	0	0	0	0	0	0	0	0	0	11801481	
740	1	F	7	N	2500	0	40	153	244	15	7	6	0	0	0	0	0	0	0	0	0	0	0	0	11801731	
741	1	F	7	N	2500	0	40	166	300	11	7	6	0	0	0	0	0	0	0	0	0	0	0	0	11801825	
742	1	F	7	N	2500	0	40	184	332	12	8	5	0	0	0	0	0	0	0	0	0	0	0	0	11801871	
743	1	F	7	N	2500	0	40	46	85	4	3	2	0	0	0	0	0	0	0	0	0	0	0	0	11801918	
744	1	F	7	N	2500	0	40	92	120	14	8	6	0	0	0	0	0	0	0	0	0	0	0	0	11802168	
745	1	F	7	N	2500	0	40	81	182	7	5	5	0	0	0	0	0	0	0	0	0	0	0	0	11803010	
746	1	F	7	N	2500	0	40	182	309	16	6	5	0	0	0	0	0	0	0	0	0	0	0	0	11803026	
747	1	F	7	N	2500	0	40	39	99	3	2	2	0	0	0	0	0	0	0	0	0	0	0	0	11803229	
748	1	F	7	N	2500	0	40	158	261	12	6	7	0	0	0	0	0	0	0	0	0	0	0	0	11803899	
749	1	F	7	N	2500	0	40	141	234	12	6	5	0	0	0	0	0	0	0	0	0	0	0	0	11803899	
750	1	F	7	N	2500	0	40	144	213	9	5	6	0	0	0	0	0	0	0	0	0	0	0	0	11803899	
751	1	F	7	N	2500	0	40	50	49	1	1	1	0	0	0	0	0	0	0	0	0	0	0	0	11804102	
752	1	F	7	N	2500	0	40	123	186	8	5	4	0	0	0	0	0	0	0	0	0	0	0	0	11804196	
753	1	F	7	N	2500	0	40	66	79	4	4	5	0	0	0	0	0	0	0	0	0	0	0	0	11804243	
754	1	F	7	N	2500	0	40	171	353	15	8	5	0	0	0	0	0	0	0	0	0	0	0	0	11804258	
755	1	F	7	N	2500	0	40	146	245	11	7	4	0	0	0	0	0	0	0	0	0	0	0	0	11804555	
756	1	F	7	N	2500	0	40	99	186	10	6	7	0	0	0	0	0	0	0	0	0	0	0	0	11805132	
757	1	F	7	N	2500	0	40	54	159	23	21	18	0	0	0	0	0	0	0	0	0	0	0	0	11805522	
758	1	F	7	N	2500	0	40	126	191	7	5	5	0	0	0	0	0	0	0	0	0	0	0	0	11805584	
759	1	F	7	N	2500	0	40	117	178	6	4	5	0	0	0	0	0	0	0	0	0	0	0	0	11805756	
760	1	F	7	N	2500	0	40	48	164	33	33	36	0	0	0	0	0	0	0	0	0	0	0	0	11805896	
761	1	F	7	N	2500	0	40	139	193	7	4	3	0	0	0	0	0	0	0	0	0	0	0	0	11805927	
762	1	F	7	N	2500	0	40	67	84	10	5	3	0	0	0	0	0	0	0	0	0	0	0	0	11805927	
763	1	F	7	N	2500	0	40	145	246	11	7	6	0	0	0	0	0	0	0	0	0	0	0	0	11806489	
764	1	F	7	N	2500	0	40	48	84	8	4	4	0	0	0	0	0	0	0	0	0	0	0	0	11806676	
765	1	F	7	N	2500	0	40	115	213	7	5	5	0	0	0	0	0	0	0	0	0	0	0	0	11807035	
766	1	F	7	N	2500	0	40	106	170	19	11	10	0	0	0	0	0	0	0	0	0	0	0	0	11807082	
767	1	F	7	N	2500	0	40	47	100	12	7	4	0	0	0	0	0	0	0	0	0	0	0	0	11807082	
768	1	G	7	N	2500	0	40	132	225	9	6	7	0	0	0	0	0	0	0	0	0	0	0	0	11814679	
769	1	G	7	N	2500	0	40	147	229	10	5	4	0	0	0	0	0	0	0	0	0	0	0	0	11815022	
770	1	G	7	N	2500	0	40	61	72	1	1	2	0	0	0	0	0	0	0	0	0	0	0	0	11815319	
771	1	G	7	N	2500	0	40	80	73	2	2	1	0	0	0	0	0	0	0	0	0	0	0	0	11815381	
772	1	G	7	N	2500	0	40	53	97	3	2	1	0	0	0	0	0	0	0	0	0	0	0	0	11815506	
773	1	G	7	N	2500	0	40	81	96	2	2	1	0	0	0	0	0	0	0	0	0	0	0	0	11815662	
774	1	G	7	N	2500	0	40	83	102	3	1	2	0	0	0	0	0	0	0	0	0	0	0	0	11815896	
775	1	G	7	N	2500	0	40	25	67	2	1	1	0	0	0	0	0	0	0	0	0	0	0	0	11816067	
776	1	G	7	N	2500	0	40	178	316	11	6	4	0	0	0	0	0	0	0	0	0	0	0	0	11816130	
777	1	G	7	N	2500	0	40	150	261	10	7	7	0	0	0	0	0	0	0	0	0	0	0	0	11816286	
778	1	G	7	N	2500	0	40	33	90	2	1	1	0	0	0	0	0	0	0	0	0	0	0	0	11816411	
779	1	G	7	N	2500	0	40	52	59	2	1	0	0	0	0	0	0	0	0	0	0	0	0	0	11816676	
780	1	G	7	N	2500	0	40	71	101	3	1	1	0	0	0	0	0	0	0	0	0	0	0	0	11816707	
781	1	G	7	N	2500	0	40	24	33	1	0	0	0	0	0	0	0	0	0	0	0	0	0	0	11817019	
782	1	G	7	N	2500	0	40	37	35	1	1	0	0	0	0	0	0	0	0	0	0	0	0	0	11817097	
783	1	G	7	N	2500	0	40	64	71	3	0	1	0	0	0	0	0	0	0	0	0	0	0	0	11817877	
784	1	G	7	N	2500	0	40	58	103	2	1	1	0	0	0	0	0	0	0	0	0	0	0	0	11818049	
785	1	G	7	N	2500	0	40	73	98	2	2	2	0	0	0	0	0	0	0	0	0	0	0	0	11818641	
786	1	G	7	N	2500	0	40	61	79	2	1	1	0	0	0	0	0	0	0	0	0	0	0	0	11819078	
787	1	G	7	N	2500	0	40	46	63	2	1	2	0	0	0	0	0	0	0	0	0	0	0	0	11819219	
788	1	G	7	N	2500	0	40	72	82	2	1	0	0	0	0	0	0	0	0	0	0	0	0	0	11819562	
789	1	G	7	N	2500	0	40	48	107	4	2	2	0	0	0	0	0	0	0	0	0	0	0	0	11820061	
790	1	G	7	N	2500	0	40	77	77	2	1	1	0	0	0	0	0	0	0	0	0	0	0	0	11820139	
791	1	G	7	N	2500	0	40	79	105	2	1	1	0	0	0	0	0	0	0	0	0	0	0	0	11820654	
792	1	G	7	N	2500	0	40	80	92	2	2	3	0	0	0	0	0	0	0	0	0	0	0	0	11820701	
793	1	G	7	N	2500	0	40	84	114	3	1	1	0	0	0	0	0	0	0	0	0	0	0	0	11821559	
794	1	A	8	N	2500	0	40	79	378	29	15	11	0	0	0	0	0	0	0	0	0	0	0	0	11831355	
795	1	A	8	N	2500	0	40	31	91	16	17	24	0	0	0	0	0	0	0	0	0	0	0	0	11833259	
796	1	B	8	N	2500	0	40	31	29	5	2	2	0	0	0	0	0	0	0	0	0	0	0	0	11847205	
797	1	C	8	N	2500	0	40	68	135	7	5	6	0	0	0	0	0	0	0	0	0	0	0	0	11863726	
798	1	C	8	N	2500	0	40	38	46	2	1	2	0	0	0	0	0	0	0	0	0	0	0	0	11863726	
799	1	D	8	N	2500	0	40	273	641	31	17	14	0	0	0	0	0	0	0	0	0	0	0	0	11876736	
800	1	D	8	N	2500	0	40	227	679	35	21	16	0	0	0	0	0	0	0	0	0	0	0	0	11879731	
801	1	D	8	N	2500	0	40	237	539	45	15	10	0	0	0	0	0	0	0	0	0	0	0	0	11880964	
802	1	E	8	N	2500	0	40	246	673	34	18	13	0	0	0	0	0	0	0	0	0	0	0	0	11889076	
803	1	E	8	N	2500	0	40	120	344	17	10	7	0	0	0	0	0	0	0	0	0	0	0	0	11889887	
804	1	E	8	N	2500	0	40	66	269	14	8	6	0	0	0	0	0	0	0	0	0	0	0	0	11893397	
805	1	E	8	N	2500	0	40	28	24	1	1	0	0	0	0	0	0	0	0	0	0	0	0	0	11893756	
806	1	E	8	N	2500	0	40	27	26	1	0	0	0	0	0	0	0	0	0	0	0	0	0	0	11893943	
807	1	E	8	N	2500	0	40	174	378	20	9	6	0	0	0	0	0	0	0	0	0	0	0	0	11894224	
808	1	E	8	N	2500	0	40	145	467	27	17	12	0	0	0	0	0	0	0	0	0	0	0	0	11895752	
809	1	F	8	N	2500	0	40	48	99	14	2	3	0	0	0	0	0	0	0	0	0	0	0	0	11904488	
810	1	F	8	N	2500	0	40	134	270	12	7	6	0	0	0	0	0	0	0	0	0	0	0	0	11906501	
811	1	F	8	N	2500	0	40	46	91	4	3	4	0	0	0	0	0	0	0	0	0	0	0	0	11906501	
812	1	F	8	N	2500	0	40	43	89	5	3	4	0	0	0	0	0	0	0	0	0	0	0	0	11906501	
813	1	F	8	N	2500	0	40	61	173	11	7	6	0	0	0	0	0	0	0	0	0	0	0	0	11906501	
814	1	F	8	N	2500	0	40	26	30	2	1	0	0	0	0	0	0	0	0	0	0	0	0	0	11906501	
815	1	F	8	N	2500	0	40	67	167	12	8	5	0	0	0	0	0	0	0	0	0	0	0	0	11906610	
816	1	F	8	N	2500	0	40	110	286	14	8	7	0	0	0	0	0	0	0	0	0	0	0	0	11908513	
817	1	F	8	N	2500	0	40	128	317	12	7	5	0	0	0	0	0	0	0	0	0	0	0	0	11908700	
818	1	F	8	N	2500	0	40	25	25	1	0	1	0	0	0	0	0	0	0	0	0	0	0	0	11909418	
819	1	F	8	N	2500	0	40	23	31	2	0	1	0	0	0	0	0	0	0	0	0	0	0	0	11909496	
820	1	F	8	N	2500	0	40	105	316	14	8	7	0	0	0	0	0	0	0	0	0	0	0	0	11909512	
821	1	F	8	N	2500	0	40	166	328	13	5	3	0	0	0	0	0	0	0	0	0	0	0	0	11910338	
822	1	A	9	N	2500	0	40	260	1006	86	39	26	0	0	0	0	0	0	0	0	0	0	0	0	11934768	
823	1	A	9	N	2500	0	40	178	195	2	1	2	0	0	0	0	0	0	0	0	0	0	0	0	11935501	
824	1	A	9	N	2500	0	40	915	2766	38	16	17	0	0	0	0	0	0	0	0	0	0	0	0	11935501	
825	1	A	9	N	2500	0	40	20	16	0	0	0	0	0	0	0	0	0	0	0	0	0	0	0	11935501	
826	1	A	9	N	2500	0	40	299	952	55	28	19	0	0	0	0	0	0	0	0	0	0	0	0	11935688	
827	1	A	9	N	2500	0	40	342	1074	76	43	39	0	0	0	0	0	0	0	0	0	0	0	0	11936250	
828	1	A	9	N	2500	0	40	146	975	94	43	31	0	0	0	0	0	0	0	0	0	0	0	0	11936765	
829	1	A	9	N	2500	0	40	223	673	39	22	17	0	0	0	0	0	0	0	0	0	0	0	0	11936843	
830	1	A	9	N	2500	0	40	191	934	85	39	25	0	0	0	0	0	0	0	0	0	0	0	0	11936952	
831	1	A	9	N	2500	0	40	238	1117	74	39	26	0	0	0	0	0	0	0	0	0	0	0	0	11937358	
832	1	A	9	N	2500	0	40	244	1081	78	37	27	0	0	0	0	0	0	0	0	0	0	0	0	11937826	
833	1	A	9	N	2500	0	40	53	74	3	2	3	0	0	0	0	0	0	0	0	0	0	0	0	11938138	
834	1	A	9	N	2500	0	40	24	23	1	0	1	0	0	0	0	0	0	0	0	0	0	0	0	11938153	
835	1	A	9	N	2500	0	40	223	693	48	26	21	0	0	0	0	0	0	0	0	0	0	0	0	11938153	
836	1	A	9	N	2500	0	40	182	768	66	33	24	0	0	0	0	0	0	0	0	0	0	0	0	11938855	
837	1	A	9	N	2500	0	40	341	1263	96	45	33	0	0	0	0	0	0	0	0	0	0	0	0	11938964	
838	1	A	9	N	2500	0	40	255	811	53	28	19	0	0	0	0	0	0	0	0	0	0	0	0	11939198	
839	1	A	9	N	2500	0	40	190	891	72	35	25	0	0	0	0	0	0	0	0	0	0	0	0	11939339	
840	1	A	9	N	2500	0	40	256	1258	103	50	35	0	0	0	0	0	0	0	0	0	0	0	0	11939401	
841	1	A	9	N	2500	0	40	241	1073	76	39	30	0	0	0	0	0	0	0	0	0	0	0	0	11939963	
842	1	A	9	N	2500	0	40	41	70	2	2	2	0	0	0	0	0	0	0	0	0	0	0	0	11940119	
843	1	B	9	N	2500	0	40	240	844	54	25	18	0	0	0	0	0	0	0	0	0	0	0	0	11949635	
844	1	B	9	N	2500	0	40	22	28	0	0	1	0	0	0	0	0	0	0	0	0	0	0	0	11950883	
845	1	B	9	N	2500	0	40	165	752	41	24	14	0	0	0	0	0	0	0	0	0	0	0	0	11951850	
846	1	B	9	N	2500	0	40	243	985	73	32	21	0	0	0	0	0	0	0	0	0	0	0	0	11953394	
847	1	B	9	N	2500	0	40	226	774	58	31	22	0	0	0	0	0	0	0	0	0	0	0	0	11954081	
848	1	B	9	N	2500	0	40	136	616	32	16	11	0	0	0	0	0	0	0	0	0	0	0	0	11954814	
849	1	B	9	N	2500	0	40	250	858	46	27	17	0	0	0	0	0	0	0	0	0	0	0	0	11955282	
850	1	C	9	N	2500	0	40	255	705	48	23	13	0	0	0	0	0	0	0	0	0	0	0	0	11963441	
851	1	C	9	N	2500	0	40	29	46	3	3	2	0	0	0	0	0	0	0	0	0	0	0	0	11964315	
852	1	C	9	N	2500	0	40	214	902	60	28	19	0	0	0	0	0	0	0	0	0	0	0	0	11965157	
853	1	C	9	N	2500	0	40	33	113	2	0	0	0	0	0	0	0	0	0	0	0	0	0	0	11965297	
854	1	C	9	N	2500	0	40	161	859	63	31	22	0	0	0	0	0	0	0	0	0	0	0	0	11967279	
855	1	C	9	N	2500	0	40	50	92	4	4	4	0	0	0	0	0	0	0	0	0	0	0	0	11967513	
856	1	C	9	N	2500	0	40	27	27	1	0	1	0	0	0	0	0	0	0	0	0	0	0	0	11967513	
857	1	C	9	N	2500	0	40	215	977	64	32	20	0	0	0	0	0	0	0	0	0	0	0	0	11968761	
858	1	C	9	N	2500	0	40	20	22	1	0	0	0	0	0	0	0	0	0	0	0	0	0	0	11969291	
859	1	C	9	N	2500	0	40	142	630	38	20	14	0	0	0	0	0	0	0	0	0	0	0	0	11969712	
860	1	C	9	N	2500	0	40	31	43	2	1	1	0	0	0	0	0	0	0	0	0	0	0	0	11969884	
861	1	C	9	N	2500	0	40	46	60	3	2	2	0	0	0	0	0	0	0	0	0	0	0	0	11969977	
862	1	C	9	N	2500	0	40	65	86	4	2	3	0	0	0	0	0	0	0	0	0	0	0	0	11969977	
863	1	D	9	N	2500	0	40	170	565	29	15	10	0	0	0	0	0	0	0	0	0	0	0	0	11977902	
864	1	D	9	N	2500	0	40	238	656	37	18	14	0	0	0	0	0	0	0	0	0	0	0	0	11981303	
865	1	D	9	N	2500	0	40	109	279	14	8	6	0	0	0	0	0	0	0	0	0	0	0	0	11981568	
866	1	D	9	N	2500	0	40	218	524	30	14	13	0	0	0	0	0	0	0	0	0	0	0	0	11981880	
867	1	D	9	N	2500	0	40	221	555	28	14	9	0	0	0	0	0	0	0	0	0	0	0	0	11982161	
868	1	D	9	N	2500	0	40	131	551	37	18	12	0	0	0	0	0	0	0	0	0	0	0	0	11982645	
869	1	D	9	N	2500	0	40	190	474	29	14	13	0	0	0	0	0	0	0	0	0	0	0	0	11982847	
870	1	D	9	N	2500	0	40	190	519	30	17	12	0	0	0	0	0	0	0	0	0	0	0	0	11983565	
871	1	D	9	N	2500	0	40	255	714	39	18	12	0	0	0	0	0	0	0	0	0	0	0	0	11983565	
872	1	D	9	N	2500	0	40	165	695	37	19	13	0	0	0	0	0	0	0	0	0	0	0	0	11983830	
873	1	D	9	N	2500	0	40	274	719	38	16	16	0	0	0	0	0	0	0	0	0	0	0	0	11984969	
874	1	D	9	N	2500	0	40	26	46	2	2	2	0	0	0	0	0	0	0	0	0	0	0	0	11985078	
875	1	E	9	N	2500	0	40	103	366	19	13	7	0	0	0	0	0	0	0	0	0	0	0	0	11992644	
876	1	E	9	N	2500	0	40	142	378	19	10	6	0	0	0	0	0	0	0	0	0	0	0	0	11993362	
877	1	E	9	N	2500	0	40	156	325	14	8	5	0	0	0	0	0	0	0	0	0	0	0	0	11993502	
878	1	E	9	N	2500	0	40	20	32	2	1	2	0	0	0	0	0	0	0	0	0	0	0	0	11993611	
879	1	E	9	N	2500	0	40	235	584	32	16	13	0	0	0	0	0	0	0	0	0	0	0	0	11993861	
880	1	E	9	N	2500	0	40	114	359	16	9	7	0	0	0	0	0	0	0	0	0	0	0	0	11995327	
881	1	E	9	N	2500	0	40	110	309	12	8	7	0	0	0	0	0	0	0	0	0	0	0	0	11995873	
882	1	E	9	N	2500	0	40	21	23	2	0	0	0	0	0	0	0	0	0	0	0	0	0	0	11996201	
883	1	E	9	N	2500	0	40	103	339	14	8	7	0	0	0	0	0	0	0	0	0	0	0	0	11996607	
884	1	E	9	N	2500	0	40	140	308	11	6	5	0	0	0	0	0	0	0	0	0	0	0	0	11996653	
885	1	E	9	N	2500	0	40	111	436	25	13	10	0	0	0	0	0	0	0	0	0	0	0	0	11997168	
886	1	E	9	N	2500	0	40	99	377	16	9	9	0	0	0	0	0	0	0	0	0	0	0	0	11997215	
887	1	E	9	N	2500	0	40	261	659	32	15	12	0	0	0	0	0	0	0	0	0	0	0	0	11997231	
888	1	E	9	N	2500	0	40	196	419	17	9	8	0	0	0	0	0	0	0	0	0	0	0	0	11997511	
889	1	E	9	N	2500	0	40	196	486	19	11	10	0	0	0	0	0	0	0	0	0	0	0	0	11997621	
890	1	E	9	N	2500	0	40	23	25	2	1	0	0	0	0	0	0	0	0	0	0	0	0	0	11998588	
891	1	F	9	N	2500	0	40	135	329	17	8	7	0	0	0	0	0	0	0	0	0	0	0	0	12007246	
892	1	F	9	N	2500	0	40	21	20	1	0	0	0	0	0	0	0	0	0	0	0	0	0	0	12009087	
893	1	F	9	N	2500	0	40	71	253	10	5	4	0	0	0	0	0	0	0	0	0	0	0	0	12011489	
894	1	F	9	N	2500	0	40	29	65	7	6	5	0	0	0	0	0	0	0	0	0	0	0	0	12011817	
895	1	F	9	N	2500	0	40	132	263	12	7	5	0	0	0	0	0	0	0	0	0	0	0	0	12014219	
896	1	F	9	N	2500	0	40	49	146	8	6	5	0	0	0	0	0	0	0	0	0	0	0	0	12014453	
897	1	G	9	N	2500	0	40	27	60	13	13	16	0	0	0	0	0	0	0	0	0	0	0	0	12023766	
898	1	A	10	N	2500	0	40	174	1014	83	37	28	0	0	0	0	0	0	0	0	0	0	0	0	12038758	
899	1	A	10	N	2500	0	40	247	995	70	32	23	0	0	0	0	0	0	0	0	0	0	0	0	12039007	
900	1	A	10	N	2500	0	40	328	1150	83	38	23	0	0	0	0	0	0	0	0	0	0	0	0	12039413	
901	1	A	10	N	2500	0	40	250	861	57	32	26	0	0	0	0	0	0	0	0	0	0	0	0	12039725	
902	1	A	10	N	2500	0	40	140	796	56	29	20	0	0	0	0	0	0	0	0	0	0	0	0	12040287	
903	1	A	10	N	2500	0	40	143	539	29	15	10	0	0	0	0	0	0	0	0	0	0	0	0	12040521	
904	1	A	10	N	2500	0	40	216	665	36	21	14	0	0	0	0	0	0	0	0	0	0	0	0	12040583	
905	1	A	10	N	2500	0	40	271	1197	82	41	32	0	0	0	0	0	0	0	0	0	0	0	0	12040645	
906	1	A	10	N	2500	0	40	274	871	62	30	25	0	0	0	0	0	0	0	0	0	0	0	0	12040739	
907	1	A	10	N	2500	0	40	29	69	9	9	9	0	0	0	0	0	0	0	0	0	0	0	0	12040739	
908	1	A	10	N	2500	0	40	278	953	64	32	22	0	0	0	0	0	0	0	0	0	0	0	0	12041269	
909	1	A	10	N	2500	0	40	223	886	81	38	30	0	0	0	0	0	0	0	0	0	0	0	0	12041410	
910	1	A	10	N	2500	0	40	28	58	5	5	5	0	0	0	0	0	0	0	0	0	0	0	0	12041722	
911	1	A	10	N	2500	0	40	211	1203	91	39	30	0	0	0	0	0	0	0	0	0	0	0	0	12041909	
912	1	A	10	N	2500	0	40	302	1203	87	45	32	0	0	0	0	0	0	0	0	0	0	0	0	12042174	
913	1	A	10	N	2500	0	40	27	30	1	0	1	0	0	0	0	0	0	0	0	0	0	0	0	12043173	
914	1	A	10	N	2500	0	40	289	664	36	20	15	0	0	0	0	0	0	0	0	0	0	0	0	12043219	
915	1	A	10	N	2500	0	40	153	842	74	39	27	0	0	0	0	0	0	0	0	0	0	0	0	12043282	
916	1	A	10	N	2500	0	40	152	576	31	21	17	0	0	0	0	0	0	0	0	0	0	0	0	12043329	
917	1	A	10	N	2500	0	40	301	1183	81	38	26	0	0	0	0	0	0	0	0	0	0	0	0	12043843	
918	1	A	10	N	2500	0	40	228	960	76	38	26	0	0	0	0	0	0	0	0	0	0	0	0	12043890	
919	1	A	10	N	2500	0	40	223	1205	87	41	32	0	0	0	0	0	0	0	0	0	0	0	0	12044421	
920	1	B	10	N	2500	0	40	219	1036	73	33	24	0	0	0	0	0	0	0	0	0	0	0	0	12052720	
921	1	B	10	N	2500	0	40	233	1248	99	44	29	0	0	0	0	0	0	0	0	0	0	0	0	12052782	
922	1	B	10	N	2500	0	40	232	803	49	25	20	0	0	0	0	0	0	0	0	0	0	0	0	12053063	
923	1	B	10	N	2500	0	40	54	83	9	3	2	0	0	0	0	0	0	0	0	0	0	0	0	12053079	
924	1	B	10	N	2500	0	40	88	257	25	5	3	0	0	0	0	0	0	0	0	0	0	0	0	12053079	
925	1	B	10	N	2500	0	40	30	52	6	1	1	0	0	0	0	0	0	0	0	0	0	0	0	12053578	
926	1	B	10	N	2500	0	40	218	965	77	32	21	0	0	0	0	0	0	0	0	0	0	0	0	12053983	
927	1	B	10	N	2500	0	40	144	555	35	22	16	0	0	0	0	0	0	0	0	0	0	0	0	12054015	
928	1	B	10	N	2500	0	40	224	925	75	36	26	0	0	0	0	0	0	0	0	0	0	0	0	12054514	
929	1	B	10	N	2500	0	40	207	1186	95	43	29	0	0	0	0	0	0	0	0	0	0	0	0	12054514	
930	1	B	10	N	2500	0	40	375	1113	91	40	26	0	0	0	0	0	0	0	0	0	0	0	0	12054623	
931	1	B	10	N	2500	0	40	21	18	1	0	1	0	0	0	0	0	0	0	0	0	0	0	0	12054748	
932	1	B	10	N	2500	0	40	268	935	56	30	20	0	0	0	0	0	0	0	0	0	0	0	0	12054748	
933	1	B	10	N	2500	0	40	25	34	1	1	1	0	0	0	0	0	0	0	0	0	0	0	0	12056292	
934	1	B	10	N	2500	0	40	386	1183	75	36	26	0	0	0	0	0	0	0	0	0	0	0	0	12056370	
935	1	B	10	N	2500	0	40	98	274	14	10	6	0	0	0	0	0	0	0	0	0	0	0	0	12056651	
936	1	B	10	N	2500	0	40	20	31	6	7	7	0	0	0	0	0	0	0	0	0	0	0	0	12056698	
937	1	B	10	N	2500	0	40	331	1170	78	39	29	0	0	0	0	0	0	0	0	0	0	0	0	12056854	
938	1	B	10	N	2500	0	40	59	119	10	4	5	0	0	0	0	0	0	0	0	0	0	0	0	12056947	
939	1	B	10	N	2500	0	40	366	1281	103	41	32	0	0	0	0	0	0	0	0	0	0	0	0	12057275	
940	1	B	10	N	2500	0	40	294	1031	72	37	28	0	0	0	0	0	0	0	0	0	0	0	0	12057493	
941	1	B	10	N	2500	0	40	259	898	66	31	23	0	0	0	0	0	0	0	0	0	0	0	0	12057587	
942	1	B	10	N	2500	0	40	300	836	55	25	17	0	0	0	0	0	0	0	0	0	0	0	0	12057712	
943	1	B	10	N	2500	0	40	191	985	65	33	22	0	0	0	0	0	0	0	0	0	0	0	0	12057837	
944	1	B	10	N	2500	0	40	157	1019	68	39	26	0	0	0	0	0	0	0	0	0	0	0	0	12058336	
945	1	B	10	N	2500	0	40	27	37	4	2	3	0	0	0	0	0	0	0	0	0	0	0	0	12059007	
946	1	B	10	N	2500	0	40	275	921	51	28	22	0	0	0	0	0	0	0	0	0	0	0	0	12059053	
947	1	B	10	N	2500	0	40	27	25	2	0	1	0	0	0	0	0	0	0	0	0	0	0	0	12059147	
948	1	B	10	N	2500	0	40	293	1143	87	44	30	0	0	0	0	0	0	0	0	0	0	0	0	12059272	
949	1	C	10	N	2500	0	40	37	48	4	2	2	0	0	0	0	0	0	0	0	0	0	0	0	12067150	
950	1	C	10	N	2500	0	40	28	27	3	1	1	0	0	0	0	0	0	0	0	0	0	0	0	12067306	
951	1	C	10	N	2500	0	40	95	175	9	5	7	0	0	0	0	0	0	0	0	0	0	0	0	12068055	
952	1	C	10	N	2500	0	40	22	24	2	1	1	0	0	0	0	0	0	0	0	0	0	0	0	12068164	
953	1	C	10	N	2500	0	40	20	18	0	1	1	0	0	0	0	0	0	0	0	0	0	0	0	12068304	
954	1	C	10	N	2500	0	40	25	49	3	3	2	0	0	0	0	0	0	0	0	0	0	0	0	12068991	
955	1	C	10	N	2500	0	40	253	879	55	28	20	0	0	0	0	0	0	0	0	0	0	0	0	12069349	
956	1	C	10	N	2500	0	40	162	721	42	22	17	0	0	0	0	0	0	0	0	0	0	0	0	12069568	
957	1	C	10	N	2500	0	40	259	934	60	29	22	0	0	0	0	0	0	0	0	0	0	0	0	12070098	
958	1	C	10	N	2500	0	40	309	1082	87	39	30	0	0	0	0	0	0	0	0	0	0	0	0	12070520	
959	1	C	10	N	2500	0	40	43	45	2	2	4	0	0	0	0	0	0	0	0	0	0	0	0	12070956	
960	1	C	10	N	2500	0	40	246	828	50	26	17	0	0	0	0	0	0	0	0	0	0	0	0	12071362	
961	1	C	10	N	2500	0	40	100	552	32	15	10	0	0	0	0	0	0	0	0	0	0	0	0	12072594	
962	1	C	10	N	2500	0	40	238	786	62	26	16	0	0	0	0	0	0	0	0	0	0	0	0	12072860	
963	1	C	10	N	2500	0	40	224	838	58	30	21	0	0	0	0	0	0	0	0	0	0	0	0	12073156	
964	1	C	10	N	2500	0	40	24	27	2	1	1	0	0	0	0	0	0	0	0	0	0	0	0	12073624	
965	1	D	10	N	2500	0	40	58	73	3	1	2	0	0	0	0	0	0	0	0	0	0	0	0	12081814	
966	1	D	10	N	2500	0	40	26	51	21	24	35	0	0	0	0	0	0	0	0	0	0	0	0	12082454	
967	1	D	10	N	2500	0	40	168	635	38	20	14	0	0	0	0	0	0	0	0	0	0	0	0	12082454	
968	1	D	10	N	2500	0	40	216	575	29	16	11	0	0	0	0	0	0	0	0	0	0	0	0	12082625	
969	1	D	10	N	2500	0	40	240	638	33	18	15	0	0	0	0	0	0	0	0	0	0	0	0	12082688	
970	1	D	10	N	2500	0	40	146	651	33	20	13	0	0	0	0	0	0	0	0	0	0	0	0	12084622	
971	1	D	10	N	2500	0	40	165	255	15	6	4	0	0	0	0	0	0	0	0	0	0	0	0	12084700	
972	1	D	10	N	2500	0	40	171	348	24	9	7	0	0	0	0	0	0	0	0	0	0	0	0	12084700	
973	1	D	10	N	2500	0	40	167	524	29	16	9	0	0	0	0	0	0	0	0	0	0	0	0	12084934	
974	1	D	10	N	2500	0	40	32	45	1	0	0	0	0	0	0	0	0	0	0	0	0	0	0	12085324	
975	1	D	10	N	2500	0	40	248	641	34	15	12	0	0	0	0	0	0	0	0	0	0	0	0	12086572	
976	1	D	10	N	2500	0	40	162	366	24	9	8	0	0	0	0	0	0	0	0	0	0	0	0	12086962	
977	1	D	10	N	2500	0	40	243	999	74	38	26	0	0	0	0	0	0	0	0	0	0	0	0	12086978	
978	1	E	10	N	2500	0	40	139	417	23	13	9	0	0	0	0	0	0	0	0	0	0	0	0	12096618	
979	1	E	10	N	2500	0	40	25	27	2	0	1	0	0	0	0	0	0	0	0	0	0	0	0	12097617	
980	1	E	10	N	2500	0	40	140	311	14	9	5	0	0	0	0	0	0	0	0	0	0	0	0	12098069	
981	1	E	10	N	2500	0	40	171	438	32	12	10	0	0	0	0	0	0	0	0	0	0	0	0	12098787	
982	1	E	10	N	2500	0	40	22	20	1	1	1	0	0	0	0	0	0	0	0	0	0	0	0	12099380	
983	1	E	10	N	2500	0	40	100	446	23	12	7	0	0	0	0	0	0	0	0	0	0	0	0	12099598	
984	1	E	10	N	2500	0	40	90	416	19	11	6	0	0	0	0	0	0	0	0	0	0	0	0	12100191	
985	1	E	10	N	2500	0	40	27	29	2	0	1	0	0	0	0	0	0	0	0	0	0	0	0	12101735	
986	1	E	10	N	2500	0	40	210	619	29	18	12	0	0	0	0	0	0	0	0	0	0	0	0	12103077	
987	1	F	10	N	2500	0	40	188	320	14	7	6	0	0	0	0	0	0	0	0	0	0	0	0	12112718	
988	1	F	10	N	2500	0	40	158	253	11	7	3	0	0	0	0	0	0	0	0	0	0	0	0	12112874	
989	1	F	10	N	2500	0	40	158	261	12	6	6	0	0	0	0	0	0	0	0	0	0	0	0	12113716	
990	1	F	10	N	2500	0	40	174	297	12	6	7	0	0	0	0	0	0	0	0	0	0	0	0	12115494	
991	1	F	10	N	2500	0	40	136	334	21	11	9	0	0	0	0	0	0	0	0	0	0	0	0	12117257	
992	1	F	10	N	2500	0	40	177	308	13	6	4	0	0	0	0	0	0	0	0	0	0	0	0	12117273	
993	1	F	10	N	2500	0	40	154	416	25	11	8	0	0	0	0	0	0	0	0	0	0	0	0	12117413	
994	1	G	10	N	2500	0	40	25	23	1	1	2	0	0	0	0	0	0	0	0	0	0	0	0	12125478	
995	1	G	10	N	2500	0	40	31	56	3	1	2	0	0	0	0	0	0	0	0	0	0	0	0	12126118	
996	1	A	11	N	2500	0	40	303	925	63	32	22	0	0	0	0	0	0	0	0	0	0	0	0	12141125	
997	1	A	11	N	2500	0	40	264	886	59	30	23	0	0	0	0	0	0	0	0	0	0	0	0	12142560	
998	1	A	11	N	2500	0	40	244	876	56	30	19	0	0	0	0	0	0	0	0	0	0	0	0	12142576	
999	1	A	11	N	2500	0	40	269	1047	92	44	31	0	0	0	0	0	0	0	0	0	0	0	0	12142888	
1000	1	A	11	N	2500	0	40	244	879	57	32	22	0	0	0	0	0	0	0	0	0	0	0	0	12142904	
1001	1	A	11	N	2500	0	40	207	1016	81	40	28	0	0	0	0	0	0	0	0	0	0	0	0	12143028	
1002	1	A	11	N	2500	0	40	270	650	36	20	17	0	0	0	0	0	0	0	0	0	0	0	0	12143216	
1003	1	A	11	N	2500	0	40	27	43	7	8	10	0	0	0	0	0	0	0	0	0	0	0	0	12143434	
1004	1	A	11	N	2500	0	40	190	604	35	20	16	0	0	0	0	0	0	0	0	0	0	0	0	12143590	
1005	1	A	11	N	2500	0	40	242	882	52	27	21	0	0	0	0	0	0	0	0	0	0	0	0	12143606	
1006	1	A	11	N	2500	0	40	215	758	42	24	19	0	0	0	0	0	0	0	0	0	0	0	0	12143793	
1007	1	A	11	N	2500	0	40	24	52	1	0	1	0	0	0	0	0	0	0	0	0	0	0	0	12144058	
1008	1	A	11	N	2500	0	40	227	1107	92	40	30	0	0	0	0	0	0	0	0	0	0	0	0	12144198	
1009	1	A	11	N	2500	0	40	229	788	41	23	19	0	0	0	0	0	0	0	0	0	0	0	0	12144448	
1010	1	A	11	N	2500	0	40	186	587	48	27	21	0	0	0	0	0	0	0	0	0	0	0	0	12144479	
1011	1	A	11	N	2500	0	40	317	1025	80	34	25	0	0	0	0	0	0	0	0	0	0	0	0	12144542	
1012	1	A	11	N	2500	0	40	38	41	1	1	1	0	0	0	0	0	0	0	0	0	0	0	0	12144994	
1013	1	A	11	N	2500	0	40	215	624	29	16	13	0	0	0	0	0	0	0	0	0	0	0	0	12144994	
1014	1	A	11	N	2500	0	40	222	933	59	31	21	0	0	0	0	0	0	0	0	0	0	0	0	12145056	
1015	1	A	11	N	2500	0	40	169	782	52	26	18	0	0	0	0	0	0	0	0	0	0	0	0	12145306	
1016	1	A	11	N	2500	0	40	234	918	68	34	22	0	0	0	0	0	0	0	0	0	0	0	0	12145322	
1017	1	A	11	N	2500	0	40	179	690	43	28	24	0	0	0	0	0	0	0	0	0	0	0	0	12145478	
1018	1	A	11	N	2500	0	40	26	28	1	2	3	0	0	0	0	0	0	0	0	0	0	0	0	12145618	
1019	1	A	11	N	2500	0	40	33	56	2	1	2	0	0	0	0	0	0	0	0	0	0	0	0	12145743	
1020	1	A	11	N	2500	0	40	45	44	4	3	4	0	0	0	0	0	0	0	0	0	0	0	0	12145992	
1021	1	A	11	N	2500	0	40	261	1025	82	41	25	0	0	0	0	0	0	0	0	0	0	0	0	12146164	
1022	1	A	11	N	2500	0	40	315	1021	64	34	25	0	0	0	0	0	0	0	0	0	0	0	0	12146242	
1023	1	A	11	N	2500	0	40	169	917	61	29	20	0	0	0	0	0	0	0	0	0	0	0	0	12146336	
1024	1	A	11	N	2500	0	40	206	893	67	34	27	0	0	0	0	0	0	0	0	0	0	0	0	12146382	
1025	1	A	11	N	2500	0	40	244	1039	80	40	23	0	0	0	0	0	0	0	0	0	0	0	0	12146414	
1026	1	A	11	N	2500	0	40	230	626	42	23	20	0	0	0	0	0	0	0	0	0	0	0	0	12146507	
1027	1	A	11	N	2500	0	40	310	959	57	28	20	0	0	0	0	0	0	0	0	0	0	0	0	12146554	
1028	1	A	11	N	2500	0	40	21	28	0	0	0	0	0	0	0	0	0	0	0	0	0	0	0	12146726	
1029	1	A	11	N	2500	0	40	213	901	60	33	23	0	0	0	0	0	0	0	0	0	0	0	0	12146757	
1030	1	A	11	N	2500	0	40	164	584	32	20	16	0	0	0	0	0	0	0	0	0	0	0	0	12147365	
1031	1	A	11	N	2500	0	40	293	1120	96	43	33	0	0	0	0	0	0	0	0	0	0	0	0	12147428	
1032	1	A	11	N	2500	0	40	321	1077	65	33	25	0	0	0	0	0	0	0	0	0	0	0	0	12147724	
1033	1	B	11	N	2500	0	40	269	861	52	27	18	0	0	0	0	0	0	0	0	0	0	0	0	12155898	
1034	1	B	11	N	2500	0	40	287	949	65	31	21	0	0	0	0	0	0	0	0	0	0	0	0	12156351	
1035	1	B	11	N	2500	0	40	41	61	5	4	5	0	0	0	0	0	0	0	0	0	0	0	0	12156616	
1036	1	B	11	N	2500	0	40	192	648	47	24	18	0	0	0	0	0	0	0	0	0	0	0	0	12156663	
1037	1	B	11	N	2500	0	40	139	406	18	11	9	0	0	0	0	0	0	0	0	0	0	0	0	12157146	
1038	1	B	11	N	2500	0	40	199	507	30	14	12	0	0	0	0	0	0	0	0	0	0	0	0	12157412	
1039	1	B	11	N	2500	0	40	291	820	54	26	20	0	0	0	0	0	0	0	0	0	0	0	0	12157973	
1040	1	B	11	N	2500	0	40	28	39	2	1	1	0	0	0	0	0	0	0	0	0	0	0	0	12157973	
1041	1	B	11	N	2500	0	40	26	37	2	1	2	0	0	0	0	0	0	0	0	0	0	0	0	12158020	
1042	1	B	11	N	2500	0	40	28	25	2	1	0	0	0	0	0	0	0	0	0	0	0	0	0	12158379	
1043	1	B	11	N	2500	0	40	208	900	65	28	24	0	0	0	0	0	0	0	0	0	0	0	0	12158550	
1044	1	B	11	N	2500	0	40	24	37	1	1	1	0	0	0	0	0	0	0	0	0	0	0	0	12158722	
1045	1	B	11	N	2500	0	40	257	879	56	30	21	0	0	0	0	0	0	0	0	0	0	0	0	12158800	
1046	1	B	11	N	2500	0	40	210	933	71	37	24	0	0	0	0	0	0	0	0	0	0	0	0	12158847	
1047	1	B	11	N	2500	0	40	239	730	42	19	13	0	0	0	0	0	0	0	0	0	0	0	0	12158847	
1048	1	B	11	N	2500	0	40	180	585	35	19	14	0	0	0	0	0	0	0	0	0	0	0	0	12159003	
1049	1	B	11	N	2500	0	40	177	638	36	17	14	0	0	0	0	0	0	0	0	0	0	0	0	12159424	
1050	1	B	11	N	2500	0	40	270	1078	64	33	24	0	0	0	0	0	0	0	0	0	0	0	0	12159533	
1051	1	B	11	N	2500	0	40	48	114	8	6	6	0	0	0	0	0	0	0	0	0	0	0	0	12159720	
1052	1	B	11	N	2500	0	40	163	771	44	24	18	0	0	0	0	0	0	0	0	0	0	0	0	12159845	
1053	1	B	11	N	2500	0	40	284	1046	66	39	34	0	0	0	0	0	0	0	0	0	0	0	0	12159986	
1054	1	B	11	N	2500	0	40	24	42	7	7	8	0	0	0	0	0	0	0	0	0	0	0	0	12160048	
1055	1	B	11	N	2500	0	40	313	886	54	28	18	0	0	0	0	0	0	0	0	0	0	0	0	12160079	
1056	1	B	11	N	2500	0	40	31	37	2	1	1	0	0	0	0	0	0	0	0	0	0	0	0	12160407	
1057	1	B	11	N	2500	0	40	312	871	54	25	18	0	0	0	0	0	0	0	0	0	0	0	0	12160812	
1058	1	B	11	N	2500	0	40	29	44	4	4	4	0	0	0	0	0	0	0	0	0	0	0	0	12160844	
1059	1	B	11	N	2500	0	40	243	733	45	24	18	0	0	0	0	0	0	0	0	0	0	0	0	12161499	
1060	1	B	11	N	2500	0	40	120	582	31	16	10	0	0	0	0	0	0	0	0	0	0	0	0	12161624	
1061	1	B	11	N	2500	0	40	170	801	50	25	19	0	0	0	0	0	0	0	0	0	0	0	0	12161858	
1062	1	B	11	N	2500	0	40	22	20	1	1	2	0	0	0	0	0	0	0	0	0	0	0	0	12162107	
1063	1	B	11	N	2500	0	40	36	96	6	5	5	0	0	0	0	0	0	0	0	0	0	0	0	12162419	
1064	1	B	11	N	2500	0	40	243	1008	65	32	21	0	0	0	0	0	0	0	0	0	0	0	0	12162606	
1065	1	C	11	N	2500	0	40	233	516	33	15	11	0	0	0	0	0	0	0	0	0	0	0	0	12170765	
1066	1	C	11	N	2500	0	40	215	758	70	34	22	0	0	0	0	0	0	0	0	0	0	0	0	12171264	
1067	1	C	11	N	2500	0	40	47	83	2	1	1	0	0	0	0	0	0	0	0	0	0	0	0	12171264	
1068	1	C	11	N	2500	0	40	185	494	27	16	11	0	0	0	0	0	0	0	0	0	0	0	0	12171467	
1069	1	C	11	N	2500	0	40	46	77	6	0	1	0	0	0	0	0	0	0	0	0	0	0	0	12171592	
1070	1	C	11	N	2500	0	40	228	874	55	26	16	0	0	0	0	0	0	0	0	0	0	0	0	12173074	
1071	1	C	11	N	2500	0	40	64	108	6	4	4	0	0	0	0	0	0	0	0	0	0	0	0	12173495	
1072	1	C	11	N	2500	0	40	75	214	11	9	11	0	0	0	0	0	0	0	0	0	0	0	0	12173495	
1073	1	C	11	N	2500	0	40	143	509	40	19	15	0	0	0	0	0	0	0	0	0	0	0	0	12173526	
1074	1	C	11	N	2500	0	40	183	725	67	32	24	0	0	0	0	0	0	0	0	0	0	0	0	12174057	
1075	1	C	11	N	2500	0	40	131	643	35	22	17	0	0	0	0	0	0	0	0	0	0	0	0	12174088	
1076	1	C	11	N	2500	0	40	52	169	14	11	13	0	0	0	0	0	0	0	0	0	0	0	0	12174088	
1077	1	C	11	N	2500	0	40	146	510	31	16	13	0	0	0	0	0	0	0	0	0	0	0	0	12174213	
1078	1	C	11	N	2500	0	40	235	919	58	29	21	0	0	0	0	0	0	0	0	0	0	0	0	12174213	
1079	1	C	11	N	2500	0	40	174	797	52	26	21	0	0	0	0	0	0	0	0	0	0	0	0	12174260	
1080	1	C	11	N	2500	0	40	185	611	46	24	18	0	0	0	0	0	0	0	0	0	0	0	0	12174322	
1081	1	C	11	N	2500	0	40	21	29	8	11	26	0	0	0	0	0	0	0	0	0	0	0	0	12174369	
1082	1	C	11	N	2500	0	40	120	523	23	15	11	0	0	0	0	0	0	0	0	0	0	0	0	12174462	
1083	1	C	11	N	2500	0	40	21	21	2	2	1	0	0	0	0	0	0	0	0	0	0	0	0	12174759	
1084	1	C	11	N	2500	0	40	246	753	38	21	14	0	0	0	0	0	0	0	0	0	0	0	0	12175601	
1085	1	C	11	N	2500	0	40	230	782	41	21	17	0	0	0	0	0	0	0	0	0	0	0	0	12176178	
1086	1	C	11	N	2500	0	40	256	644	32	18	15	0	0	0	0	0	0	0	0	0	0	0	0	12176334	
1087	1	C	11	N	2500	0	40	253	705	41	19	13	0	0	0	0	0	0	0	0	0	0	0	0	12176584	
1088	1	C	11	N	2500	0	40	48	95	6	4	5	0	0	0	0	0	0	0	0	0	0	0	0	12176974	
1089	1	C	11	N	2500	0	40	104	497	29	16	12	0	0	0	0	0	0	0	0	0	0	0	0	12177068	
1090	1	D	11	N	2500	0	40	184	391	19	10	9	0	0	0	0	0	0	0	0	0	0	0	0	12186365	
1091	1	D	11	N	2500	0	40	44	39	0	0	1	0	0	0	0	0	0	0	0	0	0	0	0	12187613	
1092	1	D	11	N	2500	0	40	783	2375	31	17	16	0	0	0	0	0	0	0	0	0	0	0	0	12187613	
1093	1	D	11	N	2500	0	40	166	513	26	18	11	0	0	0	0	0	0	0	0	0	0	0	0	12188269	
1094	1	D	11	N	2500	0	40	134	529	39	17	11	0	0	0	0	0	0	0	0	0	0	0	0	12188986	
1095	1	D	11	N	2500	0	40	208	420	18	9	6	0	0	0	0	0	0	0	0	0	0	0	0	12191108	
1096	1	D	11	N	2500	0	40	33	31	1	1	1	0	0	0	0	0	0	0	0	0	0	0	0	12192231	
1097	1	D	11	N	2500	0	40	41	48	1	2	2	0	0	0	0	0	0	0	0	0	0	0	0	12192231	
1098	1	D	11	N	2500	0	40	170	832	63	29	20	0	0	0	0	0	0	0	0	0	0	0	0	12192247	
1099	1	E	11	N	2500	0	40	111	318	20	10	8	0	0	0	0	0	0	0	0	0	0	0	0	12203104	
1100	1	E	11	N	2500	0	40	38	51	5	2	1	0	0	0	0	0	0	0	0	0	0	0	0	12203775	
1101	1	E	11	N	2500	0	40	125	396	18	10	6	0	0	0	0	0	0	0	0	0	0	0	0	12204415	
1102	1	E	11	N	2500	0	40	24	25	2	1	1	0	0	0	0	0	0	0	0	0	0	0	0	12205507	
1103	1	E	11	N	2500	0	40	214	526	26	14	10	0	0	0	0	0	0	0	0	0	0	0	0	12205756	
1104	1	E	11	N	2500	0	40	108	440	21	11	8	0	0	0	0	0	0	0	0	0	0	0	0	12206536	
1105	1	E	11	N	2500	0	40	133	235	15	6	3	0	0	0	0	0	0	0	0	0	0	0	0	12206755	
1106	1	E	11	N	2500	0	40	93	290	11	6	5	0	0	0	0	0	0	0	0	0	0	0	0	12207020	
1107	1	F	11	N	2500	0	40	165	280	12	4	6	0	0	0	0	0	0	0	0	0	0	0	0	12215896	
1108	1	F	11	N	2500	0	40	94	263	12	6	4	0	0	0	0	0	0	0	0	0	0	0	0	12216255	
1109	1	F	11	N	2500	0	40	168	722	268	337	434	0	0	0	0	0	0	0	0	0	0	0	0	12216941	
1110	1	F	11	N	2500	0	40	28	58	4	4	4	0	0	0	0	0	0	0	0	0	0	0	0	12216941	
1111	1	F	11	N	2500	0	40	99	231	9	6	5	0	0	0	0	0	0	0	0	0	0	0	0	12217144	
1112	1	F	11	N	2500	0	40	158	308	17	7	6	0	0	0	0	0	0	0	0	0	0	0	0	12217565	
1113	1	F	11	N	2500	0	40	73	205	7	4	3	0	0	0	0	0	0	0	0	0	0	0	0	12219016	
1114	1	F	11	N	2500	0	40	28	54	5	4	4	0	0	0	0	0	0	0	0	0	0	0	0	12219281	
1115	1	F	11	N	2500	0	40	87	319	14	8	4	0	0	0	0	0	0	0	0	0	0	0	0	12219359	
1116	1	F	11	N	2500	0	40	124	354	15	9	4	0	0	0	0	0	0	0	0	0	0	0	0	12219890	
1117	1	F	11	N	2500	0	40	48	47	5	2	2	0	0	0	0	0	0	0	0	0	0	0	0	12220295	
1118	1	F	11	N	2500	0	40	148	245	9	5	3	0	0	0	0	0	0	0	0	0	0	0	0	12220311	
1119	1	F	11	N	2500	0	40	184	357	12	6	5	0	0	0	0	0	0	0	0	0	0	0	0	12220826	
1120	1	F	11	N	2500	0	40	20	19	1	0	0	0	0	0	0	0	0	0	0	0	0	0	0	12221465	
1121	1	F	11	N	2500	0	40	22	24	1	0	0	0	0	0	0	0	0	0	0	0	0	0	0	12221497	
1122	1	A	12	N	2500	0	40	25	48	15	18	24	0	0	0	0	0	0	0	0	0	0	0	0	12245630	
1123	1	A	12	N	2500	0	40	153	337	17	9	6	0	0	0	0	0	0	0	0	0	0	0	0	12246878	
1124	1	A	12	N	2500	0	40	154	933	57	32	25	0	0	0	0	0	0	0	0	0	0	0	0	12247377	
1125	1	A	12	N	2500	0	40	251	613	31	17	14	0	0	0	0	0	0	0	0	0	0	0	0	12247814	
1126	1	A	12	N	2500	0	40	20	22	1	0	1	0	0	0	0	0	0	0	0	0	0	0	0	12249109	
1127	1	A	12	N	2500	0	40	183	729	64	33	27	0	0	0	0	0	0	0	0	0	0	0	0	12249327	
1128	1	A	12	N	2500	0	40	224	1049	76	37	25	0	0	0	0	0	0	0	0	0	0	0	0	12249967	
1129	1	A	12	N	2500	0	40	22	40	10	13	14	0	0	0	0	0	0	0	0	0	0	0	0	12250918	
1130	1	A	12	N	2500	0	40	188	958	55	29	21	0	0	0	0	0	0	0	0	0	0	0	0	12251308	
1131	1	B	12	N	2500	0	40	303	869	50	28	17	0	0	0	0	0	0	0	0	0	0	0	0	12261495	
1132	1	B	12	N	2500	0	40	217	654	37	20	15	0	0	0	0	0	0	0	0	0	0	0	0	12261589	
1133	1	B	12	N	2500	0	40	28	26	1	1	2	0	0	0	0	0	0	0	0	0	0	0	0	12261807	
1134	1	B	12	N	2500	0	40	209	1123	70	34	27	0	0	0	0	0	0	0	0	0	0	0	0	12262634	
1135	1	B	12	N	2500	0	40	22	42	12	14	17	0	0	0	0	0	0	0	0	0	0	0	0	12263039	
1136	1	B	12	N	2500	0	40	206	883	74	38	29	0	0	0	0	0	0	0	0	0	0	0	0	12263975	
1137	1	B	12	N	2500	0	40	43	99	10	6	6	0	0	0	0	0	0	0	0	0	0	0	0	12264709	
1138	1	C	12	N	2500	0	40	207	513	34	18	11	0	0	0	0	0	0	0	0	0	0	0	0	12274209	
1139	1	C	12	N	2500	0	40	224	637	39	19	12	0	0	0	0	0	0	0	0	0	0	0	0	12275395	
1140	1	C	12	N	2500	0	40	205	673	50	25	17	0	0	0	0	0	0	0	0	0	0	0	0	12276814	
1141	1	C	12	N	2500	0	40	192	653	40	20	14	0	0	0	0	0	0	0	0	0	0	0	0	12277641	
1142	1	C	12	N	2500	0	40	232	835	51	30	19	0	0	0	0	0	0	0	0	0	0	0	0	12278359	
1143	1	C	12	N	2500	0	40	31	65	6	6	4	0	0	0	0	0	0	0	0	0	0	0	0	12278593	
1144	1	C	12	N	2500	0	40	26	43	4	5	4	0	0	0	0	0	0	0	0	0	0	0	0	12278827	
1145	1	C	12	N	2500	0	40	226	524	26	15	9	0	0	0	0	0	0	0	0	0	0	0	0	12279638	
1146	1	C	12	N	2500	0	40	277	863	57	27	17	0	0	0	0	0	0	0	0	0	0	0	0	12280480	
1147	1	C	12	N	2500	0	40	191	957	58	29	18	0	0	0	0	0	0	0	0	0	0	0	0	12280714	
1148	1	C	12	N	2500	0	40	211	801	48	24	17	0	0	0	0	0	0	0	0	0	0	0	0	12281026	
1149	1	D	12	N	2500	0	40	127	504	28	13	8	0	0	0	0	0	0	0	0	0	0	0	0	12289622	
1150	1	D	12	N	2500	0	40	197	563	27	14	11	0	0	0	0	0	0	0	0	0	0	0	0	12290043	
1151	1	D	12	N	2500	0	40	138	569	29	18	12	0	0	0	0	0	0	0	0	0	0	0	0	12290573	
1152	1	D	12	N	2500	0	40	206	505	32	15	13	0	0	0	0	0	0	0	0	0	0	0	0	12291400	
1153	1	D	12	N	2500	0	40	282	746	47	22	14	0	0	0	0	0	0	0	0	0	0	0	0	12291478	
1154	1	D	12	N	2500	0	40	147	608	41	17	14	0	0	0	0	0	0	0	0	0	0	0	0	12292118	
1155	1	D	12	N	2500	0	40	151	663	45	21	16	0	0	0	0	0	0	0	0	0	0	0	0	12292274	
1156	1	D	12	N	2500	0	40	200	625	48	19	15	0	0	0	0	0	0	0	0	0	0	0	0	12293241	
1157	1	D	12	N	2500	0	40	49	50	4	2	3	0	0	0	0	0	0	0	0	0	0	0	0	12293303	
1158	1	D	12	N	2500	0	40	83	137	9	6	7	0	0	0	0	0	0	0	0	0	0	0	0	12293303	
1159	1	D	12	N	2500	0	40	167	657	33	19	12	0	0	0	0	0	0	0	0	0	0	0	0	12294037	
1160	1	D	12	N	2500	0	40	232	669	42	20	13	0	0	0	0	0	0	0	0	0	0	0	0	12294255	
1161	1	D	12	N	2500	0	40	47	43	5	2	1	0	0	0	0	0	0	0	0	0	0	0	0	12294598	
1162	1	D	12	N	2500	0	40	56	90	2	1	1	0	0	0	0	0	0	0	0	0	0	0	0	12294926	
1163	1	D	12	N	2500	0	40	22	23	1	2	2	0	0	0	0	0	0	0	0	0	0	0	0	12295051	
1164	1	E	12	N	2500	0	40	129	435	21	11	10	0	0	0	0	0	0	0	0	0	0	0	0	12304411	
1165	1	E	12	N	2500	0	40	97	327	11	6	4	0	0	0	0	0	0	0	0	0	0	0	0	12304582	
1166	1	E	12	N	2500	0	40	129	481	26	13	9	0	0	0	0	0	0	0	0	0	0	0	0	12304738	
1167	1	E	12	N	2500	0	40	60	149	36	44	51	0	0	0	0	0	0	0	0	0	0	0	0	12304832	
1168	1	E	12	N	2500	0	40	180	279	12	5	5	0	0	0	0	0	0	0	0	0	0	0	0	12304957	
1169	1	E	12	N	2500	0	40	176	535	29	14	11	0	0	0	0	0	0	0	0	0	0	0	0	12305706	
1170	1	E	12	N	2500	0	40	224	492	27	13	9	0	0	0	0	0	0	0	0	0	0	0	0	12305846	
1171	1	E	12	N	2500	0	40	140	319	16	8	6	0	0	0	0	0	0	0	0	0	0	0	0	12306189	
1172	1	E	12	N	2500	0	40	26	43	3	2	2	0	0	0	0	0	0	0	0	0	0	0	0	12306205	
1173	1	E	12	N	2500	0	40	203	478	22	12	8	0	0	0	0	0	0	0	0	0	0	0	0	12306844	
1174	1	E	12	N	2500	0	40	193	383	16	8	8	0	0	0	0	0	0	0	0	0	0	0	0	12306938	
1175	1	E	12	N	2500	0	40	114	442	21	12	8	0	0	0	0	0	0	0	0	0	0	0	0	12307905	
1176	1	E	12	N	2500	0	40	108	433	23	11	8	0	0	0	0	0	0	0	0	0	0	0	0	12308139	
1177	1	E	12	N	2500	0	40	203	439	22	12	8	0	0	0	0	0	0	0	0	0	0	0	0	12308326	
1178	1	E	12	N	2500	0	40	281	547	31	14	12	0	0	0	0	0	0	0	0	0	0	0	0	12308389	
1179	1	F	12	N	2500	0	40	86	352	16	9	7	0	0	0	0	0	0	0	0	0	0	0	0	12317796	
1180	1	F	12	N	2500	0	40	199	303	13	6	5	0	0	0	0	0	0	0	0	0	0	0	0	12318357	
1181	1	F	12	N	2500	0	40	107	345	11	7	5	0	0	0	0	0	0	0	0	0	0	0	0	12318919	
1182	1	F	12	N	2500	0	40	120	294	12	7	4	0	0	0	0	0	0	0	0	0	0	0	0	12319028	
1183	1	F	12	N	2500	0	40	108	307	12	6	5	0	0	0	0	0	0	0	0	0	0	0	0	12319028	
1184	1	F	12	N	2500	0	40	135	353	15	8	6	0	0	0	0	0	0	0	0	0	0	0	0	12319090	
1185	1	F	12	N	2500	0	40	124	384	17	8	7	0	0	0	0	0	0	0	0	0	0	0	0	12319122	
1186	1	F	12	N	2500	0	40	146	309	15	9	6	0	0	0	0	0	0	0	0	0	0	0	0	12319636	
1187	1	F	12	N	2500	0	40	100	314	16	9	7	0	0	0	0	0	0	0	0	0	0	0	0	12320931	
1188	1	F	12	N	2500	0	40	182	381	23	10	8	0	0	0	0	0	0	0	0	0	0	0	0	12321477	
1189	1	F	12	N	2500	0	40	113	305	12	7	6	0	0	0	0	0	0	0	0	0	0	0	0	12321571	
1190	1	F	12	N	2500	0	40	193	372	16	9	6	0	0	0	0	0	0	0	0	0	0	0	0	12321602	
1191	1	F	12	N	2500	0	40	138	363	18	8	5	0	0	0	0	0	0	0	0	0	0	0	0	12322132	
1192	1	F	12	N	2500	0	40	246	481	27	11	10	0	0	0	0	0	0	0	0	0	0	0	0	12322164	
1193	1	F	12	N	2500	0	40	186	352	15	7	5	0	0	0	0	0	0	0	0	0	0	0	0	12322460	
1194	1	F	12	N	2500	0	40	167	327	14	7	7	0	0	0	0	0	0	0	0	0	0	0	0	12322585	
1195	1	F	12	N	2500	0	40	107	359	17	9	6	0	0	0	0	0	0	0	0	0	0	0	0	12322678	
1196	1	F	12	N	2500	0	40	98	323	13	7	4	0	0	0	0	0	0	0	0	0	0	0	0	12322710	
1197	1	F	12	N	2500	0	40	211	367	13	6	7	0	0	0	0	0	0	0	0	0	0	0	0	12322803	
1198	1	F	12	N	2500	0	40	169	261	8	5	4	0	0	0	0	0	0	0	0	0	0	0	0	12323630	
1199	1	F	12	N	2500	0	40	182	387	21	9	7	0	0	0	0	0	0	0	0	0	0	0	0	12323895	
1200	1	F	12	N	2500	0	40	24	41	6	6	4	0	0	0	0	0	0	0	0	0	0	0	0	12323911	
1201	1	F	12	N	2500	0	40	163	325	12	7	4	0	0	0	0	0	0	0	0	0	0	0	0	12324004	
1202	1	F	12	N	2500	0	40	163	439	20	12	6	0	0	0	0	0	0	0	0	0	0	0	0	12324254	
1203	1	F	12	N	2500	0	40	126	316	17	9	6	0	0	0	0	0	0	0	0	0	0	0	0	12324488	
1204	1	F	12	N	2500	0	40	22	44	7	5	4	0	0	0	0	0	0	0	0	0	0	0	0	12324504	
1205	1	F	12	N	2500	0	40	24	34	1	1	1	0	0	0	0	0	0	0	0	0	0	0	0	12324504	
1206	1	F	12	N	2500	0	40	22	43	9	8	9	0	0	0	0	0	0	0	0	0	0	0	0	12324504	
1207	1	G	12	N	2500	0	40	36	59	2	1	0	0	0	0	0	0	0	0	0	0	0	0	0	12332647	


Threshold source: EXT,  value 50
Min TOF = 20
EXT signal gain 2.0
Green signal gain 3.0
Yellow signal gain 3.0
Red signal gain 3.0
Green PMT voltage 600
Yellow PMT voltage 600
Red PMT voltage 700
Signal multipliers: 5.0,5.0,5.0,5.0
C:\Users\unionbio\Desktop\COPAS Templates\USE for analysis.csv